   985
     1   1.1000000000000000e+01   1.0000000000000000e+00
     2   1.0000000000000000e+01   1.0000000000000000e+00
     3   9.0000000000000000e+00   1.0000000000000000e+00
     4   8.0000000000000000e+00   1.0000000000000000e+00
     5   7.0000000000000000e+00   1.0000000000000000e+00
     6   6.0000000000000000e+00   1.0000000000000000e+00
     7   5.0000000000000000e+00   1.0000000000000000e+00
     8   4.0000000000000000e+00   1.0000000000000000e+00
     9   3.0000000000000000e+00   1.0000000000000000e+00
    10   2.0000000000000000e+00   1.0000000000000000e+00
    11   1.0000000000000000e+00   1.0000000000000000e+00
    12   2.0000000000000000e+00   1.0000000000000000e+00
    13   3.0000000000000000e+00   1.0000000000000000e+00
    14   4.0000000000000000e+00   1.0000000000000000e+00
    15   5.0000000000000000e+00   1.0000000000000000e+00
    16   6.0000000000000000e+00   1.0000000000000000e+00
    17   7.0000000000000000e+00   1.0000000000000000e+00
    18   8.0000000000000000e+00   1.0000000000000000e+00
    19   9.0000000000000000e+00   1.0000000000000000e+00
    20   1.0000000000000000e+01   1.0000000000000000e+00
    21   1.1000000000000000e+01   1.0000000000000000e+00
    22   1.1000000000000000e+01   1.0000000000000000e-04
    23   1.0000000000000000e+01   1.0000000000000000e+00
    24   9.0000000000000000e+00   1.0000000000000000e+00
    25   8.0000000000000000e+00   1.0000000000000000e+00
    26   7.0000000000000000e+00   1.0000000000000000e+00
    27   6.0000000000000000e+00   1.0000000000000000e+00
    28   5.0000000000000000e+00   1.0000000000000000e+00
    29   4.0000000000000000e+00   1.0000000000000000e+00
    30   3.0000000000000000e+00   1.0000000000000000e+00
    31   2.0000000000000000e+00   1.0000000000000000e+00
    32   1.0000000000000000e+00   1.0000000000000000e+00
    33   2.0000000000000000e+00   1.0000000000000000e+00
    34   3.0000000000000000e+00   1.0000000000000000e+00
    35   4.0000000000000000e+00   1.0000000000000000e+00
    36   5.0000000000000000e+00   1.0000000000000000e+00
    37   6.0000000000000000e+00   1.0000000000000000e+00
    38   7.0000000000000000e+00   1.0000000000000000e+00
    39   8.0000000000000000e+00   1.0000000000000000e+00
    40   9.0000000000000000e+00   1.0000000000000000e+00
    41   1.0000000000000000e+01   1.0000000000000000e+00
    42   1.1000000000000000e+01   1.0000000000000000e+00
    43   1.1000000000000000e+01   1.0000000000000000e-04
    44   1.0000000000000000e+01   1.0000000000000000e+00
    45   9.0000000000000000e+00   1.0000000000000000e+00
    46   8.0000000000000000e+00   1.0000000000000000e+00
    47   7.0000000000000000e+00   1.0000000000000000e+00
    48   6.0000000000000000e+00   1.0000000000000000e+00
    49   5.0000000000000000e+00   1.0000000000000000e+00
    50   4.0000000000000000e+00   1.0000000000000000e+00
    51   3.0000000000000000e+00   1.0000000000000000e+00
    52   2.0000000000000000e+00   1.0000000000000000e+00
    53   1.0000000000000000e+00   1.0000000000000000e+00
    54   2.0000000000000000e+00   1.0000000000000000e+00
    55   3.0000000000000000e+00   1.0000000000000000e+00
    56   4.0000000000000000e+00   1.0000000000000000e+00
    57   5.0000000000000000e+00   1.0000000000000000e+00
    58   6.0000000000000000e+00   1.0000000000000000e+00
    59   7.0000000000000000e+00   1.0000000000000000e+00
    60   8.0000000000000000e+00   1.0000000000000000e+00
    61   9.0000000000000000e+00   1.0000000000000000e+00
    62   1.0000000000000000e+01   1.0000000000000000e+00
    63   1.1000000000000000e+01   1.0000000000000000e+00
    64   1.1000000000000000e+01   1.0000000000000000e-04
    65   1.0000000000000000e+01   1.0000000000000000e+00
    66   9.0000000000000000e+00   1.0000000000000000e+00
    67   8.0000000000000000e+00   1.0000000000000000e+00
    68   7.0000000000000000e+00   1.0000000000000000e+00
    69   6.0000000000000000e+00   1.0000000000000000e+00
    70   5.0000000000000000e+00   1.0000000000000000e+00
    71   4.0000000000000000e+00   1.0000000000000000e+00
    72   3.0000000000000000e+00   1.0000000000000000e+00
    73   2.0000000000000000e+00   1.0000000000000000e+00
    74   1.0000000000000000e+00   1.0000000000000000e+00
    75   2.0000000000000000e+00   1.0000000000000000e+00
    76   3.0000000000000000e+00   1.0000000000000000e+00
    77   4.0000000000000000e+00   1.0000000000000000e+00
    78   5.0000000000000000e+00   1.0000000000000000e+00
    79   6.0000000000000000e+00   1.0000000000000000e+00
    80   7.0000000000000000e+00   1.0000000000000000e+00
    81   8.0000000000000000e+00   1.0000000000000000e+00
    82   9.0000000000000000e+00   1.0000000000000000e+00
    83   1.0000000000000000e+01   1.0000000000000000e+00
    84   1.1000000000000000e+01   1.0000000000000000e+00
    85   1.1000000000000000e+01   1.0000000000000000e-04
    86   1.0000000000000000e+01   1.0000000000000000e+00
    87   9.0000000000000000e+00   1.0000000000000000e+00
    88   8.0000000000000000e+00   1.0000000000000000e+00
    89   7.0000000000000000e+00   1.0000000000000000e+00
    90   6.0000000000000000e+00   1.0000000000000000e+00
    91   5.0000000000000000e+00   1.0000000000000000e+00
    92   4.0000000000000000e+00   1.0000000000000000e+00
    93   3.0000000000000000e+00   1.0000000000000000e+00
    94   2.0000000000000000e+00   1.0000000000000000e+00
    95   1.0000000000000000e+00   1.0000000000000000e+00
    96   2.0000000000000000e+00   1.0000000000000000e+00
    97   3.0000000000000000e+00   1.0000000000000000e+00
    98   4.0000000000000000e+00   1.0000000000000000e+00
    99   5.0000000000000000e+00   1.0000000000000000e+00
   100   6.0000000000000000e+00   1.0000000000000000e+00
   101   7.0000000000000000e+00   1.0000000000000000e+00
   102   8.0000000000000000e+00   1.0000000000000000e+00
   103   9.0000000000000000e+00   1.0000000000000000e+00
   104   1.0000000000000000e+01   1.0000000000000000e+00
   105   1.1000000000000000e+01   1.0000000000000000e+00
   106   1.1000000000000000e+01   1.0000000000000000e-04
   107   1.0000000000000000e+01   1.0000000000000000e+00
   108   9.0000000000000000e+00   1.0000000000000000e+00
   109   8.0000000000000000e+00   1.0000000000000000e+00
   110   7.0000000000000000e+00   1.0000000000000000e+00
   111   6.0000000000000000e+00   1.0000000000000000e+00
   112   5.0000000000000000e+00   1.0000000000000000e+00
   113   4.0000000000000000e+00   1.0000000000000000e+00
   114   3.0000000000000000e+00   1.0000000000000000e+00
   115   2.0000000000000000e+00   1.0000000000000000e+00
   116   1.0000000000000000e+00   1.0000000000000000e+00
   117   2.0000000000000000e+00   1.0000000000000000e+00
   118   3.0000000000000000e+00   1.0000000000000000e+00
   119   4.0000000000000000e+00   1.0000000000000000e+00
   120   5.0000000000000000e+00   1.0000000000000000e+00
   121   6.0000000000000000e+00   1.0000000000000000e+00
   122   7.0000000000000000e+00   1.0000000000000000e+00
   123   8.0000000000000000e+00   1.0000000000000000e+00
   124   9.0000000000000000e+00   1.0000000000000000e+00
   125   1.0000000000000000e+01   1.0000000000000000e+00
   126   1.1000000000000000e+01   1.0000000000000000e+00
   127   1.1000000000000000e+01   1.0000000000000000e-04
   128   1.0000000000000000e+01   1.0000000000000000e+00
   129   9.0000000000000000e+00   1.0000000000000000e+00
   130   8.0000000000000000e+00   1.0000000000000000e+00
   131   7.0000000000000000e+00   1.0000000000000000e+00
   132   6.0000000000000000e+00   1.0000000000000000e+00
   133   5.0000000000000000e+00   1.0000000000000000e+00
   134   4.0000000000000000e+00   1.0000000000000000e+00
   135   3.0000000000000000e+00   1.0000000000000000e+00
   136   2.0000000000000000e+00   1.0000000000000000e+00
   137   1.0000000000000000e+00   1.0000000000000000e+00
   138   2.0000000000000000e+00   1.0000000000000000e+00
   139   3.0000000000000000e+00   1.0000000000000000e+00
   140   4.0000000000000000e+00   1.0000000000000000e+00
   141   5.0000000000000000e+00   1.0000000000000000e+00
   142   6.0000000000000000e+00   1.0000000000000000e+00
   143   7.0000000000000000e+00   1.0000000000000000e+00
   144   8.0000000000000000e+00   1.0000000000000000e+00
   145   9.0000000000000000e+00   1.0000000000000000e+00
   146   1.0000000000000000e+01   1.0000000000000000e+00
   147   1.1000000000000000e+01   1.0000000000000000e+00
   148   1.1000000000000000e+01   1.0000000000000000e-04
   149   1.0000000000000000e+01   1.0000000000000000e+00
   150   9.0000000000000000e+00   1.0000000000000000e+00
   151   8.0000000000000000e+00   1.0000000000000000e+00
   152   7.0000000000000000e+00   1.0000000000000000e+00
   153   6.0000000000000000e+00   1.0000000000000000e+00
   154   5.0000000000000000e+00   1.0000000000000000e+00
   155   4.0000000000000000e+00   1.0000000000000000e+00
   156   3.0000000000000000e+00   1.0000000000000000e+00
   157   2.0000000000000000e+00   1.0000000000000000e+00
   158   1.0000000000000000e+00   1.0000000000000000e+00
   159   2.0000000000000000e+00   1.0000000000000000e+00
   160   3.0000000000000000e+00   1.0000000000000000e+00
   161   4.0000000000000000e+00   1.0000000000000000e+00
   162   5.0000000000000000e+00   1.0000000000000000e+00
   163   6.0000000000000000e+00   1.0000000000000000e+00
   164   7.0000000000000000e+00   1.0000000000000000e+00
   165   8.0000000000000000e+00   1.0000000000000000e+00
   166   9.0000000000000000e+00   1.0000000000000000e+00
   167   1.0000000000000000e+01   1.0000000000000000e+00
   168   1.1000000000000000e+01   1.0000000000000000e+00
   169   1.1000000000000000e+01   1.0000000000000000e-04
   170   1.0000000000000000e+01   1.0000000000000000e+00
   171   9.0000000000000000e+00   1.0000000000000000e+00
   172   8.0000000000000000e+00   1.0000000000000000e+00
   173   7.0000000000000000e+00   1.0000000000000000e+00
   174   6.0000000000000000e+00   1.0000000000000000e+00
   175   5.0000000000000000e+00   1.0000000000000000e+00
   176   4.0000000000000000e+00   1.0000000000000000e+00
   177   3.0000000000000000e+00   1.0000000000000000e+00
   178   2.0000000000000000e+00   1.0000000000000000e+00
   179   1.0000000000000000e+00   1.0000000000000000e+00
   180   2.0000000000000000e+00   1.0000000000000000e+00
   181   3.0000000000000000e+00   1.0000000000000000e+00
   182   4.0000000000000000e+00   1.0000000000000000e+00
   183   5.0000000000000000e+00   1.0000000000000000e+00
   184   6.0000000000000000e+00   1.0000000000000000e+00
   185   7.0000000000000000e+00   1.0000000000000000e+00
   186   8.0000000000000000e+00   1.0000000000000000e+00
   187   9.0000000000000000e+00   1.0000000000000000e+00
   188   1.0000000000000000e+01   1.0000000000000000e+00
   189   1.1000000000000000e+01   1.0000000000000000e+00
   190   1.1000000000000000e+01   1.0000000000000000e-04
   191   1.0000000000000000e+01   1.0000000000000000e+00
   192   9.0000000000000000e+00   1.0000000000000000e+00
   193   8.0000000000000000e+00   1.0000000000000000e+00
   194   7.0000000000000000e+00   1.0000000000000000e+00
   195   6.0000000000000000e+00   1.0000000000000000e+00
   196   5.0000000000000000e+00   1.0000000000000000e+00
   197   4.0000000000000000e+00   1.0000000000000000e+00
   198   3.0000000000000000e+00   1.0000000000000000e+00
   199   2.0000000000000000e+00   1.0000000000000000e+00
   200   1.0000000000000000e+00   1.0000000000000000e+00
   201   2.0000000000000000e+00   1.0000000000000000e+00
   202   3.0000000000000000e+00   1.0000000000000000e+00
   203   4.0000000000000000e+00   1.0000000000000000e+00
   204   5.0000000000000000e+00   1.0000000000000000e+00
   205   6.0000000000000000e+00   1.0000000000000000e+00
   206   7.0000000000000000e+00   1.0000000000000000e+00
   207   8.0000000000000000e+00   1.0000000000000000e+00
   208   9.0000000000000000e+00   1.0000000000000000e+00
   209   1.0000000000000000e+01   1.0000000000000000e+00
   210   1.1000000000000000e+01   1.0000000000000000e+00
   211   1.1000000000000000e+01   1.0000000000000000e-04
   212   1.0000000000000000e+01   1.0000000000000000e+00
   213   9.0000000000000000e+00   1.0000000000000000e+00
   214   8.0000000000000000e+00   1.0000000000000000e+00
   215   7.0000000000000000e+00   1.0000000000000000e+00
   216   6.0000000000000000e+00   1.0000000000000000e+00
   217   5.0000000000000000e+00   1.0000000000000000e+00
   218   4.0000000000000000e+00   1.0000000000000000e+00
   219   3.0000000000000000e+00   1.0000000000000000e+00
   220   2.0000000000000000e+00   1.0000000000000000e+00
   221   1.0000000000000000e+00   1.0000000000000000e+00
   222   2.0000000000000000e+00   1.0000000000000000e+00
   223   3.0000000000000000e+00   1.0000000000000000e+00
   224   4.0000000000000000e+00   1.0000000000000000e+00
   225   5.0000000000000000e+00   1.0000000000000000e+00
   226   6.0000000000000000e+00   1.0000000000000000e+00
   227   7.0000000000000000e+00   1.0000000000000000e+00
   228   8.0000000000000000e+00   1.0000000000000000e+00
   229   9.0000000000000000e+00   1.0000000000000000e+00
   230   1.0000000000000000e+01   1.0000000000000000e+00
   231   1.1000000000000000e+01   1.0000000000000000e+00
   232   1.1000000000000000e+01   1.0000000000000000e-04
   233   1.0000000000000000e+01   1.0000000000000000e+00
   234   9.0000000000000000e+00   1.0000000000000000e+00
   235   8.0000000000000000e+00   1.0000000000000000e+00
   236   7.0000000000000000e+00   1.0000000000000000e+00
   237   6.0000000000000000e+00   1.0000000000000000e+00
   238   5.0000000000000000e+00   1.0000000000000000e+00
   239   4.0000000000000000e+00   1.0000000000000000e+00
   240   3.0000000000000000e+00   1.0000000000000000e+00
   241   2.0000000000000000e+00   1.0000000000000000e+00
   242   1.0000000000000000e+00   1.0000000000000000e+00
   243   2.0000000000000000e+00   1.0000000000000000e+00
   244   3.0000000000000000e+00   1.0000000000000000e+00
   245   4.0000000000000000e+00   1.0000000000000000e+00
   246   5.0000000000000000e+00   1.0000000000000000e+00
   247   6.0000000000000000e+00   1.0000000000000000e+00
   248   7.0000000000000000e+00   1.0000000000000000e+00
   249   8.0000000000000000e+00   1.0000000000000000e+00
   250   9.0000000000000000e+00   1.0000000000000000e+00
   251   1.0000000000000000e+01   1.0000000000000000e+00
   252   1.1000000000000000e+01   1.0000000000000000e+00
   253   1.1000000000000000e+01   1.0000000000000000e-04
   254   1.0000000000000000e+01   1.0000000000000000e+00
   255   9.0000000000000000e+00   1.0000000000000000e+00
   256   8.0000000000000000e+00   1.0000000000000000e+00
   257   7.0000000000000000e+00   1.0000000000000000e+00
   258   6.0000000000000000e+00   1.0000000000000000e+00
   259   5.0000000000000000e+00   1.0000000000000000e+00
   260   4.0000000000000000e+00   1.0000000000000000e+00
   261   3.0000000000000000e+00   1.0000000000000000e+00
   262   2.0000000000000000e+00   1.0000000000000000e+00
   263   1.0000000000000000e+00   1.0000000000000000e+00
   264   2.0000000000000000e+00   1.0000000000000000e+00
   265   3.0000000000000000e+00   1.0000000000000000e+00
   266   4.0000000000000000e+00   1.0000000000000000e+00
   267   5.0000000000000000e+00   1.0000000000000000e+00
   268   6.0000000000000000e+00   1.0000000000000000e+00
   269   7.0000000000000000e+00   1.0000000000000000e+00
   270   8.0000000000000000e+00   1.0000000000000000e+00
   271   9.0000000000000000e+00   1.0000000000000000e+00
   272   1.0000000000000000e+01   1.0000000000000000e+00
   273   1.1000000000000000e+01   1.0000000000000000e+00
   274   1.1000000000000000e+01   1.0000000000000000e-04
   275   1.0000000000000000e+01   1.0000000000000000e+00
   276   9.0000000000000000e+00   1.0000000000000000e+00
   277   8.0000000000000000e+00   1.0000000000000000e+00
   278   7.0000000000000000e+00   1.0000000000000000e+00
   279   6.0000000000000000e+00   1.0000000000000000e+00
   280   5.0000000000000000e+00   1.0000000000000000e+00
   281   4.0000000000000000e+00   1.0000000000000000e+00
   282   3.0000000000000000e+00   1.0000000000000000e+00
   283   2.0000000000000000e+00   1.0000000000000000e+00
   284   1.0000000000000000e+00   1.0000000000000000e+00
   285   2.0000000000000000e+00   1.0000000000000000e+00
   286   3.0000000000000000e+00   1.0000000000000000e+00
   287   4.0000000000000000e+00   1.0000000000000000e+00
   288   5.0000000000000000e+00   1.0000000000000000e+00
   289   6.0000000000000000e+00   1.0000000000000000e+00
   290   7.0000000000000000e+00   1.0000000000000000e+00
   291   8.0000000000000000e+00   1.0000000000000000e+00
   292   9.0000000000000000e+00   1.0000000000000000e+00
   293   1.0000000000000000e+01   1.0000000000000000e+00
   294   1.1000000000000000e+01   1.0000000000000000e+00
   295   1.1000000000000000e+01   1.0000000000000000e-04
   296   1.0000000000000000e+01   1.0000000000000000e+00
   297   9.0000000000000000e+00   1.0000000000000000e+00
   298   8.0000000000000000e+00   1.0000000000000000e+00
   299   7.0000000000000000e+00   1.0000000000000000e+00
   300   6.0000000000000000e+00   1.0000000000000000e+00
   301   5.0000000000000000e+00   1.0000000000000000e+00
   302   4.0000000000000000e+00   1.0000000000000000e+00
   303   3.0000000000000000e+00   1.0000000000000000e+00
   304   2.0000000000000000e+00   1.0000000000000000e+00
   305   1.0000000000000000e+00   1.0000000000000000e+00
   306   2.0000000000000000e+00   1.0000000000000000e+00
   307   3.0000000000000000e+00   1.0000000000000000e+00
   308   4.0000000000000000e+00   1.0000000000000000e+00
   309   5.0000000000000000e+00   1.0000000000000000e+00
   310   6.0000000000000000e+00   1.0000000000000000e+00
   311   7.0000000000000000e+00   1.0000000000000000e+00
   312   8.0000000000000000e+00   1.0000000000000000e+00
   313   9.0000000000000000e+00   1.0000000000000000e+00
   314   1.0000000000000000e+01   1.0000000000000000e+00
   315   1.1000000000000000e+01   1.0000000000000000e+00
   316   1.1000000000000000e+01   1.0000000000000000e-04
   317   1.0000000000000000e+01   1.0000000000000000e+00
   318   9.0000000000000000e+00   1.0000000000000000e+00
   319   8.0000000000000000e+00   1.0000000000000000e+00
   320   7.0000000000000000e+00   1.0000000000000000e+00
   321   6.0000000000000000e+00   1.0000000000000000e+00
   322   5.0000000000000000e+00   1.0000000000000000e+00
   323   4.0000000000000000e+00   1.0000000000000000e+00
   324   3.0000000000000000e+00   1.0000000000000000e+00
   325   2.0000000000000000e+00   1.0000000000000000e+00
   326   1.0000000000000000e+00   1.0000000000000000e+00
   327   2.0000000000000000e+00   1.0000000000000000e+00
   328   3.0000000000000000e+00   1.0000000000000000e+00
   329   4.0000000000000000e+00   1.0000000000000000e+00
   330   5.0000000000000000e+00   1.0000000000000000e+00
   331   6.0000000000000000e+00   1.0000000000000000e+00
   332   7.0000000000000000e+00   1.0000000000000000e+00
   333   8.0000000000000000e+00   1.0000000000000000e+00
   334   9.0000000000000000e+00   1.0000000000000000e+00
   335   1.0000000000000000e+01   1.0000000000000000e+00
   336   1.1000000000000000e+01   1.0000000000000000e+00
   337   1.1000000000000000e+01   1.0000000000000000e-04
   338   1.0000000000000000e+01   1.0000000000000000e+00
   339   9.0000000000000000e+00   1.0000000000000000e+00
   340   8.0000000000000000e+00   1.0000000000000000e+00
   341   7.0000000000000000e+00   1.0000000000000000e+00
   342   6.0000000000000000e+00   1.0000000000000000e+00
   343   5.0000000000000000e+00   1.0000000000000000e+00
   344   4.0000000000000000e+00   1.0000000000000000e+00
   345   3.0000000000000000e+00   1.0000000000000000e+00
   346   2.0000000000000000e+00   1.0000000000000000e+00
   347   1.0000000000000000e+00   1.0000000000000000e+00
   348   2.0000000000000000e+00   1.0000000000000000e+00
   349   3.0000000000000000e+00   1.0000000000000000e+00
   350   4.0000000000000000e+00   1.0000000000000000e+00
   351   5.0000000000000000e+00   1.0000000000000000e+00
   352   6.0000000000000000e+00   1.0000000000000000e+00
   353   7.0000000000000000e+00   1.0000000000000000e+00
   354   8.0000000000000000e+00   1.0000000000000000e+00
   355   9.0000000000000000e+00   1.0000000000000000e+00
   356   1.0000000000000000e+01   1.0000000000000000e+00
   357   1.1000000000000000e+01   1.0000000000000000e+00
   358   1.1000000000000000e+01   1.0000000000000000e-04
   359   1.0000000000000000e+01   1.0000000000000000e+00
   360   9.0000000000000000e+00   1.0000000000000000e+00
   361   8.0000000000000000e+00   1.0000000000000000e+00
   362   7.0000000000000000e+00   1.0000000000000000e+00
   363   6.0000000000000000e+00   1.0000000000000000e+00
   364   5.0000000000000000e+00   1.0000000000000000e+00
   365   4.0000000000000000e+00   1.0000000000000000e+00
   366   3.0000000000000000e+00   1.0000000000000000e+00
   367   2.0000000000000000e+00   1.0000000000000000e+00
   368   1.0000000000000000e+00   1.0000000000000000e+00
   369   2.0000000000000000e+00   1.0000000000000000e+00
   370   3.0000000000000000e+00   1.0000000000000000e+00
   371   4.0000000000000000e+00   1.0000000000000000e+00
   372   5.0000000000000000e+00   1.0000000000000000e+00
   373   6.0000000000000000e+00   1.0000000000000000e+00
   374   7.0000000000000000e+00   1.0000000000000000e+00
   375   8.0000000000000000e+00   1.0000000000000000e+00
   376   9.0000000000000000e+00   1.0000000000000000e+00
   377   1.0000000000000000e+01   1.0000000000000000e+00
   378   1.1000000000000000e+01   1.0000000000000000e+00
   379   1.1000000000000000e+01   1.0000000000000000e-04
   380   1.0000000000000000e+01   1.0000000000000000e+00
   381   9.0000000000000000e+00   1.0000000000000000e+00
   382   8.0000000000000000e+00   1.0000000000000000e+00
   383   7.0000000000000000e+00   1.0000000000000000e+00
   384   6.0000000000000000e+00   1.0000000000000000e+00
   385   5.0000000000000000e+00   1.0000000000000000e+00
   386   4.0000000000000000e+00   1.0000000000000000e+00
   387   3.0000000000000000e+00   1.0000000000000000e+00
   388   2.0000000000000000e+00   1.0000000000000000e+00
   389   1.0000000000000000e+00   1.0000000000000000e+00
   390   2.0000000000000000e+00   1.0000000000000000e+00
   391   3.0000000000000000e+00   1.0000000000000000e+00
   392   4.0000000000000000e+00   1.0000000000000000e+00
   393   5.0000000000000000e+00   1.0000000000000000e+00
   394   6.0000000000000000e+00   1.0000000000000000e+00
   395   7.0000000000000000e+00   1.0000000000000000e+00
   396   8.0000000000000000e+00   1.0000000000000000e+00
   397   9.0000000000000000e+00   1.0000000000000000e+00
   398   1.0000000000000000e+01   1.0000000000000000e+00
   399   1.1000000000000000e+01   1.0000000000000000e+00
   400   1.1000000000000000e+01   1.0000000000000000e-04
   401   1.0000000000000000e+01   1.0000000000000000e+00
   402   9.0000000000000000e+00   1.0000000000000000e+00
   403   8.0000000000000000e+00   1.0000000000000000e+00
   404   7.0000000000000000e+00   1.0000000000000000e+00
   405   6.0000000000000000e+00   1.0000000000000000e+00
   406   5.0000000000000000e+00   1.0000000000000000e+00
   407   4.0000000000000000e+00   1.0000000000000000e+00
   408   3.0000000000000000e+00   1.0000000000000000e+00
   409   2.0000000000000000e+00   1.0000000000000000e+00
   410   1.0000000000000000e+00   1.0000000000000000e+00
   411   2.0000000000000000e+00   1.0000000000000000e+00
   412   3.0000000000000000e+00   1.0000000000000000e+00
   413   4.0000000000000000e+00   1.0000000000000000e+00
   414   5.0000000000000000e+00   1.0000000000000000e+00
   415   6.0000000000000000e+00   1.0000000000000000e+00
   416   7.0000000000000000e+00   1.0000000000000000e+00
   417   8.0000000000000000e+00   1.0000000000000000e+00
   418   9.0000000000000000e+00   1.0000000000000000e+00
   419   1.0000000000000000e+01   1.0000000000000000e+00
   420   1.1000000000000000e+01   1.0000000000000000e+00
   421   1.1000000000000000e+01   1.0000000000000000e-04
   422   1.0000000000000000e+01   1.0000000000000000e+00
   423   9.0000000000000000e+00   1.0000000000000000e+00
   424   8.0000000000000000e+00   1.0000000000000000e+00
   425   7.0000000000000000e+00   1.0000000000000000e+00
   426   6.0000000000000000e+00   1.0000000000000000e+00
   427   5.0000000000000000e+00   1.0000000000000000e+00
   428   4.0000000000000000e+00   1.0000000000000000e+00
   429   3.0000000000000000e+00   1.0000000000000000e+00
   430   2.0000000000000000e+00   1.0000000000000000e+00
   431   1.0000000000000000e+00   1.0000000000000000e+00
   432   2.0000000000000000e+00   1.0000000000000000e+00
   433   3.0000000000000000e+00   1.0000000000000000e+00
   434   4.0000000000000000e+00   1.0000000000000000e+00
   435   5.0000000000000000e+00   1.0000000000000000e+00
   436   6.0000000000000000e+00   1.0000000000000000e+00
   437   7.0000000000000000e+00   1.0000000000000000e+00
   438   8.0000000000000000e+00   1.0000000000000000e+00
   439   9.0000000000000000e+00   1.0000000000000000e+00
   440   1.0000000000000000e+01   1.0000000000000000e+00
   441   1.1000000000000000e+01   1.0000000000000000e+00
   442   1.1000000000000000e+01   1.0000000000000000e-04
   443   1.0000000000000000e+01   1.0000000000000000e+00
   444   9.0000000000000000e+00   1.0000000000000000e+00
   445   8.0000000000000000e+00   1.0000000000000000e+00
   446   7.0000000000000000e+00   1.0000000000000000e+00
   447   6.0000000000000000e+00   1.0000000000000000e+00
   448   5.0000000000000000e+00   1.0000000000000000e+00
   449   4.0000000000000000e+00   1.0000000000000000e+00
   450   3.0000000000000000e+00   1.0000000000000000e+00
   451   2.0000000000000000e+00   1.0000000000000000e+00
   452   1.0000000000000000e+00   1.0000000000000000e+00
   453   2.0000000000000000e+00   1.0000000000000000e+00
   454   3.0000000000000000e+00   1.0000000000000000e+00
   455   4.0000000000000000e+00   1.0000000000000000e+00
   456   5.0000000000000000e+00   1.0000000000000000e+00
   457   6.0000000000000000e+00   1.0000000000000000e+00
   458   7.0000000000000000e+00   1.0000000000000000e+00
   459   8.0000000000000000e+00   1.0000000000000000e+00
   460   9.0000000000000000e+00   1.0000000000000000e+00
   461   1.0000000000000000e+01   1.0000000000000000e+00
   462   1.1000000000000000e+01   1.0000000000000000e+00
   463   1.1000000000000000e+01   1.0000000000000000e-04
   464   1.0000000000000000e+01   1.0000000000000000e+00
   465   9.0000000000000000e+00   1.0000000000000000e+00
   466   8.0000000000000000e+00   1.0000000000000000e+00
   467   7.0000000000000000e+00   1.0000000000000000e+00
   468   6.0000000000000000e+00   1.0000000000000000e+00
   469   5.0000000000000000e+00   1.0000000000000000e+00
   470   4.0000000000000000e+00   1.0000000000000000e+00
   471   3.0000000000000000e+00   1.0000000000000000e+00
   472   2.0000000000000000e+00   1.0000000000000000e+00
   473   1.0000000000000000e+00   1.0000000000000000e+00
   474   2.0000000000000000e+00   1.0000000000000000e+00
   475   3.0000000000000000e+00   1.0000000000000000e+00
   476   4.0000000000000000e+00   1.0000000000000000e+00
   477   5.0000000000000000e+00   1.0000000000000000e+00
   478   6.0000000000000000e+00   1.0000000000000000e+00
   479   7.0000000000000000e+00   1.0000000000000000e+00
   480   8.0000000000000000e+00   1.0000000000000000e+00
   481   9.0000000000000000e+00   1.0000000000000000e+00
   482   1.0000000000000000e+01   1.0000000000000000e+00
   483   1.1000000000000000e+01   1.0000000000000000e+00
   484   1.1000000000000000e+01   1.0000000000000000e-04
   485   1.0000000000000000e+01   1.0000000000000000e+00
   486   9.0000000000000000e+00   1.0000000000000000e+00
   487   8.0000000000000000e+00   1.0000000000000000e+00
   488   7.0000000000000000e+00   1.0000000000000000e+00
   489   6.0000000000000000e+00   1.0000000000000000e+00
   490   5.0000000000000000e+00   1.0000000000000000e+00
   491   4.0000000000000000e+00   1.0000000000000000e+00
   492   3.0000000000000000e+00   1.0000000000000000e+00
   493   2.0000000000000000e+00   1.0000000000000000e+00
   494   1.0000000000000000e+00   1.0000000000000000e+00
   495   2.0000000000000000e+00   1.0000000000000000e+00
   496   3.0000000000000000e+00   1.0000000000000000e+00
   497   4.0000000000000000e+00   1.0000000000000000e+00
   498   5.0000000000000000e+00   1.0000000000000000e+00
   499   6.0000000000000000e+00   1.0000000000000000e+00
   500   7.0000000000000000e+00   1.0000000000000000e+00
   501   8.0000000000000000e+00   1.0000000000000000e+00
   502   9.0000000000000000e+00   1.0000000000000000e+00
   503   1.0000000000000000e+01   1.0000000000000000e+00
   504   1.1000000000000000e+01   1.0000000000000000e+00
   505   1.1000000000000000e+01   1.0000000000000000e-04
   506   1.0000000000000000e+01   1.0000000000000000e+00
   507   9.0000000000000000e+00   1.0000000000000000e+00
   508   8.0000000000000000e+00   1.0000000000000000e+00
   509   7.0000000000000000e+00   1.0000000000000000e+00
   510   6.0000000000000000e+00   1.0000000000000000e+00
   511   5.0000000000000000e+00   1.0000000000000000e+00
   512   4.0000000000000000e+00   1.0000000000000000e+00
   513   3.0000000000000000e+00   1.0000000000000000e+00
   514   2.0000000000000000e+00   1.0000000000000000e+00
   515   1.0000000000000000e+00   1.0000000000000000e+00
   516   2.0000000000000000e+00   1.0000000000000000e+00
   517   3.0000000000000000e+00   1.0000000000000000e+00
   518   4.0000000000000000e+00   1.0000000000000000e+00
   519   5.0000000000000000e+00   1.0000000000000000e+00
   520   6.0000000000000000e+00   1.0000000000000000e+00
   521   7.0000000000000000e+00   1.0000000000000000e+00
   522   8.0000000000000000e+00   1.0000000000000000e+00
   523   9.0000000000000000e+00   1.0000000000000000e+00
   524   1.0000000000000000e+01   1.0000000000000000e+00
   525   1.1000000000000000e+01   1.0000000000000000e+00
   526   1.1000000000000000e+01   1.0000000000000000e-04
   527   1.0000000000000000e+01   1.0000000000000000e+00
   528   9.0000000000000000e+00   1.0000000000000000e+00
   529   8.0000000000000000e+00   1.0000000000000000e+00
   530   7.0000000000000000e+00   1.0000000000000000e+00
   531   6.0000000000000000e+00   1.0000000000000000e+00
   532   5.0000000000000000e+00   1.0000000000000000e+00
   533   4.0000000000000000e+00   1.0000000000000000e+00
   534   3.0000000000000000e+00   1.0000000000000000e+00
   535   2.0000000000000000e+00   1.0000000000000000e+00
   536   1.0000000000000000e+00   1.0000000000000000e+00
   537   2.0000000000000000e+00   1.0000000000000000e+00
   538   3.0000000000000000e+00   1.0000000000000000e+00
   539   4.0000000000000000e+00   1.0000000000000000e+00
   540   5.0000000000000000e+00   1.0000000000000000e+00
   541   6.0000000000000000e+00   1.0000000000000000e+00
   542   7.0000000000000000e+00   1.0000000000000000e+00
   543   8.0000000000000000e+00   1.0000000000000000e+00
   544   9.0000000000000000e+00   1.0000000000000000e+00
   545   1.0000000000000000e+01   1.0000000000000000e+00
   546   1.1000000000000000e+01   1.0000000000000000e+00
   547   1.1000000000000000e+01   1.0000000000000000e-04
   548   1.0000000000000000e+01   1.0000000000000000e+00
   549   9.0000000000000000e+00   1.0000000000000000e+00
   550   8.0000000000000000e+00   1.0000000000000000e+00
   551   7.0000000000000000e+00   1.0000000000000000e+00
   552   6.0000000000000000e+00   1.0000000000000000e+00
   553   5.0000000000000000e+00   1.0000000000000000e+00
   554   4.0000000000000000e+00   1.0000000000000000e+00
   555   3.0000000000000000e+00   1.0000000000000000e+00
   556   2.0000000000000000e+00   1.0000000000000000e+00
   557   1.0000000000000000e+00   1.0000000000000000e+00
   558   2.0000000000000000e+00   1.0000000000000000e+00
   559   3.0000000000000000e+00   1.0000000000000000e+00
   560   4.0000000000000000e+00   1.0000000000000000e+00
   561   5.0000000000000000e+00   1.0000000000000000e+00
   562   6.0000000000000000e+00   1.0000000000000000e+00
   563   7.0000000000000000e+00   1.0000000000000000e+00
   564   8.0000000000000000e+00   1.0000000000000000e+00
   565   9.0000000000000000e+00   1.0000000000000000e+00
   566   1.0000000000000000e+01   1.0000000000000000e+00
   567   1.1000000000000000e+01   1.0000000000000000e+00
   568   1.1000000000000000e+01   1.0000000000000000e-04
   569   1.0000000000000000e+01   1.0000000000000000e+00
   570   9.0000000000000000e+00   1.0000000000000000e+00
   571   8.0000000000000000e+00   1.0000000000000000e+00
   572   7.0000000000000000e+00   1.0000000000000000e+00
   573   6.0000000000000000e+00   1.0000000000000000e+00
   574   5.0000000000000000e+00   1.0000000000000000e+00
   575   4.0000000000000000e+00   1.0000000000000000e+00
   576   3.0000000000000000e+00   1.0000000000000000e+00
   577   2.0000000000000000e+00   1.0000000000000000e+00
   578   1.0000000000000000e+00   1.0000000000000000e+00
   579   2.0000000000000000e+00   1.0000000000000000e+00
   580   3.0000000000000000e+00   1.0000000000000000e+00
   581   4.0000000000000000e+00   1.0000000000000000e+00
   582   5.0000000000000000e+00   1.0000000000000000e+00
   583   6.0000000000000000e+00   1.0000000000000000e+00
   584   7.0000000000000000e+00   1.0000000000000000e+00
   585   8.0000000000000000e+00   1.0000000000000000e+00
   586   9.0000000000000000e+00   1.0000000000000000e+00
   587   1.0000000000000000e+01   1.0000000000000000e+00
   588   1.1000000000000000e+01   1.0000000000000000e+00
   589   1.1000000000000000e+01   1.0000000000000000e-04
   590   1.0000000000000000e+01   1.0000000000000000e+00
   591   9.0000000000000000e+00   1.0000000000000000e+00
   592   8.0000000000000000e+00   1.0000000000000000e+00
   593   7.0000000000000000e+00   1.0000000000000000e+00
   594   6.0000000000000000e+00   1.0000000000000000e+00
   595   5.0000000000000000e+00   1.0000000000000000e+00
   596   4.0000000000000000e+00   1.0000000000000000e+00
   597   3.0000000000000000e+00   1.0000000000000000e+00
   598   2.0000000000000000e+00   1.0000000000000000e+00
   599   1.0000000000000000e+00   1.0000000000000000e+00
   600   2.0000000000000000e+00   1.0000000000000000e+00
   601   3.0000000000000000e+00   1.0000000000000000e+00
   602   4.0000000000000000e+00   1.0000000000000000e+00
   603   5.0000000000000000e+00   1.0000000000000000e+00
   604   6.0000000000000000e+00   1.0000000000000000e+00
   605   7.0000000000000000e+00   1.0000000000000000e+00
   606   8.0000000000000000e+00   1.0000000000000000e+00
   607   9.0000000000000000e+00   1.0000000000000000e+00
   608   1.0000000000000000e+01   1.0000000000000000e+00
   609   1.1000000000000000e+01   1.0000000000000000e+00
   610   1.1000000000000000e+01   1.0000000000000000e-04
   611   1.0000000000000000e+01   1.0000000000000000e+00
   612   9.0000000000000000e+00   1.0000000000000000e+00
   613   8.0000000000000000e+00   1.0000000000000000e+00
   614   7.0000000000000000e+00   1.0000000000000000e+00
   615   6.0000000000000000e+00   1.0000000000000000e+00
   616   5.0000000000000000e+00   1.0000000000000000e+00
   617   4.0000000000000000e+00   1.0000000000000000e+00
   618   3.0000000000000000e+00   1.0000000000000000e+00
   619   2.0000000000000000e+00   1.0000000000000000e+00
   620   1.0000000000000000e+00   1.0000000000000000e+00
   621   2.0000000000000000e+00   1.0000000000000000e+00
   622   3.0000000000000000e+00   1.0000000000000000e+00
   623   4.0000000000000000e+00   1.0000000000000000e+00
   624   5.0000000000000000e+00   1.0000000000000000e+00
   625   6.0000000000000000e+00   1.0000000000000000e+00
   626   7.0000000000000000e+00   1.0000000000000000e+00
   627   8.0000000000000000e+00   1.0000000000000000e+00
   628   9.0000000000000000e+00   1.0000000000000000e+00
   629   1.0000000000000000e+01   1.0000000000000000e+00
   630   1.1000000000000000e+01   1.0000000000000000e+00
   631   1.1000000000000000e+01   1.0000000000000000e-04
   632   1.0000000000000000e+01   1.0000000000000000e+00
   633   9.0000000000000000e+00   1.0000000000000000e+00
   634   8.0000000000000000e+00   1.0000000000000000e+00
   635   7.0000000000000000e+00   1.0000000000000000e+00
   636   6.0000000000000000e+00   1.0000000000000000e+00
   637   5.0000000000000000e+00   1.0000000000000000e+00
   638   4.0000000000000000e+00   1.0000000000000000e+00
   639   3.0000000000000000e+00   1.0000000000000000e+00
   640   2.0000000000000000e+00   1.0000000000000000e+00
   641   1.0000000000000000e+00   1.0000000000000000e+00
   642   2.0000000000000000e+00   1.0000000000000000e+00
   643   3.0000000000000000e+00   1.0000000000000000e+00
   644   4.0000000000000000e+00   1.0000000000000000e+00
   645   5.0000000000000000e+00   1.0000000000000000e+00
   646   6.0000000000000000e+00   1.0000000000000000e+00
   647   7.0000000000000000e+00   1.0000000000000000e+00
   648   8.0000000000000000e+00   1.0000000000000000e+00
   649   9.0000000000000000e+00   1.0000000000000000e+00
   650   1.0000000000000000e+01   1.0000000000000000e+00
   651   1.1000000000000000e+01   1.0000000000000000e+00
   652   1.1000000000000000e+01   1.0000000000000000e-04
   653   1.0000000000000000e+01   1.0000000000000000e+00
   654   9.0000000000000000e+00   1.0000000000000000e+00
   655   8.0000000000000000e+00   1.0000000000000000e+00
   656   7.0000000000000000e+00   1.0000000000000000e+00
   657   6.0000000000000000e+00   1.0000000000000000e+00
   658   5.0000000000000000e+00   1.0000000000000000e+00
   659   4.0000000000000000e+00   1.0000000000000000e+00
   660   3.0000000000000000e+00   1.0000000000000000e+00
   661   2.0000000000000000e+00   1.0000000000000000e+00
   662   1.0000000000000000e+00   1.0000000000000000e+00
   663   2.0000000000000000e+00   1.0000000000000000e+00
   664   3.0000000000000000e+00   1.0000000000000000e+00
   665   4.0000000000000000e+00   1.0000000000000000e+00
   666   5.0000000000000000e+00   1.0000000000000000e+00
   667   6.0000000000000000e+00   1.0000000000000000e+00
   668   7.0000000000000000e+00   1.0000000000000000e+00
   669   8.0000000000000000e+00   1.0000000000000000e+00
   670   9.0000000000000000e+00   1.0000000000000000e+00
   671   1.0000000000000000e+01   1.0000000000000000e+00
   672   1.1000000000000000e+01   1.0000000000000000e+00
   673   1.1000000000000000e+01   1.0000000000000000e-04
   674   1.0000000000000000e+01   1.0000000000000000e+00
   675   9.0000000000000000e+00   1.0000000000000000e+00
   676   8.0000000000000000e+00   1.0000000000000000e+00
   677   7.0000000000000000e+00   1.0000000000000000e+00
   678   6.0000000000000000e+00   1.0000000000000000e+00
   679   5.0000000000000000e+00   1.0000000000000000e+00
   680   4.0000000000000000e+00   1.0000000000000000e+00
   681   3.0000000000000000e+00   1.0000000000000000e+00
   682   2.0000000000000000e+00   1.0000000000000000e+00
   683   1.0000000000000000e+00   1.0000000000000000e+00
   684   2.0000000000000000e+00   1.0000000000000000e+00
   685   3.0000000000000000e+00   1.0000000000000000e+00
   686   4.0000000000000000e+00   1.0000000000000000e+00
   687   5.0000000000000000e+00   1.0000000000000000e+00
   688   6.0000000000000000e+00   1.0000000000000000e+00
   689   7.0000000000000000e+00   1.0000000000000000e+00
   690   8.0000000000000000e+00   1.0000000000000000e+00
   691   9.0000000000000000e+00   1.0000000000000000e+00
   692   1.0000000000000000e+01   1.0000000000000000e+00
   693   1.1000000000000000e+01   1.0000000000000000e+00
   694   1.1000000000000000e+01   1.0000000000000000e-04
   695   1.0000000000000000e+01   1.0000000000000000e+00
   696   9.0000000000000000e+00   1.0000000000000000e+00
   697   8.0000000000000000e+00   1.0000000000000000e+00
   698   7.0000000000000000e+00   1.0000000000000000e+00
   699   6.0000000000000000e+00   1.0000000000000000e+00
   700   5.0000000000000000e+00   1.0000000000000000e+00
   701   4.0000000000000000e+00   1.0000000000000000e+00
   702   3.0000000000000000e+00   1.0000000000000000e+00
   703   2.0000000000000000e+00   1.0000000000000000e+00
   704   1.0000000000000000e+00   1.0000000000000000e+00
   705   2.0000000000000000e+00   1.0000000000000000e+00
   706   3.0000000000000000e+00   1.0000000000000000e+00
   707   4.0000000000000000e+00   1.0000000000000000e+00
   708   5.0000000000000000e+00   1.0000000000000000e+00
   709   6.0000000000000000e+00   1.0000000000000000e+00
   710   7.0000000000000000e+00   1.0000000000000000e+00
   711   8.0000000000000000e+00   1.0000000000000000e+00
   712   9.0000000000000000e+00   1.0000000000000000e+00
   713   1.0000000000000000e+01   1.0000000000000000e+00
   714   1.1000000000000000e+01   1.0000000000000000e+00
   715   1.1000000000000000e+01   1.0000000000000000e-04
   716   1.0000000000000000e+01   1.0000000000000000e+00
   717   9.0000000000000000e+00   1.0000000000000000e+00
   718   8.0000000000000000e+00   1.0000000000000000e+00
   719   7.0000000000000000e+00   1.0000000000000000e+00
   720   6.0000000000000000e+00   1.0000000000000000e+00
   721   5.0000000000000000e+00   1.0000000000000000e+00
   722   4.0000000000000000e+00   1.0000000000000000e+00
   723   3.0000000000000000e+00   1.0000000000000000e+00
   724   2.0000000000000000e+00   1.0000000000000000e+00
   725   1.0000000000000000e+00   1.0000000000000000e+00
   726   2.0000000000000000e+00   1.0000000000000000e+00
   727   3.0000000000000000e+00   1.0000000000000000e+00
   728   4.0000000000000000e+00   1.0000000000000000e+00
   729   5.0000000000000000e+00   1.0000000000000000e+00
   730   6.0000000000000000e+00   1.0000000000000000e+00
   731   7.0000000000000000e+00   1.0000000000000000e+00
   732   8.0000000000000000e+00   1.0000000000000000e+00
   733   9.0000000000000000e+00   1.0000000000000000e+00
   734   1.0000000000000000e+01   1.0000000000000000e+00
   735   1.1000000000000000e+01   1.0000000000000000e+00
   736   1.1000000000000000e+01   1.0000000000000000e-04
   737   1.0000000000000000e+01   1.0000000000000000e+00
   738   9.0000000000000000e+00   1.0000000000000000e+00
   739   8.0000000000000000e+00   1.0000000000000000e+00
   740   7.0000000000000000e+00   1.0000000000000000e+00
   741   6.0000000000000000e+00   1.0000000000000000e+00
   742   5.0000000000000000e+00   1.0000000000000000e+00
   743   4.0000000000000000e+00   1.0000000000000000e+00
   744   3.0000000000000000e+00   1.0000000000000000e+00
   745   2.0000000000000000e+00   1.0000000000000000e+00
   746   1.0000000000000000e+00   1.0000000000000000e+00
   747   2.0000000000000000e+00   1.0000000000000000e+00
   748   3.0000000000000000e+00   1.0000000000000000e+00
   749   4.0000000000000000e+00   1.0000000000000000e+00
   750   5.0000000000000000e+00   1.0000000000000000e+00
   751   6.0000000000000000e+00   1.0000000000000000e+00
   752   7.0000000000000000e+00   1.0000000000000000e+00
   753   8.0000000000000000e+00   1.0000000000000000e+00
   754   9.0000000000000000e+00   1.0000000000000000e+00
   755   1.0000000000000000e+01   1.0000000000000000e+00
   756   1.1000000000000000e+01   1.0000000000000000e+00
   757   1.1000000000000000e+01   1.0000000000000000e-04
   758   1.0000000000000000e+01   1.0000000000000000e+00
   759   9.0000000000000000e+00   1.0000000000000000e+00
   760   8.0000000000000000e+00   1.0000000000000000e+00
   761   7.0000000000000000e+00   1.0000000000000000e+00
   762   6.0000000000000000e+00   1.0000000000000000e+00
   763   5.0000000000000000e+00   1.0000000000000000e+00
   764   4.0000000000000000e+00   1.0000000000000000e+00
   765   3.0000000000000000e+00   1.0000000000000000e+00
   766   2.0000000000000000e+00   1.0000000000000000e+00
   767   1.0000000000000000e+00   1.0000000000000000e+00
   768   2.0000000000000000e+00   1.0000000000000000e+00
   769   3.0000000000000000e+00   1.0000000000000000e+00
   770   4.0000000000000000e+00   1.0000000000000000e+00
   771   5.0000000000000000e+00   1.0000000000000000e+00
   772   6.0000000000000000e+00   1.0000000000000000e+00
   773   7.0000000000000000e+00   1.0000000000000000e+00
   774   8.0000000000000000e+00   1.0000000000000000e+00
   775   9.0000000000000000e+00   1.0000000000000000e+00
   776   1.0000000000000000e+01   1.0000000000000000e+00
   777   1.1000000000000000e+01   1.0000000000000000e+00
   778   1.1000000000000000e+01   1.0000000000000000e-04
   779   1.0000000000000000e+01   1.0000000000000000e+00
   780   9.0000000000000000e+00   1.0000000000000000e+00
   781   8.0000000000000000e+00   1.0000000000000000e+00
   782   7.0000000000000000e+00   1.0000000000000000e+00
   783   6.0000000000000000e+00   1.0000000000000000e+00
   784   5.0000000000000000e+00   1.0000000000000000e+00
   785   4.0000000000000000e+00   1.0000000000000000e+00
   786   3.0000000000000000e+00   1.0000000000000000e+00
   787   2.0000000000000000e+00   1.0000000000000000e+00
   788   1.0000000000000000e+00   1.0000000000000000e+00
   789   2.0000000000000000e+00   1.0000000000000000e+00
   790   3.0000000000000000e+00   1.0000000000000000e+00
   791   4.0000000000000000e+00   1.0000000000000000e+00
   792   5.0000000000000000e+00   1.0000000000000000e+00
   793   6.0000000000000000e+00   1.0000000000000000e+00
   794   7.0000000000000000e+00   1.0000000000000000e+00
   795   8.0000000000000000e+00   1.0000000000000000e+00
   796   9.0000000000000000e+00   1.0000000000000000e+00
   797   1.0000000000000000e+01   1.0000000000000000e+00
   798   1.1000000000000000e+01   1.0000000000000000e+00
   799   1.1000000000000000e+01   1.0000000000000000e-04
   800   1.0000000000000000e+01   1.0000000000000000e+00
   801   9.0000000000000000e+00   1.0000000000000000e+00
   802   8.0000000000000000e+00   1.0000000000000000e+00
   803   7.0000000000000000e+00   1.0000000000000000e+00
   804   6.0000000000000000e+00   1.0000000000000000e+00
   805   5.0000000000000000e+00   1.0000000000000000e+00
   806   4.0000000000000000e+00   1.0000000000000000e+00
   807   3.0000000000000000e+00   1.0000000000000000e+00
   808   2.0000000000000000e+00   1.0000000000000000e+00
   809   1.0000000000000000e+00   1.0000000000000000e+00
   810   2.0000000000000000e+00   1.0000000000000000e+00
   811   3.0000000000000000e+00   1.0000000000000000e+00
   812   4.0000000000000000e+00   1.0000000000000000e+00
   813   5.0000000000000000e+00   1.0000000000000000e+00
   814   6.0000000000000000e+00   1.0000000000000000e+00
   815   7.0000000000000000e+00   1.0000000000000000e+00
   816   8.0000000000000000e+00   1.0000000000000000e+00
   817   9.0000000000000000e+00   1.0000000000000000e+00
   818   1.0000000000000000e+01   1.0000000000000000e+00
   819   1.1000000000000000e+01   1.0000000000000000e+00
   820   1.1000000000000000e+01   1.0000000000000000e-04
   821   1.0000000000000000e+01   1.0000000000000000e+00
   822   9.0000000000000000e+00   1.0000000000000000e+00
   823   8.0000000000000000e+00   1.0000000000000000e+00
   824   7.0000000000000000e+00   1.0000000000000000e+00
   825   6.0000000000000000e+00   1.0000000000000000e+00
   826   5.0000000000000000e+00   1.0000000000000000e+00
   827   4.0000000000000000e+00   1.0000000000000000e+00
   828   3.0000000000000000e+00   1.0000000000000000e+00
   829   2.0000000000000000e+00   1.0000000000000000e+00
   830   1.0000000000000000e+00   1.0000000000000000e+00
   831   2.0000000000000000e+00   1.0000000000000000e+00
   832   3.0000000000000000e+00   1.0000000000000000e+00
   833   4.0000000000000000e+00   1.0000000000000000e+00
   834   5.0000000000000000e+00   1.0000000000000000e+00
   835   6.0000000000000000e+00   1.0000000000000000e+00
   836   7.0000000000000000e+00   1.0000000000000000e+00
   837   8.0000000000000000e+00   1.0000000000000000e+00
   838   9.0000000000000000e+00   1.0000000000000000e+00
   839   1.0000000000000000e+01   1.0000000000000000e+00
   840   1.1000000000000000e+01   1.0000000000000000e+00
   841   1.1000000000000000e+01   1.0000000000000000e-04
   842   1.0000000000000000e+01   1.0000000000000000e+00
   843   9.0000000000000000e+00   1.0000000000000000e+00
   844   8.0000000000000000e+00   1.0000000000000000e+00
   845   7.0000000000000000e+00   1.0000000000000000e+00
   846   6.0000000000000000e+00   1.0000000000000000e+00
   847   5.0000000000000000e+00   1.0000000000000000e+00
   848   4.0000000000000000e+00   1.0000000000000000e+00
   849   3.0000000000000000e+00   1.0000000000000000e+00
   850   2.0000000000000000e+00   1.0000000000000000e+00
   851   1.0000000000000000e+00   1.0000000000000000e+00
   852   2.0000000000000000e+00   1.0000000000000000e+00
   853   3.0000000000000000e+00   1.0000000000000000e+00
   854   4.0000000000000000e+00   1.0000000000000000e+00
   855   5.0000000000000000e+00   1.0000000000000000e+00
   856   6.0000000000000000e+00   1.0000000000000000e+00
   857   7.0000000000000000e+00   1.0000000000000000e+00
   858   8.0000000000000000e+00   1.0000000000000000e+00
   859   9.0000000000000000e+00   1.0000000000000000e+00
   860   1.0000000000000000e+01   1.0000000000000000e+00
   861   1.1000000000000000e+01   1.0000000000000000e+00
   862   1.1000000000000000e+01   1.0000000000000000e-04
   863   1.0000000000000000e+01   1.0000000000000000e+00
   864   9.0000000000000000e+00   1.0000000000000000e+00
   865   8.0000000000000000e+00   1.0000000000000000e+00
   866   7.0000000000000000e+00   1.0000000000000000e+00
   867   6.0000000000000000e+00   1.0000000000000000e+00
   868   5.0000000000000000e+00   1.0000000000000000e+00
   869   4.0000000000000000e+00   1.0000000000000000e+00
   870   3.0000000000000000e+00   1.0000000000000000e+00
   871   2.0000000000000000e+00   1.0000000000000000e+00
   872   1.0000000000000000e+00   1.0000000000000000e+00
   873   2.0000000000000000e+00   1.0000000000000000e+00
   874   3.0000000000000000e+00   1.0000000000000000e+00
   875   4.0000000000000000e+00   1.0000000000000000e+00
   876   5.0000000000000000e+00   1.0000000000000000e+00
   877   6.0000000000000000e+00   1.0000000000000000e+00
   878   7.0000000000000000e+00   1.0000000000000000e+00
   879   8.0000000000000000e+00   1.0000000000000000e+00
   880   9.0000000000000000e+00   1.0000000000000000e+00
   881   1.0000000000000000e+01   1.0000000000000000e+00
   882   1.1000000000000000e+01   1.0000000000000000e+00
   883   1.1000000000000000e+01   1.0000000000000000e-04
   884   1.0000000000000000e+01   1.0000000000000000e+00
   885   9.0000000000000000e+00   1.0000000000000000e+00
   886   8.0000000000000000e+00   1.0000000000000000e+00
   887   7.0000000000000000e+00   1.0000000000000000e+00
   888   6.0000000000000000e+00   1.0000000000000000e+00
   889   5.0000000000000000e+00   1.0000000000000000e+00
   890   4.0000000000000000e+00   1.0000000000000000e+00
   891   3.0000000000000000e+00   1.0000000000000000e+00
   892   2.0000000000000000e+00   1.0000000000000000e+00
   893   1.0000000000000000e+00   1.0000000000000000e+00
   894   2.0000000000000000e+00   1.0000000000000000e+00
   895   3.0000000000000000e+00   1.0000000000000000e+00
   896   4.0000000000000000e+00   1.0000000000000000e+00
   897   5.0000000000000000e+00   1.0000000000000000e+00
   898   6.0000000000000000e+00   1.0000000000000000e+00
   899   7.0000000000000000e+00   1.0000000000000000e+00
   900   8.0000000000000000e+00   1.0000000000000000e+00
   901   9.0000000000000000e+00   1.0000000000000000e+00
   902   1.0000000000000000e+01   1.0000000000000000e+00
   903   1.1000000000000000e+01   1.0000000000000000e+00
   904   1.1000000000000000e+01   1.0000000000000000e-04
   905   1.0000000000000000e+01   1.0000000000000000e+00
   906   9.0000000000000000e+00   1.0000000000000000e+00
   907   8.0000000000000000e+00   1.0000000000000000e+00
   908   7.0000000000000000e+00   1.0000000000000000e+00
   909   6.0000000000000000e+00   1.0000000000000000e+00
   910   5.0000000000000000e+00   1.0000000000000000e+00
   911   4.0000000000000000e+00   1.0000000000000000e+00
   912   3.0000000000000000e+00   1.0000000000000000e+00
   913   2.0000000000000000e+00   1.0000000000000000e+00
   914   1.0000000000000000e+00   1.0000000000000000e+00
   915   2.0000000000000000e+00   1.0000000000000000e+00
   916   3.0000000000000000e+00   1.0000000000000000e+00
   917   4.0000000000000000e+00   1.0000000000000000e+00
   918   5.0000000000000000e+00   1.0000000000000000e+00
   919   6.0000000000000000e+00   1.0000000000000000e+00
   920   7.0000000000000000e+00   1.0000000000000000e+00
   921   8.0000000000000000e+00   1.0000000000000000e+00
   922   9.0000000000000000e+00   1.0000000000000000e+00
   923   1.0000000000000000e+01   1.0000000000000000e+00
   924   1.1000000000000000e+01   1.0000000000000000e+00
   925   1.1000000000000000e+01   1.0000000000000000e-04
   926   1.0000000000000000e+01   1.0000000000000000e+00
   927   9.0000000000000000e+00   1.0000000000000000e+00
   928   8.0000000000000000e+00   1.0000000000000000e+00
   929   7.0000000000000000e+00   1.0000000000000000e+00
   930   6.0000000000000000e+00   1.0000000000000000e+00
   931   5.0000000000000000e+00   1.0000000000000000e+00
   932   4.0000000000000000e+00   1.0000000000000000e+00
   933   3.0000000000000000e+00   1.0000000000000000e+00
   934   2.0000000000000000e+00   1.0000000000000000e+00
   935   1.0000000000000000e+00   1.0000000000000000e+00
   936   2.0000000000000000e+00   1.0000000000000000e+00
   937   3.0000000000000000e+00   1.0000000000000000e+00
   938   4.0000000000000000e+00   1.0000000000000000e+00
   939   5.0000000000000000e+00   1.0000000000000000e+00
   940   6.0000000000000000e+00   1.0000000000000000e+00
   941   7.0000000000000000e+00   1.0000000000000000e+00
   942   8.0000000000000000e+00   1.0000000000000000e+00
   943   9.0000000000000000e+00   1.0000000000000000e+00
   944   1.0000000000000000e+01   1.0000000000000000e+00
   945   1.1000000000000000e+01   1.0000000000000000e+00
   946   1.1000000000000000e+01   1.0000000000000000e-04
   947   1.0000000000000000e+01   1.0000000000000000e+00
   948   9.0000000000000000e+00   1.0000000000000000e+00
   949   8.0000000000000000e+00   1.0000000000000000e+00
   950   7.0000000000000000e+00   1.0000000000000000e+00
   951   6.0000000000000000e+00   1.0000000000000000e+00
   952   5.0000000000000000e+00   1.0000000000000000e+00
   953   4.0000000000000000e+00   1.0000000000000000e+00
   954   3.0000000000000000e+00   1.0000000000000000e+00
   955   2.0000000000000000e+00   1.0000000000000000e+00
   956   1.0000000000000000e+00   1.0000000000000000e+00
   957   2.0000000000000000e+00   1.0000000000000000e+00
   958   3.0000000000000000e+00   1.0000000000000000e+00
   959   4.0000000000000000e+00   1.0000000000000000e+00
   960   5.0000000000000000e+00   1.0000000000000000e+00
   961   6.0000000000000000e+00   1.0000000000000000e+00
   962   7.0000000000000000e+00   1.0000000000000000e+00
   963   8.0000000000000000e+00   1.0000000000000000e+00
   964   9.0000000000000000e+00   1.0000000000000000e+00
   965   1.0000000000000000e+01   1.0000000000000000e+00
   966   1.1000000000000000e+01   1.0000000000000000e+00
   967   1.1000000000000000e+01   1.0000000000000000e-04
   968   1.0000000000000000e+01   1.0000000000000000e+00
   969   9.0000000000000000e+00   1.0000000000000000e+00
   970   8.0000000000000000e+00   1.0000000000000000e+00
   971   7.0000000000000000e+00   1.0000000000000000e+00
   972   6.0000000000000000e+00   1.0000000000000000e+00
   973   5.0000000000000000e+00   1.0000000000000000e+00
   974   4.0000000000000000e+00   1.0000000000000000e+00
   975   3.0000000000000000e+00   1.0000000000000000e+00
   976   2.0000000000000000e+00   1.0000000000000000e+00
   977   1.0000000000000000e+00   1.0000000000000000e+00
   978   2.0000000000000000e+00   1.0000000000000000e+00
   979   3.0000000000000000e+00   1.0000000000000000e+00
   980   4.0000000000000000e+00   1.0000000000000000e+00
   981   5.0000000000000000e+00   1.0000000000000000e+00
   982   6.0000000000000000e+00   1.0000000000000000e+00
   983   7.0000000000000000e+00   1.0000000000000000e+00
   984   8.0000000000000000e+00   1.0000000000000000e+00
   985   9.0000000000000000e+00   0.0000000000000000e+00
