   300
     1    9.999999999999999E-01   -2.752619859700255E-01
     2    1.766003214462983E+00    8.205087307501868E-01
     3    1.187996729160005E+00    7.634176917293943E-01
     4    1.539965406537592E+00    5.025271416672130E-01
     5    1.807549078347142E+00    6.701847373080546E-01
     6    1.364617138147969E+00    6.761017459463425E-01
     7    1.431375784158992E+00   -7.182335992471865E-01
     8    1.619141416976669E+00    6.260582675947711E-01
     9    1.421597712090265E+00    6.405203152150971E-01
    10    1.482466776112655E+00   -7.509091520744524E-01
    11    1.547453749969496E+00    6.003263219419492E-01
    12    1.444341377955017E+00   -7.364415157695853E-01
    13    1.544754779953555E+00    6.418512174922343E-01
    14    1.460258297036482E+00    5.363952868614407E-01
    15    1.419523723491432E+00    7.485704369616452E-01
    16    1.338441820460432E+00    5.739591521041861E-01
    17    1.405717355628355E+00    5.319883112086639E-01
    18    1.382939268390744E+00   -7.143822970060398E-01
    19    1.443751150829156E+00   -4.869646975708836E-01
    20    1.105038501159225E+00    5.178163436602560E-01
    21    1.271688936292176E+00    6.136887828262674E-01
    22    1.462367468426313E+00    5.025832163747155E-01
    23    1.067413489489733E+00   -5.398667359408394E-01
    24    1.042374531579429E+00   -3.260101577079331E-01
    25    1.005701958789968E+00    4.094496068541954E-01
    26    1.076740808051252E+00    6.159470043625910E-01
    27    1.350572326346705E+00    4.982078358980041E-01
    28    1.134086182769606E+00    4.090993529156764E-01
    29    1.005707995249803E+00    4.978125918178858E-01
    30    1.316038569402858E+00   -5.428233691121220E-01
    31    9.419629041142858E-01    3.716397980764427E-01
    32    1.163875197148253E+00    3.427550796070593E-01
    33    8.595214199926229E-01   -5.172238689967978E-01
    34    9.231444500880182E-01   -3.137538200669809E-01
    35    9.634834520866298E-01    3.203041221143421E-01
    36    9.147632983016534E-01    4.436130907780341E-01
    37    8.629248514360919E-01    3.769900061470940E-01
    38    1.012752918177971E+00   -3.869828539271822E-01
    39    9.553408843679447E-01   -3.198417687067799E-01
    40    7.515663827997983E-01    3.878424566311986E-01
    41    9.774445839051695E-01    3.383631333913827E-01
    42    8.351463371140950E-01   -5.150578916670858E-01
    43    1.807961567557260E+00    9.684155099964435E-01
    44    1.507895273785989E+00   -3.098135458244602E-01
    45    9.637111826216831E-01    3.455970726053783E-01
    46    7.881211626788457E-01    4.122309358083537E-01
    47    1.075517629190605E+00   -5.320033527926353E-01
    48    1.649696987803520E+00   -8.512159421853606E-01
    49    1.562630505591814E+00    4.560600424527201E-01
    50    1.074083547150105E+00    3.543140591737085E-01
    51    8.343813206398708E-01    3.358245932612574E-01
    52    9.706233637586412E-01   -5.143165234396604E-01
    53    1.630475319317085E+00   -7.855196438162105E-01
    54    1.486555331716945E+00   -5.272513837475185E-01
    55    9.218353964664348E-01   -1.871606089305443E-01
    56    8.234798690996898E-01    4.146364069178368E-01
    57    1.742436115340245E+00    8.458687562046288E-01
    58    1.081280070591331E+00   -2.986166570414807E-01
    59    9.385450406546350E-01   -2.621829762052700E-01
    60    1.007116070355680E+00    4.027337135575309E-01
    61    7.984042057105715E-01   -6.298004402406100E-01
    62    1.696265133470642E+00   -5.307285758398078E-01
    63    1.357454270369665E+00    2.519236980447304E-01
    64    9.212033336440513E-01    4.676636045201153E-01
    65    7.355091696684961E-01   -2.845563746375480E-01
    66    1.634447535176980E+00    6.316212163888556E-01
    67    1.378080834367683E+00    3.690388192636155E-01
    68    4.668604748031517E-01    1.416093288037037E-01
    69    1.096951176662452E+00   -2.758732994481527E-01
    70    6.454544544903138E-01    4.350633942677514E-01
    71    1.407402972868774E+00    6.197752803109128E-01
    72    1.432778839715810E+00    1.963494965999715E-01
    73    3.923979565080144E-01    1.539380053949124E-01
    74    1.581054384024375E+00   -7.945199408705532E-01
    75    2.031464283985712E+00   -3.066469953452787E-01
    76    2.138912989413161E+00    2.755963628927063E-01
    77    9.759720160455398E-01    3.004981233272989E-01
    78    7.732520711643547E-01    5.975978922760979E-01
    79    1.386395635222704E+00   -2.132753449616036E-01
    80    1.331025196225623E+00    6.961658629765705E-01
    81    2.011819556945588E+00    6.666359787771361E-01
    82    6.856016454789591E-01    7.185458745479190E-02
    83    9.554916085366485E-01   -4.153585980955130E-02
    84    1.506844425674734E+00    4.592709037652951E-01
    85    1.681354634698214E+00   -5.679239476903970E-01
    86    2.010848327351410E+00   -1.047245849013219E-01
    87    9.675387631061079E-01   -2.218054867753240E-02
    88    1.631512279660255E+00    7.229477384305708E-01
    89    1.734792735522776E+00    1.604125353040287E-01
    90    2.044108822324802E-01    1.359486166026930E-01
    91    1.191744324570895E+00   -3.537944622018800E-01
    92    1.357957759059843E+00   -1.637391539695558E-01
    93    2.252139553026315E+00    1.840710677429017E-01
    94    2.481255975256651E-01   -2.325321926445218E-01
    95    1.077577387855523E+00   -3.407219340059783E-01
    96    1.374030905898436E+00   -1.655741362550230E-01
    97    1.048280768000716E+00    9.157465234423676E-01
    98    1.446110246591009E+00    2.343652387632021E-01
    99    4.582285442834287E-01    2.794854435761941E-01
   100    1.290294191971881E+00    2.626440347962782E-01
   101    7.884437441978824E-01    4.364189349954858E-01
   102    2.135616205114213E+00   -5.901846905548399E-01
   103    1.548157182089884E+00    5.748430368779898E-01
   104    6.867000089287171E-01   -3.374702618353622E-01
   105    7.980030669730287E-01    2.651936615525984E-01
   106    1.282942891839438E+00   -4.866468344974408E-01
   107    1.295145439014445E+00   -5.373304965611941E-01
   108    1.514917611296103E+00    2.716382210734898E-01
   109    5.004018405390203E-01   -1.346451281205914E-01
   110    9.508853963341017E-01   -5.487383881993124E-01
   111    7.759674120522915E-01   -2.401526460358264E-01
   112    1.082082562250342E+00   -6.450764998027244E-01
   113    1.563664608565735E+00    3.520215074484508E-01
   114    1.161432407407387E+00   -4.033994736048968E-01
   115    6.418961156504115E-01   -2.129506968609865E-01
   116    9.535245083797050E-01   -5.327972352152645E-01
   117    1.082897678875771E+00   -5.406522552948110E-01
   118    1.582914286914460E+00   -5.266597685119027E-01
   119    1.609005569463248E+00    6.407204822962836E-01
   120    1.077395971153656E+00   -3.183696231772872E-01
   121    6.789110771208045E-01   -3.332291462574240E-01
   122    1.003609416233335E+00    3.659832821791913E-01
   123    9.413978003154919E-01    2.253128461104018E-01
   124    6.983826950693837E-01   -3.411615183018987E-01
   125    8.931940909333962E-01   -3.496624782690860E-01
   126    7.355905349640659E-01    1.884512670857068E-01
   127    1.336889258791247E+00    9.447894975682762E-01
   128    1.314937699312260E+00   -2.086423832252148E-01
   129    1.234323009209855E+00   -3.706935102981970E-01
   130    1.169313938295581E+00   -1.029029447194719E+00
   131    1.776310112844757E+00    2.990166389453351E-01
   132    1.252558306552755E+00    3.808296756928417E-01
   133    9.741243444356631E-01   -3.470513599129316E-01
   134    9.405194297171164E-01    5.567659927542641E-01
   135    9.275968573851705E-01   -2.898355309998746E-01
   136    1.171203694441234E+00    2.353596087361535E-01
   137    1.024462073563292E+00   -9.033319405761950E-01
   138    1.488228402850988E+00   -1.117770812562316E-01
   139    1.174220481176004E+00    3.533512485240299E-01
   140    4.361840754589048E-01    1.614988213023930E-01
   141    9.775342610054829E-01   -1.947765745741391E-01
   142    7.265950345180969E-01   -2.908715895514805E-01
   143    5.340491835711689E-01   -6.675798868817430E-02
   144    9.781964870376726E-01    4.551565279729777E-01
   145    5.408314227864240E-01   -3.461527730689960E-02
   146    6.325608063005332E-01    3.491609812008292E-01
   147    7.818473410307007E-01    1.550198557447746E-01
   148    9.363463361649456E-01   -3.851161183177935E-01
   149    1.045138948326550E+00    5.124685062108402E-01
   150    8.632961780760813E-01   -1.135443887410560E-02
   151    1.537298354901924E+00    6.342702551825351E-01
   152    8.097697641637267E-01    4.670923820204513E-01
   153    1.919080828123163E+00   -4.204613742561762E-01
   154    1.148258156113194E+00   -1.850926262153097E-01
   155    4.908539854896471E-01    4.223495738281361E-01
   156    1.389679974672832E+00   -1.514462118494617E-01
   157    1.125488425812566E+00    9.882029582642500E-02
   158    2.396155825335806E-01   -2.269794994801728E-01
   159    9.621135121525323E-01    1.272714073704367E-01
   160    1.539180030238908E+00    2.261894548950820E-01
   161    3.681148249320101E-01    1.791613851001260E-01
   162    9.177504874295694E-01   -9.375295378641089E-02
   163    4.282593833897294E-01    3.418890878804637E-01
   164    1.241262073407305E+00   -2.819690880950273E-01
   165    7.483704038132784E-01    5.601022592324711E-01
   166    9.979123668230681E-01   -3.910422347127292E-01
   167    1.187866840224070E+00    3.351692595277240E-02
   168    1.043689764783472E+00   -2.023465624556124E-01
   169    1.247560433552531E+00    3.607581525704932E-01
   170    4.825361312001308E-01    2.326843877779631E-01
   171    5.215840282562548E-01    1.685740333610801E-01
   172    1.034799949954827E+00   -2.841456730378595E-01
   173    1.177076059343853E+00    2.593728070082243E-01
   174    7.186647569321509E-01    1.514855631618881E-01
   175    6.610282328241490E-01    3.309371103524992E-01
   176    1.112427690836211E+00    3.172703652894259E-01
   177    4.474432620602984E-01   -3.031054764230070E-01
   178    1.072202898544694E+00    2.299664237741778E-01
   179    1.203816863328559E+00   -1.094959556115140E-01
   180    6.989723518711919E-01    1.863698935252549E-01
   181    9.694067566340249E-01    4.323546160837782E-01
   182    1.383102593732338E+00    4.101537130470168E-01
   183    8.508826295318548E-01    1.428755474984815E-01
   184    1.159963754322827E+00   -2.522236906046442E-01
   185    7.113788249971253E-01   -4.277227899312863E-01
   186    8.640514654602341E-01    3.733463251028081E-01
   187    8.979774080581986E-01   -2.141981996882570E-01
   188    7.806447845253932E-01   -3.303298673725104E-01
   189    8.561276550942218E-01   -2.662178943741266E-01
   190    9.108833032446458E-01   -1.326923572941442E-01
   191    3.705134401960593E-01    1.816737466393583E-01
   192    4.891519463327976E-01    1.244698672278962E-01
   193    1.030333664206722E+00   -1.896360827458196E-01
   194    1.125157209207431E+00   -1.410175047153095E-01
   195    7.049088180725611E-01    3.562546831830071E-01
   196    8.743186290124891E-01    5.073135865280393E-01
   197    9.980346398732314E-01   -2.381541840124043E-01
   198    1.210959029838967E+00   -2.588091519417254E-01
   199    7.986147377915058E-01    4.028930523335437E-01
   200    9.160176622719276E-01   -4.216005785234342E-01
   201    1.339381723181233E+00    2.791211114170754E-01
   202    3.250223052088665E-01    5.300665067040100E-02
   203    1.042285974273592E+00   -2.365907614710727E-01
   204    4.581968085897165E-01    2.544024984407089E-01
   205    7.601401536796561E-01   -1.329910955149391E-01
   206    1.195619374073021E+00    1.565583093919302E-01
   207    3.808104810297701E-01   -2.119276179560551E-01
   208    8.289239390593097E-01   -7.832704957691840E-02
   209    3.193684389289873E-01   -1.133380015642122E-01
   210    1.091083008391900E+00    1.083867608724849E-01
   211    3.942225035718086E-01    1.689344697376081E-01
   212    8.501441253566100E-01    1.169192171514124E-01
   213    3.534585570349732E-01   -2.573016807676529E-01
   214    1.232156796228830E+00   -3.399562656278663E-01
   215    3.766148710456865E-01   -6.724827897055460E-02
   216    6.571494589068121E-01    5.099430692881964E-01
   217    9.105901215750054E-01    2.446185694503855E-01
   218    1.188947394780241E+00    1.584647659639845E-01
   219    5.918703817713891E-01    3.131647990574187E-01
   220    6.274469647761940E-01   -2.653620503331320E-02
   221    1.019848182150506E+00   -2.261081978869934E-01
   222    1.365687378495698E+00    5.172381419772830E-02
   223    2.409633930609356E-01   -1.038324963469637E-01
   224    8.344642381193608E-01    4.248852388750887E-01
   225    6.138341145613915E-01   -2.019056940813125E-01
   226    1.148287780456860E+00   -2.399765260604916E-01
   227    5.364265829485999E-01    2.920617592428412E-01
   228    7.852532174313911E-01    2.040065541408440E-02
   229    6.396970220466061E-01   -9.053528256839820E-02
   230    1.011159278040287E+00   -2.963235628436898E-01
   231    6.565624607869571E-01   -2.391919860986986E-01
   232    3.867659427401507E-01    1.223947390823651E-01
   233    8.768019555156562E-01   -2.408820664968294E-01
   234    4.070525464343006E-01    1.488337299707194E-01
   235    7.231480733999676E-01   -1.594622950370497E-01
   236    7.484765391765011E-01    1.483938345206644E-01
   237    4.013313166211836E-01    1.082883128979796E-01
   238    1.253767067792393E+00   -4.329178969370950E-02
   239    7.359192610671772E-01   -1.508806455255468E-01
   240    6.686525662420095E-01    2.654273726654482E-01
   241    7.480341540360127E-01   -8.656070532565260E-02
   242    1.219624885235226E+00   -2.248664577031566E-01
   243    3.344389725629549E-01    2.989139404605029E-01
   244    1.305701813358637E+00   -1.660857378819018E-01
   245    1.078904860616357E+00   -2.011590694484950E-02
   246    1.128186609912681E+00   -4.934627962158100E-02
   247    9.317606195397579E-01   -2.275279526114944E-01
   248    5.464851137070850E-01   -4.426884929449783E-01
   249    1.220842918398266E+00    1.591655681084257E-01
   250    3.991111170291444E-01    1.534936092870081E-01
   251    9.673481330019972E-01    9.178018885500501E-03
   252    9.422226352408191E-01   -1.720843930752091E-01
   253    3.681481415826449E-01    2.464461461884895E-01
   254    1.244221182032002E+00    8.969209270352430E-02
   255    1.076943517186863E+00    1.296220248910002E-01
   256    6.688818535147595E-01    3.394562985893105E-01
   257    6.860147912759931E-01    1.306945483482950E-02
   258    6.961368679521043E-01   -3.349209274027610E-01
   259    4.990387099944404E-01    1.642154504299870E-02
   260    9.117895956484783E-01   -1.922449296667137E-01
   261    2.608666848499076E-01   -1.321135307058517E-01
   262    9.510497386470695E-01    9.672670405546950E-02
   263    9.709407916677306E-01   -1.539763592673551E-01
   264    7.680549720674674E-01    1.733770426383670E-02
   265    3.171369889750601E-01    1.499068368421320E-01
   266    8.758188222291213E-01    8.563189360660560E-02
   267    3.508941028019605E-01    7.627962226795849E-02
   268    1.047786573364789E+00    1.903432562154978E-01
   269    4.453911595789850E-01    8.508030389361050E-02
   270    5.440789186792165E-01   -2.418314870866875E-01
   271    3.910136613182548E-01    4.031628392592200E-03
   272    9.018071182144343E-01   -8.391410650537411E-02
   273    3.454299702582557E-01   -6.061816039722200E-03
   274    1.124957816889926E+00    5.027756437088710E-02
   275    8.587061769963715E-01    3.079885472337367E-01
   276    4.849869432772123E-01   -8.696292093483460E-02
   277    3.520200995914931E-01   -1.774879848565586E-01
   278    8.648133213288185E-01    1.462417666724200E-03
   279    1.082989829041063E+00   -8.469717386901630E-02
   280    9.572781230224281E-01    5.054503831823250E-02
   281    2.863525134923532E-01   -1.224439189326628E-01
   282    9.910357688541640E-01    1.151677340366640E-02
   283    5.606968235528236E-01   -2.894598599287317E-01
   284    6.844808213180062E-01   -4.035884539956800E-03
   285    9.652971481040036E-01    2.122352068541440E-02
   286    1.090217212775915E+00    4.998077659628460E-02
   287    9.594862832022473E-01    3.043084563737390E-02
   288    9.515066820459581E-01   -3.344474403512000E-04
   289    9.798060812627316E-01    2.433808198186000E-04
   290    9.099139254374704E-01    1.511633241183400E-03
   291    9.249478172094272E-01   -4.306008674230000E-04
   292    1.018439102243374E+00   -3.018475561780000E-05
   293    9.142277233368918E-01   -2.324594097480000E-05
   294    9.618246375217143E-01   -4.950626949392000E-03
   295    9.528999415487112E-01    2.876319081901980E-02
   296    9.424490250670297E-01   -1.389966981105000E-04
   297    9.171858276250953E-01   -6.756044289400000E-06
   298    9.250963198195670E-01    1.545662060000000E-08
   299    9.142277025784211E-01    4.484175920000000E-08
   300    9.171748125361183E-01    0.000000000000000E+00
