   180
     1   -1.105442909094512E+01   -3.548235991078000E-04
     2   -2.061385143366703E-01   -1.223047468089502E-01
     3   -9.203205163252486E+00   -3.930373262570837E+00
     4   -2.699763689253340E+00    1.369707876990621E-01
     5   -4.786517380694594E-01    9.487846354247879E-02
     6   -6.068493951229657E-01    2.765370970000000E-08
     7   -1.087123334470428E+01   -1.360486434287395E+00
     8   -9.306231169462866E-01   -4.233496403610513E-01
     9   -6.610573917820441E-01    8.910891364658111E-02
    10   -1.257534819021993E+00   -1.589949692755504E+00
    11   -1.073258054667188E+01    8.088050853174691E-01
    12   -7.506603945055232E-01    3.371752871278536E-01
    13   -8.547571017879960E-01    2.294622429498634E-01
    14   -1.102076578053030E+00   -2.446854070565239E+00
    15   -1.038207909314140E+01    8.392315048362199E-01
    16   -1.011684038926775E+00    1.637626705613802E-01
    17   -7.839660147615055E-01    1.910581554407607E-01
    18   -2.614221571673200E+00    4.047798557021568E+00
    19   -9.072764716618213E+00   -6.314005140206305E-01
    20   -9.253475702599747E-01    1.852912742262585E-01
    21   -7.413334304081973E-01    2.539039155432498E-01
    22   -2.167951531510044E+00    3.456148684864552E+00
    23   -9.684283160101939E+00    5.105878314462904E-01
    24   -5.184872120730123E-01    2.566893990376140E-01
    25   -6.081723507611517E-01    2.812680606143805E-01
    26   -2.787105724238932E+00   -4.068661261522236E+00
    27   -9.040014619147890E+00    3.229767635155197E-01
    28   -6.015307157059557E-01   -1.086230117743078E-01
    29   -6.802125993707883E-01    4.458926588387380E-01
    30   -9.799495646899723E+00   -3.374723349342312E+00
    31   -1.835232864714012E+00    9.381135429076561E-02
    32   -7.098360758072919E-01    1.132091580611968E-01
    33   -9.989051298570647E-01   -1.747181999413893E+00
    34   -1.072458926339757E+01   -5.181073103946898E-01
    35   -7.023327454030993E-01   -8.109114972536180E-02
    36   -5.629099262848384E-01    3.966618054788804E-01
    37   -1.080533455905560E+01    1.545268416297070E+00
    38   -8.432588485275098E-01   -9.370500492094930E-02
    39   -6.574594887753309E-01   -1.131859667640430E-01
    40   -2.151940423368039E+00    3.799115251319011E+00
    41   -9.426967974864766E+00   -2.420209067970947E-01
    42   -6.127719125699025E-01    1.807178872080051E-01
    43   -7.769081452360317E-01    3.165100695840212E-01
    44   -1.103843749832478E+01   -2.538020442982597E-01
    45   -5.649259365971510E-01    3.797576017737800E-02
    46   -5.995740598760978E-01   -8.867712132634925E-01
    47   -1.097088403315727E+01   -2.809047191865197E-01
    48   -1.170214714093022E+00   -1.187930287807433E-01
    49   -5.947199519864058E-01    1.552491848358050E-01
    50   -6.412488499654340E+00    5.063185348870661E+00
    51   -5.508326795217302E+00   -4.530962639640823E-01
    52   -6.874822015110273E-01    1.458029713068160E-01
    53   -4.923252268522504E-01   -1.496553228465241E-01
    54   -1.832376751749345E+00   -3.655573415188132E+00
    55   -9.602801146481960E+00    1.365794256430870E-01
    56   -4.613975455946839E-01   -3.868541392735788E-01
    57   -8.456135902910817E-01    2.663483468278750E-02
    58   -3.162766745279497E+00    4.436000257128354E+00
    59   -8.499717202553892E+00    7.914267280160161E-01
    60   -7.227952989113541E-01   -2.407238463320750E-02
    61   -9.749894248911811E-01   -5.590473001848500E-02
    62   -1.079052775746950E+01    1.606774142130915E+00
    63   -1.243200779359016E+00    2.397424559706300E-03
    64   -4.028008518389634E-01    1.395737306640803E-01
    65   -6.047052801115792E+00    5.108741397002277E+00
    66   -5.840235008483110E+00    3.661145986451100E-02
    67   -8.115865698683792E-01   -4.880072888110500E-02
    68   -5.391100800046860E-01   -4.786148829248701E-01
    69   -1.020927869498946E+01    2.814657544621173E+00
    70   -1.430081279089354E+00   -5.259353625026870E-02
    71   -7.401213365906048E-01    4.921759382265990E-02
    72   -4.600446417451811E+00   -5.049287653903976E+00
    73   -7.094177975891965E+00   -3.154840776457914E-01
    74   -7.419979054850683E-01    3.553940974065900E-02
    75   -8.584273148234294E-01   -5.212731156905965E-01
    76   -6.769453174207740E+00    5.072837632175332E+00
    77   -5.007505014895306E+00    1.983236633888900E-01
    78   -2.832566352639960E-01   -1.007912252098087E-01
    79   -8.226812024832864E-01   -3.672977420686308E-01
    80   -5.948386915546355E+00   -5.063158501032189E+00
    81   -6.012160671460663E+00   -2.906980226339048E-01
    82   -7.046687350304538E-01   -6.552031203592820E-02
    83   -6.029508961056358E-01   -6.748618523647255E-01
    84   -1.074542361877546E+01   -1.664682585522450E+00
    85   -6.069219223449502E-01    8.973552747412690E-02
    86   -5.032734949445424E-01   -8.149489383741670E-02
    87   -4.655568768191454E+00   -4.897061247059072E+00
    88   -7.284425896713495E+00    4.713830495001584E-01
    89   -6.247116651923112E-01   -8.347466969049550E-02
    90   -5.912061712778476E-01    4.915299294169628E-01
    91   -9.362578760530964E+00   -3.771200282398091E+00
    92   -2.522841342569655E+00    2.975081707976782E-01
    93   -4.576823589682853E-01    4.579049989848120E-02
    94   -1.043311355189930E+00    2.191142277870377E+00
    95   -1.057275406698843E+01   -1.348094430182807E-01
    96   -8.848050430497277E-01   -1.561946115493515E-01
    97   -7.298745167009170E-01   -8.170219091149650E-02
    98   -7.978996768313144E+00   -4.780272760106437E+00
    99   -3.619285694168183E+00   -1.465092935628045E-01
   100   -9.312018826355692E-01    3.190575148459040E-02
   101   -5.503279933029095E-01   -1.222942433699146E+00
   102   -1.090716086755043E+01   -2.162537461829488E-01
   103   -5.543927325799536E-01   -1.328684299837400E-03
   104   -1.345863885312342E+00    1.580990197742941E+00
   105   -1.073870414693892E+01    7.682170663647343E-01
   106   -8.477428140141291E-01   -2.445974447286017E-01
   107   -4.443969150049592E-01   -1.010264542412010E-01
   108   -3.593553384865856E-01    8.920668606942306E-01
   109   -1.088029536668259E+01   -1.003879402726271E+00
   110   -9.031622061165041E-01    2.407138619234270E-02
   111   -8.874013238586429E-01   -1.164814287545095E-01
   112   -1.095734792216937E+01    9.916307939469181E-01
   113   -7.810812752077488E-01    5.784223616569190E-02
   114   -5.588032471074875E-01    2.460092982167257E-01
   115   -6.443732499884219E+00   -5.189332977426250E+00
   116   -5.205128284815559E+00   -7.619288867314260E-02
   117   -2.939663093519096E-01    1.049957932439636E-01
   118   -1.037970044475893E+00    5.259718318634430E-02
   119   -1.082871722394093E+01    1.533337711639637E+00
   120   -6.098859154455073E-01    1.950559524134061E-01
   121   -6.492526714977598E-01    9.003398517761940E-02
   122   -4.737089177138430E+00    5.150440831003096E+00
   123   -6.852034142279708E+00    1.537382292648214E-01
   124   -8.124797023566084E-01    1.921588719369330E-01
   125   -7.570984387539310E-01   -4.112791844647366E-01
   126   -1.098079195013054E+01    7.737487946669125E-01
   127   -5.597801453253064E-01   -7.319692441891069E-02
   128   -9.374435911845957E-01   -1.323515834593459E-01
   129   -5.941576810814567E+00    5.250553891588345E+00
   130   -5.659021998641308E+00    1.224348034070648E-01
   131   -1.109472429668761E+00    1.090460769683245E-01
   132   -5.859460895124099E-01    1.405300558823591E-01
   133   -7.443753843904586E+00   -4.997067950016821E+00
   134   -4.133853021436174E+00   -9.516360847502620E-02
   135   -4.763744453067540E-01   -2.323843500182520E-02
   136   -1.014641534731590E+00   -2.097282976469113E+00
   137   -1.061597368441136E+01    2.760965280871840E-02
   138   -5.526549992503367E-01    3.036912250977620E-02
   139   -1.024015413672955E+01   -2.803206861466578E+00
   140   -1.396650571640313E+00    2.448542102290047E-01
   141   -7.100398867908922E-01    5.330552432950270E-02
   142   -5.387046319775213E-01   -7.638883755694360E-01
   143   -1.097556208141729E+01    4.942087403169073E-01
   144   -4.120764683938263E-01    6.158703153718140E-02
   145   -3.880310803315974E-01   -2.501669216782897E-01
   146   -8.426079783465383E+00   -4.575232909423185E+00
   147   -3.070948892938089E+00   -5.187716716788700E-03
   148   -7.923204409611568E-01    8.919628222525550E-02
   149   -4.191013187937763E+00    4.710827312041373E+00
   150   -7.820150696853146E+00    1.448494660675700E-02
   151   -6.682253790234647E-01    3.591950465490000E-02
   152   -4.267484465704746E-01    2.805213044470292E-01
   153   -1.104689291245603E+01    2.406249764640000E-04
   154   -7.849665811972538E+00    4.861935374285558E+00
   155   -3.677364153374835E+00   -1.675803042828750E-02
   156   -6.343515342422207E-01   -3.689364925658350E-02
   157   -1.113640791543727E+00    2.466551020622589E+00
   158   -1.044165651805819E+01   -5.863836578696730E-02
   159   -5.209748726633847E-01    5.566655329890400E-03
   160   -2.035276467248158E+00    3.711304733346089E+00
   161   -9.526725459361407E+00    3.576336316222300E-02
   162   -4.074755082130028E-01   -5.458215967033950E-02
   163   -5.823371847627035E+00    5.146343010858896E+00
   164   -5.990625178792738E+00    2.880383856255800E-03
   165   -5.591855908132328E-01    2.273423828368198E-01
   166   -1.104934880047445E+01    2.392642137263400E-03
   167   -4.463797981133163E-01    5.836665351350995E-01
   168   -1.102198826849568E+01    5.554999492820000E-05
   169   -1.105322636943831E+01    1.108228447417903E-01
   170   -4.885921964827684E-01    1.221167365898200E-03
   171   -7.914889006122758E-01   -1.646238019144560E+00
   172   -1.079013179000559E+01    2.108206801871000E-04
   173   -1.105418713114700E+01    3.886547060000000E-08
   174   -1.105406441937206E+01   -1.248156802000000E-07
   175   -1.105419858274238E+01   -8.743151334160001E-05
   176   -1.105402685300199E+01    1.575720433000000E-06
   177   -1.105403535292429E+01    3.517001499250000E-05
   178   -1.105440019108265E+01   -6.992889510000000E-08
   179   -1.105398731194566E+01    5.892960000000000E-11
   180   -1.105399012376782E+01    0.000000000000000E+00
