   800
     1    0.000000000000000E+00    1.000000000000000E+00
     2    0.000000000000000E+00    4.440892098500626E-14
     3    0.000000000000000E+00    4.440892098500626E-14
     4    0.000000000000000E+00    4.440892098500626E-14
     5    0.000000000000000E+00    4.440892098500626E-14
     6    0.000000000000000E+00    4.440892098500626E-14
     7    0.000000000000000E+00    4.440892098500626E-14
     8    0.000000000000000E+00    4.440892098500626E-14
     9    0.000000000000000E+00    4.440892098500626E-14
    10    0.000000000000000E+00    4.440892098500626E-14
    11    0.000000000000000E+00    4.440892098500626E-14
    12    0.000000000000000E+00    4.440892098500626E-14
    13    0.000000000000000E+00    4.440892098500626E-14
    14    0.000000000000000E+00    4.440892098500626E-14
    15    0.000000000000000E+00    4.440892098500626E-14
    16    0.000000000000000E+00    4.440892098500626E-14
    17    0.000000000000000E+00    4.440892098500626E-14
    18    0.000000000000000E+00    4.440892098500626E-14
    19    0.000000000000000E+00    4.440892098500626E-14
    20    0.000000000000000E+00    4.440892098500626E-14
    21    0.000000000000000E+00    4.440892098500626E-14
    22    0.000000000000000E+00    4.440892098500626E-14
    23    0.000000000000000E+00    4.440892098500626E-14
    24    0.000000000000000E+00    4.440892098500626E-14
    25    0.000000000000000E+00    4.440892098500626E-14
    26    0.000000000000000E+00    4.440892098500626E-14
    27    0.000000000000000E+00    4.440892098500626E-14
    28    0.000000000000000E+00    4.440892098500626E-14
    29    0.000000000000000E+00    4.440892098500626E-14
    30    0.000000000000000E+00    4.440892098500626E-14
    31    0.000000000000000E+00    4.440892098500626E-14
    32    0.000000000000000E+00    4.440892098500626E-14
    33    0.000000000000000E+00    4.440892098500626E-14
    34    0.000000000000000E+00    4.440892098500626E-14
    35    0.000000000000000E+00    4.440892098500626E-14
    36    0.000000000000000E+00    4.440892098500626E-14
    37    0.000000000000000E+00    4.440892098500626E-14
    38    0.000000000000000E+00    4.440892098500626E-14
    39    0.000000000000000E+00    4.440892098500626E-14
    40    0.000000000000000E+00    4.440892098500626E-14
    41    0.000000000000000E+00    4.440892098500626E-14
    42    0.000000000000000E+00    4.440892098500626E-14
    43    0.000000000000000E+00    4.440892098500626E-14
    44    0.000000000000000E+00    4.440892098500626E-14
    45    0.000000000000000E+00    4.440892098500626E-14
    46    0.000000000000000E+00    4.440892098500626E-14
    47    0.000000000000000E+00    4.440892098500626E-14
    48    0.000000000000000E+00    4.440892098500626E-14
    49    0.000000000000000E+00    4.440892098500626E-14
    50    0.000000000000000E+00    4.440892098500626E-14
    51    0.000000000000000E+00    4.440892098500626E-14
    52    0.000000000000000E+00    4.440892098500626E-14
    53    0.000000000000000E+00    4.440892098500626E-14
    54    0.000000000000000E+00    4.440892098500626E-14
    55    0.000000000000000E+00    4.440892098500626E-14
    56    0.000000000000000E+00    4.440892098500626E-14
    57    0.000000000000000E+00    4.440892098500626E-14
    58    0.000000000000000E+00    4.440892098500626E-14
    59    0.000000000000000E+00    4.440892098500626E-14
    60    0.000000000000000E+00    4.440892098500626E-14
    61    0.000000000000000E+00    4.440892098500626E-14
    62    0.000000000000000E+00    4.440892098500626E-14
    63    0.000000000000000E+00    4.440892098500626E-14
    64    0.000000000000000E+00    4.440892098500626E-14
    65    0.000000000000000E+00    4.440892098500626E-14
    66    0.000000000000000E+00    4.440892098500626E-14
    67    0.000000000000000E+00    4.440892098500626E-14
    68    0.000000000000000E+00    4.440892098500626E-14
    69    0.000000000000000E+00    4.440892098500626E-14
    70    0.000000000000000E+00    4.440892098500626E-14
    71    0.000000000000000E+00    4.440892098500626E-14
    72    0.000000000000000E+00    4.440892098500626E-14
    73    0.000000000000000E+00    4.440892098500626E-14
    74    0.000000000000000E+00    4.440892098500626E-14
    75    0.000000000000000E+00    4.440892098500626E-14
    76    0.000000000000000E+00    4.440892098500626E-14
    77    0.000000000000000E+00    4.440892098500626E-14
    78    0.000000000000000E+00    4.440892098500626E-14
    79    0.000000000000000E+00    4.440892098500626E-14
    80    0.000000000000000E+00    4.440892098500626E-14
    81    0.000000000000000E+00    4.440892098500626E-14
    82    0.000000000000000E+00    4.440892098500626E-14
    83    0.000000000000000E+00    4.440892098500626E-14
    84    0.000000000000000E+00    4.440892098500626E-14
    85    0.000000000000000E+00    4.440892098500626E-14
    86    0.000000000000000E+00    4.440892098500626E-14
    87    0.000000000000000E+00    4.440892098500626E-14
    88    0.000000000000000E+00    4.440892098500626E-14
    89    0.000000000000000E+00    4.440892098500626E-14
    90    0.000000000000000E+00    4.440892098500626E-14
    91    0.000000000000000E+00    4.440892098500626E-14
    92    0.000000000000000E+00    4.440892098500626E-14
    93    0.000000000000000E+00    4.440892098500626E-14
    94    0.000000000000000E+00    4.440892098500626E-14
    95    0.000000000000000E+00    4.440892098500626E-14
    96    0.000000000000000E+00    4.440892098500626E-14
    97    0.000000000000000E+00    4.440892098500626E-14
    98    0.000000000000000E+00    4.440892098500626E-14
    99    0.000000000000000E+00    4.440892098500626E-14
   100    0.000000000000000E+00    4.440892098500626E-14
   101    0.000000000000000E+00    4.440892098500626E-14
   102    0.000000000000000E+00    4.440892098500626E-14
   103    0.000000000000000E+00    4.440892098500626E-14
   104    0.000000000000000E+00    4.440892098500626E-14
   105    0.000000000000000E+00    4.440892098500626E-14
   106    0.000000000000000E+00    4.440892098500626E-14
   107    0.000000000000000E+00    4.440892098500626E-14
   108    0.000000000000000E+00    4.440892098500626E-14
   109    0.000000000000000E+00    4.440892098500626E-14
   110    0.000000000000000E+00    4.440892098500626E-14
   111    0.000000000000000E+00    4.440892098500626E-14
   112    0.000000000000000E+00    4.440892098500626E-14
   113    0.000000000000000E+00    4.440892098500626E-14
   114    0.000000000000000E+00    4.440892098500626E-14
   115    0.000000000000000E+00    4.440892098500626E-14
   116    0.000000000000000E+00    4.440892098500626E-14
   117    0.000000000000000E+00    4.440892098500626E-14
   118    0.000000000000000E+00    4.440892098500626E-14
   119    0.000000000000000E+00    4.440892098500626E-14
   120    0.000000000000000E+00    4.440892098500626E-14
   121    0.000000000000000E+00    4.440892098500626E-14
   122    0.000000000000000E+00    4.440892098500626E-14
   123    0.000000000000000E+00    4.440892098500626E-14
   124    0.000000000000000E+00    4.440892098500626E-14
   125    0.000000000000000E+00    4.440892098500626E-14
   126    0.000000000000000E+00    4.440892098500626E-14
   127    0.000000000000000E+00    4.440892098500626E-14
   128    0.000000000000000E+00    4.440892098500626E-14
   129    0.000000000000000E+00    4.440892098500626E-14
   130    0.000000000000000E+00    4.440892098500626E-14
   131    0.000000000000000E+00    4.440892098500626E-14
   132    0.000000000000000E+00    4.440892098500626E-14
   133    0.000000000000000E+00    4.440892098500626E-14
   134    0.000000000000000E+00    4.440892098500626E-14
   135    0.000000000000000E+00    4.440892098500626E-14
   136    0.000000000000000E+00    4.440892098500626E-14
   137    0.000000000000000E+00    4.440892098500626E-14
   138    0.000000000000000E+00    4.440892098500626E-14
   139    0.000000000000000E+00    4.440892098500626E-14
   140    0.000000000000000E+00    4.440892098500626E-14
   141    0.000000000000000E+00    4.440892098500626E-14
   142    0.000000000000000E+00    4.440892098500626E-14
   143    0.000000000000000E+00    4.440892098500626E-14
   144    0.000000000000000E+00    4.440892098500626E-14
   145    0.000000000000000E+00    4.440892098500626E-14
   146    0.000000000000000E+00    4.440892098500626E-14
   147    0.000000000000000E+00    4.440892098500626E-14
   148    0.000000000000000E+00    4.440892098500626E-14
   149    0.000000000000000E+00    4.440892098500626E-14
   150    0.000000000000000E+00    4.440892098500626E-14
   151    0.000000000000000E+00    4.440892098500626E-14
   152    0.000000000000000E+00    4.440892098500626E-14
   153    0.000000000000000E+00    4.440892098500626E-14
   154    0.000000000000000E+00    4.440892098500626E-14
   155    0.000000000000000E+00    4.440892098500626E-14
   156    0.000000000000000E+00    4.440892098500626E-14
   157    0.000000000000000E+00    4.440892098500626E-14
   158    0.000000000000000E+00    4.440892098500626E-14
   159    0.000000000000000E+00    4.440892098500626E-14
   160    0.000000000000000E+00    4.440892098500626E-14
   161    0.000000000000000E+00    4.440892098500626E-14
   162    0.000000000000000E+00    4.440892098500626E-14
   163    0.000000000000000E+00    4.440892098500626E-14
   164    0.000000000000000E+00    4.440892098500626E-14
   165    0.000000000000000E+00    4.440892098500626E-14
   166    0.000000000000000E+00    4.440892098500626E-14
   167    0.000000000000000E+00    4.440892098500626E-14
   168    0.000000000000000E+00    4.440892098500626E-14
   169    0.000000000000000E+00    4.440892098500626E-14
   170    0.000000000000000E+00    4.440892098500626E-14
   171    0.000000000000000E+00    4.440892098500626E-14
   172    0.000000000000000E+00    4.440892098500626E-14
   173    0.000000000000000E+00    4.440892098500626E-14
   174    0.000000000000000E+00    4.440892098500626E-14
   175    0.000000000000000E+00    4.440892098500626E-14
   176    0.000000000000000E+00    4.440892098500626E-14
   177    0.000000000000000E+00    4.440892098500626E-14
   178    0.000000000000000E+00    4.440892098500626E-14
   179    0.000000000000000E+00    4.440892098500626E-14
   180    0.000000000000000E+00    4.440892098500626E-14
   181    0.000000000000000E+00    4.440892098500626E-14
   182    0.000000000000000E+00    4.440892098500626E-14
   183    0.000000000000000E+00    4.440892098500626E-14
   184    0.000000000000000E+00    4.440892098500626E-14
   185    0.000000000000000E+00    4.440892098500626E-14
   186    0.000000000000000E+00    4.440892098500626E-14
   187    0.000000000000000E+00    4.440892098500626E-14
   188    0.000000000000000E+00    4.440892098500626E-14
   189    0.000000000000000E+00    4.440892098500626E-14
   190    0.000000000000000E+00    4.440892098500626E-14
   191    0.000000000000000E+00    4.440892098500626E-14
   192    0.000000000000000E+00    4.440892098500626E-14
   193    0.000000000000000E+00    4.440892098500626E-14
   194    0.000000000000000E+00    4.440892098500626E-14
   195    0.000000000000000E+00    4.440892098500626E-14
   196    0.000000000000000E+00    4.440892098500626E-14
   197    0.000000000000000E+00    4.440892098500626E-14
   198    0.000000000000000E+00    4.440892098500626E-14
   199    0.000000000000000E+00    4.440892098500626E-14
   200    0.000000000000000E+00    1.490116119384766E-08
   201    0.000000000000000E+00    1.000000000000000E+00
   202    0.000000000000000E+00    4.440892098500626E-14
   203    0.000000000000000E+00    4.440892098500626E-14
   204    0.000000000000000E+00    4.440892098500626E-14
   205    0.000000000000000E+00    4.440892098500626E-14
   206    0.000000000000000E+00    4.440892098500626E-14
   207    0.000000000000000E+00    4.440892098500626E-14
   208    0.000000000000000E+00    4.440892098500626E-14
   209    0.000000000000000E+00    4.440892098500626E-14
   210    0.000000000000000E+00    4.440892098500626E-14
   211    0.000000000000000E+00    4.440892098500626E-14
   212    0.000000000000000E+00    4.440892098500626E-14
   213    0.000000000000000E+00    4.440892098500626E-14
   214    0.000000000000000E+00    4.440892098500626E-14
   215    0.000000000000000E+00    4.440892098500626E-14
   216    0.000000000000000E+00    4.440892098500626E-14
   217    0.000000000000000E+00    4.440892098500626E-14
   218    0.000000000000000E+00    4.440892098500626E-14
   219    0.000000000000000E+00    4.440892098500626E-14
   220    0.000000000000000E+00    4.440892098500626E-14
   221    0.000000000000000E+00    4.440892098500626E-14
   222    0.000000000000000E+00    4.440892098500626E-14
   223    0.000000000000000E+00    4.440892098500626E-14
   224    0.000000000000000E+00    4.440892098500626E-14
   225    0.000000000000000E+00    4.440892098500626E-14
   226    0.000000000000000E+00    4.440892098500626E-14
   227    0.000000000000000E+00    4.440892098500626E-14
   228    0.000000000000000E+00    4.440892098500626E-14
   229    0.000000000000000E+00    4.440892098500626E-14
   230    0.000000000000000E+00    4.440892098500626E-14
   231    0.000000000000000E+00    4.440892098500626E-14
   232    0.000000000000000E+00    4.440892098500626E-14
   233    0.000000000000000E+00    4.440892098500626E-14
   234    0.000000000000000E+00    4.440892098500626E-14
   235    0.000000000000000E+00    4.440892098500626E-14
   236    0.000000000000000E+00    4.440892098500626E-14
   237    0.000000000000000E+00    4.440892098500626E-14
   238    0.000000000000000E+00    4.440892098500626E-14
   239    0.000000000000000E+00    4.440892098500626E-14
   240    0.000000000000000E+00    4.440892098500626E-14
   241    0.000000000000000E+00    4.440892098500626E-14
   242    0.000000000000000E+00    4.440892098500626E-14
   243    0.000000000000000E+00    4.440892098500626E-14
   244    0.000000000000000E+00    4.440892098500626E-14
   245    0.000000000000000E+00    4.440892098500626E-14
   246    0.000000000000000E+00    4.440892098500626E-14
   247    0.000000000000000E+00    4.440892098500626E-14
   248    0.000000000000000E+00    4.440892098500626E-14
   249    0.000000000000000E+00    4.440892098500626E-14
   250    0.000000000000000E+00    4.440892098500626E-14
   251    0.000000000000000E+00    4.440892098500626E-14
   252    0.000000000000000E+00    4.440892098500626E-14
   253    0.000000000000000E+00    4.440892098500626E-14
   254    0.000000000000000E+00    4.440892098500626E-14
   255    0.000000000000000E+00    4.440892098500626E-14
   256    0.000000000000000E+00    4.440892098500626E-14
   257    0.000000000000000E+00    4.440892098500626E-14
   258    0.000000000000000E+00    4.440892098500626E-14
   259    0.000000000000000E+00    4.440892098500626E-14
   260    0.000000000000000E+00    4.440892098500626E-14
   261    0.000000000000000E+00    4.440892098500626E-14
   262    0.000000000000000E+00    4.440892098500626E-14
   263    0.000000000000000E+00    4.440892098500626E-14
   264    0.000000000000000E+00    4.440892098500626E-14
   265    0.000000000000000E+00    4.440892098500626E-14
   266    0.000000000000000E+00    4.440892098500626E-14
   267    0.000000000000000E+00    4.440892098500626E-14
   268    0.000000000000000E+00    4.440892098500626E-14
   269    0.000000000000000E+00    4.440892098500626E-14
   270    0.000000000000000E+00    4.440892098500626E-14
   271    0.000000000000000E+00    4.440892098500626E-14
   272    0.000000000000000E+00    4.440892098500626E-14
   273    0.000000000000000E+00    4.440892098500626E-14
   274    0.000000000000000E+00    4.440892098500626E-14
   275    0.000000000000000E+00    4.440892098500626E-14
   276    0.000000000000000E+00    4.440892098500626E-14
   277    0.000000000000000E+00    4.440892098500626E-14
   278    0.000000000000000E+00    4.440892098500626E-14
   279    0.000000000000000E+00    4.440892098500626E-14
   280    0.000000000000000E+00    4.440892098500626E-14
   281    0.000000000000000E+00    4.440892098500626E-14
   282    0.000000000000000E+00    4.440892098500626E-14
   283    0.000000000000000E+00    4.440892098500626E-14
   284    0.000000000000000E+00    4.440892098500626E-14
   285    0.000000000000000E+00    4.440892098500626E-14
   286    0.000000000000000E+00    4.440892098500626E-14
   287    0.000000000000000E+00    4.440892098500626E-14
   288    0.000000000000000E+00    4.440892098500626E-14
   289    0.000000000000000E+00    4.440892098500626E-14
   290    0.000000000000000E+00    4.440892098500626E-14
   291    0.000000000000000E+00    4.440892098500626E-14
   292    0.000000000000000E+00    4.440892098500626E-14
   293    0.000000000000000E+00    4.440892098500626E-14
   294    0.000000000000000E+00    4.440892098500626E-14
   295    0.000000000000000E+00    4.440892098500626E-14
   296    0.000000000000000E+00    4.440892098500626E-14
   297    0.000000000000000E+00    4.440892098500626E-14
   298    0.000000000000000E+00    4.440892098500626E-14
   299    0.000000000000000E+00    4.440892098500626E-14
   300    0.000000000000000E+00    4.440892098500626E-14
   301    0.000000000000000E+00    4.440892098500626E-14
   302    0.000000000000000E+00    4.440892098500626E-14
   303    0.000000000000000E+00    4.440892098500626E-14
   304    0.000000000000000E+00    4.440892098500626E-14
   305    0.000000000000000E+00    4.440892098500626E-14
   306    0.000000000000000E+00    4.440892098500626E-14
   307    0.000000000000000E+00    4.440892098500626E-14
   308    0.000000000000000E+00    4.440892098500626E-14
   309    0.000000000000000E+00    4.440892098500626E-14
   310    0.000000000000000E+00    4.440892098500626E-14
   311    0.000000000000000E+00    4.440892098500626E-14
   312    0.000000000000000E+00    4.440892098500626E-14
   313    0.000000000000000E+00    4.440892098500626E-14
   314    0.000000000000000E+00    4.440892098500626E-14
   315    0.000000000000000E+00    4.440892098500626E-14
   316    0.000000000000000E+00    4.440892098500626E-14
   317    0.000000000000000E+00    4.440892098500626E-14
   318    0.000000000000000E+00    4.440892098500626E-14
   319    0.000000000000000E+00    4.440892098500626E-14
   320    0.000000000000000E+00    4.440892098500626E-14
   321    0.000000000000000E+00    4.440892098500626E-14
   322    0.000000000000000E+00    4.440892098500626E-14
   323    0.000000000000000E+00    4.440892098500626E-14
   324    0.000000000000000E+00    4.440892098500626E-14
   325    0.000000000000000E+00    4.440892098500626E-14
   326    0.000000000000000E+00    4.440892098500626E-14
   327    0.000000000000000E+00    4.440892098500626E-14
   328    0.000000000000000E+00    4.440892098500626E-14
   329    0.000000000000000E+00    4.440892098500626E-14
   330    0.000000000000000E+00    4.440892098500626E-14
   331    0.000000000000000E+00    4.440892098500626E-14
   332    0.000000000000000E+00    4.440892098500626E-14
   333    0.000000000000000E+00    4.440892098500626E-14
   334    0.000000000000000E+00    4.440892098500626E-14
   335    0.000000000000000E+00    4.440892098500626E-14
   336    0.000000000000000E+00    4.440892098500626E-14
   337    0.000000000000000E+00    4.440892098500626E-14
   338    0.000000000000000E+00    4.440892098500626E-14
   339    0.000000000000000E+00    4.440892098500626E-14
   340    0.000000000000000E+00    4.440892098500626E-14
   341    0.000000000000000E+00    4.440892098500626E-14
   342    0.000000000000000E+00    4.440892098500626E-14
   343    0.000000000000000E+00    4.440892098500626E-14
   344    0.000000000000000E+00    4.440892098500626E-14
   345    0.000000000000000E+00    4.440892098500626E-14
   346    0.000000000000000E+00    4.440892098500626E-14
   347    0.000000000000000E+00    4.440892098500626E-14
   348    0.000000000000000E+00    4.440892098500626E-14
   349    0.000000000000000E+00    4.440892098500626E-14
   350    0.000000000000000E+00    4.440892098500626E-14
   351    0.000000000000000E+00    4.440892098500626E-14
   352    0.000000000000000E+00    4.440892098500626E-14
   353    0.000000000000000E+00    4.440892098500626E-14
   354    0.000000000000000E+00    4.440892098500626E-14
   355    0.000000000000000E+00    4.440892098500626E-14
   356    0.000000000000000E+00    4.440892098500626E-14
   357    0.000000000000000E+00    4.440892098500626E-14
   358    0.000000000000000E+00    4.440892098500626E-14
   359    0.000000000000000E+00    4.440892098500626E-14
   360    0.000000000000000E+00    4.440892098500626E-14
   361    0.000000000000000E+00    4.440892098500626E-14
   362    0.000000000000000E+00    4.440892098500626E-14
   363    0.000000000000000E+00    4.440892098500626E-14
   364    0.000000000000000E+00    4.440892098500626E-14
   365    0.000000000000000E+00    4.440892098500626E-14
   366    0.000000000000000E+00    4.440892098500626E-14
   367    0.000000000000000E+00    4.440892098500626E-14
   368    0.000000000000000E+00    4.440892098500626E-14
   369    0.000000000000000E+00    4.440892098500626E-14
   370    0.000000000000000E+00    4.440892098500626E-14
   371    0.000000000000000E+00    4.440892098500626E-14
   372    0.000000000000000E+00    4.440892098500626E-14
   373    0.000000000000000E+00    4.440892098500626E-14
   374    0.000000000000000E+00    4.440892098500626E-14
   375    0.000000000000000E+00    4.440892098500626E-14
   376    0.000000000000000E+00    4.440892098500626E-14
   377    0.000000000000000E+00    4.440892098500626E-14
   378    0.000000000000000E+00    4.440892098500626E-14
   379    0.000000000000000E+00    4.440892098500626E-14
   380    0.000000000000000E+00    4.440892098500626E-14
   381    0.000000000000000E+00    4.440892098500626E-14
   382    0.000000000000000E+00    4.440892098500626E-14
   383    0.000000000000000E+00    4.440892098500626E-14
   384    0.000000000000000E+00    4.440892098500626E-14
   385    0.000000000000000E+00    4.440892098500626E-14
   386    0.000000000000000E+00    4.440892098500626E-14
   387    0.000000000000000E+00    4.440892098500626E-14
   388    0.000000000000000E+00    4.440892098500626E-14
   389    0.000000000000000E+00    4.440892098500626E-14
   390    0.000000000000000E+00    4.440892098500626E-14
   391    0.000000000000000E+00    4.440892098500626E-14
   392    0.000000000000000E+00    4.440892098500626E-14
   393    0.000000000000000E+00    4.440892098500626E-14
   394    0.000000000000000E+00    4.440892098500626E-14
   395    0.000000000000000E+00    4.440892098500626E-14
   396    0.000000000000000E+00    4.440892098500626E-14
   397    0.000000000000000E+00    4.440892098500626E-14
   398    0.000000000000000E+00    4.440892098500626E-14
   399    0.000000000000000E+00    4.440892098500626E-14
   400    0.000000000000000E+00    1.490116119384766E-08
   401    0.000000000000000E+00    1.000000000000000E+00
   402    0.000000000000000E+00    4.440892098500626E-14
   403    0.000000000000000E+00    4.440892098500626E-14
   404    0.000000000000000E+00    4.440892098500626E-14
   405    0.000000000000000E+00    4.440892098500626E-14
   406    0.000000000000000E+00    4.440892098500626E-14
   407    0.000000000000000E+00    4.440892098500626E-14
   408    0.000000000000000E+00    4.440892098500626E-14
   409    0.000000000000000E+00    4.440892098500626E-14
   410    0.000000000000000E+00    4.440892098500626E-14
   411    0.000000000000000E+00    4.440892098500626E-14
   412    0.000000000000000E+00    4.440892098500626E-14
   413    0.000000000000000E+00    4.440892098500626E-14
   414    0.000000000000000E+00    4.440892098500626E-14
   415    0.000000000000000E+00    4.440892098500626E-14
   416    0.000000000000000E+00    4.440892098500626E-14
   417    0.000000000000000E+00    4.440892098500626E-14
   418    0.000000000000000E+00    4.440892098500626E-14
   419    0.000000000000000E+00    4.440892098500626E-14
   420    0.000000000000000E+00    4.440892098500626E-14
   421    0.000000000000000E+00    4.440892098500626E-14
   422    0.000000000000000E+00    4.440892098500626E-14
   423    0.000000000000000E+00    4.440892098500626E-14
   424    0.000000000000000E+00    4.440892098500626E-14
   425    0.000000000000000E+00    4.440892098500626E-14
   426    0.000000000000000E+00    4.440892098500626E-14
   427    0.000000000000000E+00    4.440892098500626E-14
   428    0.000000000000000E+00    4.440892098500626E-14
   429    0.000000000000000E+00    4.440892098500626E-14
   430    0.000000000000000E+00    4.440892098500626E-14
   431    0.000000000000000E+00    4.440892098500626E-14
   432    0.000000000000000E+00    4.440892098500626E-14
   433    0.000000000000000E+00    4.440892098500626E-14
   434    0.000000000000000E+00    4.440892098500626E-14
   435    0.000000000000000E+00    4.440892098500626E-14
   436    0.000000000000000E+00    4.440892098500626E-14
   437    0.000000000000000E+00    4.440892098500626E-14
   438    0.000000000000000E+00    4.440892098500626E-14
   439    0.000000000000000E+00    4.440892098500626E-14
   440    0.000000000000000E+00    4.440892098500626E-14
   441    0.000000000000000E+00    4.440892098500626E-14
   442    0.000000000000000E+00    4.440892098500626E-14
   443    0.000000000000000E+00    4.440892098500626E-14
   444    0.000000000000000E+00    4.440892098500626E-14
   445    0.000000000000000E+00    4.440892098500626E-14
   446    0.000000000000000E+00    4.440892098500626E-14
   447    0.000000000000000E+00    4.440892098500626E-14
   448    0.000000000000000E+00    4.440892098500626E-14
   449    0.000000000000000E+00    4.440892098500626E-14
   450    0.000000000000000E+00    4.440892098500626E-14
   451    0.000000000000000E+00    4.440892098500626E-14
   452    0.000000000000000E+00    4.440892098500626E-14
   453    0.000000000000000E+00    4.440892098500626E-14
   454    0.000000000000000E+00    4.440892098500626E-14
   455    0.000000000000000E+00    4.440892098500626E-14
   456    0.000000000000000E+00    4.440892098500626E-14
   457    0.000000000000000E+00    4.440892098500626E-14
   458    0.000000000000000E+00    4.440892098500626E-14
   459    0.000000000000000E+00    4.440892098500626E-14
   460    0.000000000000000E+00    4.440892098500626E-14
   461    0.000000000000000E+00    4.440892098500626E-14
   462    0.000000000000000E+00    4.440892098500626E-14
   463    0.000000000000000E+00    4.440892098500626E-14
   464    0.000000000000000E+00    4.440892098500626E-14
   465    0.000000000000000E+00    4.440892098500626E-14
   466    0.000000000000000E+00    4.440892098500626E-14
   467    0.000000000000000E+00    4.440892098500626E-14
   468    0.000000000000000E+00    4.440892098500626E-14
   469    0.000000000000000E+00    4.440892098500626E-14
   470    0.000000000000000E+00    4.440892098500626E-14
   471    0.000000000000000E+00    4.440892098500626E-14
   472    0.000000000000000E+00    4.440892098500626E-14
   473    0.000000000000000E+00    4.440892098500626E-14
   474    0.000000000000000E+00    4.440892098500626E-14
   475    0.000000000000000E+00    4.440892098500626E-14
   476    0.000000000000000E+00    4.440892098500626E-14
   477    0.000000000000000E+00    4.440892098500626E-14
   478    0.000000000000000E+00    4.440892098500626E-14
   479    0.000000000000000E+00    4.440892098500626E-14
   480    0.000000000000000E+00    4.440892098500626E-14
   481    0.000000000000000E+00    4.440892098500626E-14
   482    0.000000000000000E+00    4.440892098500626E-14
   483    0.000000000000000E+00    4.440892098500626E-14
   484    0.000000000000000E+00    4.440892098500626E-14
   485    0.000000000000000E+00    4.440892098500626E-14
   486    0.000000000000000E+00    4.440892098500626E-14
   487    0.000000000000000E+00    4.440892098500626E-14
   488    0.000000000000000E+00    4.440892098500626E-14
   489    0.000000000000000E+00    4.440892098500626E-14
   490    0.000000000000000E+00    4.440892098500626E-14
   491    0.000000000000000E+00    4.440892098500626E-14
   492    0.000000000000000E+00    4.440892098500626E-14
   493    0.000000000000000E+00    4.440892098500626E-14
   494    0.000000000000000E+00    4.440892098500626E-14
   495    0.000000000000000E+00    4.440892098500626E-14
   496    0.000000000000000E+00    4.440892098500626E-14
   497    0.000000000000000E+00    4.440892098500626E-14
   498    0.000000000000000E+00    4.440892098500626E-14
   499    0.000000000000000E+00    4.440892098500626E-14
   500    0.000000000000000E+00    4.440892098500626E-14
   501    0.000000000000000E+00    4.440892098500626E-14
   502    0.000000000000000E+00    4.440892098500626E-14
   503    0.000000000000000E+00    4.440892098500626E-14
   504    0.000000000000000E+00    4.440892098500626E-14
   505    0.000000000000000E+00    4.440892098500626E-14
   506    0.000000000000000E+00    4.440892098500626E-14
   507    0.000000000000000E+00    4.440892098500626E-14
   508    0.000000000000000E+00    4.440892098500626E-14
   509    0.000000000000000E+00    4.440892098500626E-14
   510    0.000000000000000E+00    4.440892098500626E-14
   511    0.000000000000000E+00    4.440892098500626E-14
   512    0.000000000000000E+00    4.440892098500626E-14
   513    0.000000000000000E+00    4.440892098500626E-14
   514    0.000000000000000E+00    4.440892098500626E-14
   515    0.000000000000000E+00    4.440892098500626E-14
   516    0.000000000000000E+00    4.440892098500626E-14
   517    0.000000000000000E+00    4.440892098500626E-14
   518    0.000000000000000E+00    4.440892098500626E-14
   519    0.000000000000000E+00    4.440892098500626E-14
   520    0.000000000000000E+00    4.440892098500626E-14
   521    0.000000000000000E+00    4.440892098500626E-14
   522    0.000000000000000E+00    4.440892098500626E-14
   523    0.000000000000000E+00    4.440892098500626E-14
   524    0.000000000000000E+00    4.440892098500626E-14
   525    0.000000000000000E+00    4.440892098500626E-14
   526    0.000000000000000E+00    4.440892098500626E-14
   527    0.000000000000000E+00    4.440892098500626E-14
   528    0.000000000000000E+00    4.440892098500626E-14
   529    0.000000000000000E+00    4.440892098500626E-14
   530    0.000000000000000E+00    4.440892098500626E-14
   531    0.000000000000000E+00    4.440892098500626E-14
   532    0.000000000000000E+00    4.440892098500626E-14
   533    0.000000000000000E+00    4.440892098500626E-14
   534    0.000000000000000E+00    4.440892098500626E-14
   535    0.000000000000000E+00    4.440892098500626E-14
   536    0.000000000000000E+00    4.440892098500626E-14
   537    0.000000000000000E+00    4.440892098500626E-14
   538    0.000000000000000E+00    4.440892098500626E-14
   539    0.000000000000000E+00    4.440892098500626E-14
   540    0.000000000000000E+00    4.440892098500626E-14
   541    0.000000000000000E+00    4.440892098500626E-14
   542    0.000000000000000E+00    4.440892098500626E-14
   543    0.000000000000000E+00    4.440892098500626E-14
   544    0.000000000000000E+00    4.440892098500626E-14
   545    0.000000000000000E+00    4.440892098500626E-14
   546    0.000000000000000E+00    4.440892098500626E-14
   547    0.000000000000000E+00    4.440892098500626E-14
   548    0.000000000000000E+00    4.440892098500626E-14
   549    0.000000000000000E+00    4.440892098500626E-14
   550    0.000000000000000E+00    4.440892098500626E-14
   551    0.000000000000000E+00    4.440892098500626E-14
   552    0.000000000000000E+00    4.440892098500626E-14
   553    0.000000000000000E+00    4.440892098500626E-14
   554    0.000000000000000E+00    4.440892098500626E-14
   555    0.000000000000000E+00    4.440892098500626E-14
   556    0.000000000000000E+00    4.440892098500626E-14
   557    0.000000000000000E+00    4.440892098500626E-14
   558    0.000000000000000E+00    4.440892098500626E-14
   559    0.000000000000000E+00    4.440892098500626E-14
   560    0.000000000000000E+00    4.440892098500626E-14
   561    0.000000000000000E+00    4.440892098500626E-14
   562    0.000000000000000E+00    4.440892098500626E-14
   563    0.000000000000000E+00    4.440892098500626E-14
   564    0.000000000000000E+00    4.440892098500626E-14
   565    0.000000000000000E+00    4.440892098500626E-14
   566    0.000000000000000E+00    4.440892098500626E-14
   567    0.000000000000000E+00    4.440892098500626E-14
   568    0.000000000000000E+00    4.440892098500626E-14
   569    0.000000000000000E+00    4.440892098500626E-14
   570    0.000000000000000E+00    4.440892098500626E-14
   571    0.000000000000000E+00    4.440892098500626E-14
   572    0.000000000000000E+00    4.440892098500626E-14
   573    0.000000000000000E+00    4.440892098500626E-14
   574    0.000000000000000E+00    4.440892098500626E-14
   575    0.000000000000000E+00    4.440892098500626E-14
   576    0.000000000000000E+00    4.440892098500626E-14
   577    0.000000000000000E+00    4.440892098500626E-14
   578    0.000000000000000E+00    4.440892098500626E-14
   579    0.000000000000000E+00    4.440892098500626E-14
   580    0.000000000000000E+00    4.440892098500626E-14
   581    0.000000000000000E+00    4.440892098500626E-14
   582    0.000000000000000E+00    4.440892098500626E-14
   583    0.000000000000000E+00    4.440892098500626E-14
   584    0.000000000000000E+00    4.440892098500626E-14
   585    0.000000000000000E+00    4.440892098500626E-14
   586    0.000000000000000E+00    4.440892098500626E-14
   587    0.000000000000000E+00    4.440892098500626E-14
   588    0.000000000000000E+00    4.440892098500626E-14
   589    0.000000000000000E+00    4.440892098500626E-14
   590    0.000000000000000E+00    4.440892098500626E-14
   591    0.000000000000000E+00    4.440892098500626E-14
   592    0.000000000000000E+00    4.440892098500626E-14
   593    0.000000000000000E+00    4.440892098500626E-14
   594    0.000000000000000E+00    4.440892098500626E-14
   595    0.000000000000000E+00    4.440892098500626E-14
   596    0.000000000000000E+00    4.440892098500626E-14
   597    0.000000000000000E+00    4.440892098500626E-14
   598    0.000000000000000E+00    4.440892098500626E-14
   599    0.000000000000000E+00    4.440892098500626E-14
   600    0.000000000000000E+00    1.490116119384766E-08
   601    0.000000000000000E+00    1.000000000000000E+00
   602    0.000000000000000E+00    4.440892098500626E-14
   603    0.000000000000000E+00    4.440892098500626E-14
   604    0.000000000000000E+00    4.440892098500626E-14
   605    0.000000000000000E+00    4.440892098500626E-14
   606    0.000000000000000E+00    4.440892098500626E-14
   607    0.000000000000000E+00    4.440892098500626E-14
   608    0.000000000000000E+00    4.440892098500626E-14
   609    0.000000000000000E+00    4.440892098500626E-14
   610    0.000000000000000E+00    4.440892098500626E-14
   611    0.000000000000000E+00    4.440892098500626E-14
   612    0.000000000000000E+00    4.440892098500626E-14
   613    0.000000000000000E+00    4.440892098500626E-14
   614    0.000000000000000E+00    4.440892098500626E-14
   615    0.000000000000000E+00    4.440892098500626E-14
   616    0.000000000000000E+00    4.440892098500626E-14
   617    0.000000000000000E+00    4.440892098500626E-14
   618    0.000000000000000E+00    4.440892098500626E-14
   619    0.000000000000000E+00    4.440892098500626E-14
   620    0.000000000000000E+00    4.440892098500626E-14
   621    0.000000000000000E+00    4.440892098500626E-14
   622    0.000000000000000E+00    4.440892098500626E-14
   623    0.000000000000000E+00    4.440892098500626E-14
   624    0.000000000000000E+00    4.440892098500626E-14
   625    0.000000000000000E+00    4.440892098500626E-14
   626    0.000000000000000E+00    4.440892098500626E-14
   627    0.000000000000000E+00    4.440892098500626E-14
   628    0.000000000000000E+00    4.440892098500626E-14
   629    0.000000000000000E+00    4.440892098500626E-14
   630    0.000000000000000E+00    4.440892098500626E-14
   631    0.000000000000000E+00    4.440892098500626E-14
   632    0.000000000000000E+00    4.440892098500626E-14
   633    0.000000000000000E+00    4.440892098500626E-14
   634    0.000000000000000E+00    4.440892098500626E-14
   635    0.000000000000000E+00    4.440892098500626E-14
   636    0.000000000000000E+00    4.440892098500626E-14
   637    0.000000000000000E+00    4.440892098500626E-14
   638    0.000000000000000E+00    4.440892098500626E-14
   639    0.000000000000000E+00    4.440892098500626E-14
   640    0.000000000000000E+00    4.440892098500626E-14
   641    0.000000000000000E+00    4.440892098500626E-14
   642    0.000000000000000E+00    4.440892098500626E-14
   643    0.000000000000000E+00    4.440892098500626E-14
   644    0.000000000000000E+00    4.440892098500626E-14
   645    0.000000000000000E+00    4.440892098500626E-14
   646    0.000000000000000E+00    4.440892098500626E-14
   647    0.000000000000000E+00    4.440892098500626E-14
   648    0.000000000000000E+00    4.440892098500626E-14
   649    0.000000000000000E+00    4.440892098500626E-14
   650    0.000000000000000E+00    4.440892098500626E-14
   651    0.000000000000000E+00    4.440892098500626E-14
   652    0.000000000000000E+00    4.440892098500626E-14
   653    0.000000000000000E+00    4.440892098500626E-14
   654    0.000000000000000E+00    4.440892098500626E-14
   655    0.000000000000000E+00    4.440892098500626E-14
   656    0.000000000000000E+00    4.440892098500626E-14
   657    0.000000000000000E+00    4.440892098500626E-14
   658    0.000000000000000E+00    4.440892098500626E-14
   659    0.000000000000000E+00    4.440892098500626E-14
   660    0.000000000000000E+00    4.440892098500626E-14
   661    0.000000000000000E+00    4.440892098500626E-14
   662    0.000000000000000E+00    4.440892098500626E-14
   663    0.000000000000000E+00    4.440892098500626E-14
   664    0.000000000000000E+00    4.440892098500626E-14
   665    0.000000000000000E+00    4.440892098500626E-14
   666    0.000000000000000E+00    4.440892098500626E-14
   667    0.000000000000000E+00    4.440892098500626E-14
   668    0.000000000000000E+00    4.440892098500626E-14
   669    0.000000000000000E+00    4.440892098500626E-14
   670    0.000000000000000E+00    4.440892098500626E-14
   671    0.000000000000000E+00    4.440892098500626E-14
   672    0.000000000000000E+00    4.440892098500626E-14
   673    0.000000000000000E+00    4.440892098500626E-14
   674    0.000000000000000E+00    4.440892098500626E-14
   675    0.000000000000000E+00    4.440892098500626E-14
   676    0.000000000000000E+00    4.440892098500626E-14
   677    0.000000000000000E+00    4.440892098500626E-14
   678    0.000000000000000E+00    4.440892098500626E-14
   679    0.000000000000000E+00    4.440892098500626E-14
   680    0.000000000000000E+00    4.440892098500626E-14
   681    0.000000000000000E+00    4.440892098500626E-14
   682    0.000000000000000E+00    4.440892098500626E-14
   683    0.000000000000000E+00    4.440892098500626E-14
   684    0.000000000000000E+00    4.440892098500626E-14
   685    0.000000000000000E+00    4.440892098500626E-14
   686    0.000000000000000E+00    4.440892098500626E-14
   687    0.000000000000000E+00    4.440892098500626E-14
   688    0.000000000000000E+00    4.440892098500626E-14
   689    0.000000000000000E+00    4.440892098500626E-14
   690    0.000000000000000E+00    4.440892098500626E-14
   691    0.000000000000000E+00    4.440892098500626E-14
   692    0.000000000000000E+00    4.440892098500626E-14
   693    0.000000000000000E+00    4.440892098500626E-14
   694    0.000000000000000E+00    4.440892098500626E-14
   695    0.000000000000000E+00    4.440892098500626E-14
   696    0.000000000000000E+00    4.440892098500626E-14
   697    0.000000000000000E+00    4.440892098500626E-14
   698    0.000000000000000E+00    4.440892098500626E-14
   699    0.000000000000000E+00    4.440892098500626E-14
   700    0.000000000000000E+00    4.440892098500626E-14
   701    0.000000000000000E+00    4.440892098500626E-14
   702    0.000000000000000E+00    4.440892098500626E-14
   703    0.000000000000000E+00    4.440892098500626E-14
   704    0.000000000000000E+00    4.440892098500626E-14
   705    0.000000000000000E+00    4.440892098500626E-14
   706    0.000000000000000E+00    4.440892098500626E-14
   707    0.000000000000000E+00    4.440892098500626E-14
   708    0.000000000000000E+00    4.440892098500626E-14
   709    0.000000000000000E+00    4.440892098500626E-14
   710    0.000000000000000E+00    4.440892098500626E-14
   711    0.000000000000000E+00    4.440892098500626E-14
   712    0.000000000000000E+00    4.440892098500626E-14
   713    0.000000000000000E+00    4.440892098500626E-14
   714    0.000000000000000E+00    4.440892098500626E-14
   715    0.000000000000000E+00    4.440892098500626E-14
   716    0.000000000000000E+00    4.440892098500626E-14
   717    0.000000000000000E+00    4.440892098500626E-14
   718    0.000000000000000E+00    4.440892098500626E-14
   719    0.000000000000000E+00    4.440892098500626E-14
   720    0.000000000000000E+00    4.440892098500626E-14
   721    0.000000000000000E+00    4.440892098500626E-14
   722    0.000000000000000E+00    4.440892098500626E-14
   723    0.000000000000000E+00    4.440892098500626E-14
   724    0.000000000000000E+00    4.440892098500626E-14
   725    0.000000000000000E+00    4.440892098500626E-14
   726    0.000000000000000E+00    4.440892098500626E-14
   727    0.000000000000000E+00    4.440892098500626E-14
   728    0.000000000000000E+00    4.440892098500626E-14
   729    0.000000000000000E+00    4.440892098500626E-14
   730    0.000000000000000E+00    4.440892098500626E-14
   731    0.000000000000000E+00    4.440892098500626E-14
   732    0.000000000000000E+00    4.440892098500626E-14
   733    0.000000000000000E+00    4.440892098500626E-14
   734    0.000000000000000E+00    4.440892098500626E-14
   735    0.000000000000000E+00    4.440892098500626E-14
   736    0.000000000000000E+00    4.440892098500626E-14
   737    0.000000000000000E+00    4.440892098500626E-14
   738    0.000000000000000E+00    4.440892098500626E-14
   739    0.000000000000000E+00    4.440892098500626E-14
   740    0.000000000000000E+00    4.440892098500626E-14
   741    0.000000000000000E+00    4.440892098500626E-14
   742    0.000000000000000E+00    4.440892098500626E-14
   743    0.000000000000000E+00    4.440892098500626E-14
   744    0.000000000000000E+00    4.440892098500626E-14
   745    0.000000000000000E+00    4.440892098500626E-14
   746    0.000000000000000E+00    4.440892098500626E-14
   747    0.000000000000000E+00    4.440892098500626E-14
   748    0.000000000000000E+00    4.440892098500626E-14
   749    0.000000000000000E+00    4.440892098500626E-14
   750    0.000000000000000E+00    4.440892098500626E-14
   751    0.000000000000000E+00    4.440892098500626E-14
   752    0.000000000000000E+00    4.440892098500626E-14
   753    0.000000000000000E+00    4.440892098500626E-14
   754    0.000000000000000E+00    4.440892098500626E-14
   755    0.000000000000000E+00    4.440892098500626E-14
   756    0.000000000000000E+00    4.440892098500626E-14
   757    0.000000000000000E+00    4.440892098500626E-14
   758    0.000000000000000E+00    4.440892098500626E-14
   759    0.000000000000000E+00    4.440892098500626E-14
   760    0.000000000000000E+00    4.440892098500626E-14
   761    0.000000000000000E+00    4.440892098500626E-14
   762    0.000000000000000E+00    4.440892098500626E-14
   763    0.000000000000000E+00    4.440892098500626E-14
   764    0.000000000000000E+00    4.440892098500626E-14
   765    0.000000000000000E+00    4.440892098500626E-14
   766    0.000000000000000E+00    4.440892098500626E-14
   767    0.000000000000000E+00    4.440892098500626E-14
   768    0.000000000000000E+00    4.440892098500626E-14
   769    0.000000000000000E+00    4.440892098500626E-14
   770    0.000000000000000E+00    4.440892098500626E-14
   771    0.000000000000000E+00    4.440892098500626E-14
   772    0.000000000000000E+00    4.440892098500626E-14
   773    0.000000000000000E+00    4.440892098500626E-14
   774    0.000000000000000E+00    4.440892098500626E-14
   775    0.000000000000000E+00    4.440892098500626E-14
   776    0.000000000000000E+00    4.440892098500626E-14
   777    0.000000000000000E+00    4.440892098500626E-14
   778    0.000000000000000E+00    4.440892098500626E-14
   779    0.000000000000000E+00    4.440892098500626E-14
   780    0.000000000000000E+00    4.440892098500626E-14
   781    0.000000000000000E+00    4.440892098500626E-14
   782    0.000000000000000E+00    4.440892098500626E-14
   783    0.000000000000000E+00    4.440892098500626E-14
   784    0.000000000000000E+00    4.440892098500626E-14
   785    0.000000000000000E+00    4.440892098500626E-14
   786    0.000000000000000E+00    4.440892098500626E-14
   787    0.000000000000000E+00    4.440892098500626E-14
   788    0.000000000000000E+00    4.440892098500626E-14
   789    0.000000000000000E+00    4.440892098500626E-14
   790    0.000000000000000E+00    4.440892098500626E-14
   791    0.000000000000000E+00    4.440892098500626E-14
   792    0.000000000000000E+00    4.440892098500626E-14
   793    0.000000000000000E+00    4.440892098500626E-14
   794    0.000000000000000E+00    4.440892098500626E-14
   795    0.000000000000000E+00    4.440892098500626E-14
   796    0.000000000000000E+00    4.440892098500626E-14
   797    0.000000000000000E+00    4.440892098500626E-14
   798    0.000000000000000E+00    4.440892098500626E-14
   799    0.000000000000000E+00    4.440892098500626E-14
   800    0.000000000000000E+00    0.000000000000000E+00
