  1088
     1    9.999989854982574E-01    1.332894164407759E-04
     2    6.192960271594165E-07    1.963853782318007E-10
     3    9.999990032643125E-01    7.452721659520161E-13
     4    3.485524461048170E-03    5.892821536952515E-02
     5    9.965143192724606E-01    1.356328349120810E-13
     6    9.999543537249076E-01    6.681875183312587E-03
     7    4.568027201989380E-05    1.172724605182918E-11
     8    7.437825922093884E-01    4.365421134169645E-01
     9    2.562175413310659E-01    1.326265023475929E-13
    10    9.999988807183132E-01    3.500649402241972E-04
    11    1.520204837269828E-06    2.030906421771368E-10
    12    9.999990032642779E-01    2.376459571398006E-08
    13    1.637131590332273E-06    4.465985117943151E-06
    14    9.999990032451401E-01    2.021092932136909E-07
    15    1.785835956172792E-06    3.216315852179075E-07
    16    9.999990032645836E-01    1.591856082604498E-10
    17    2.371935665009493E-06    5.338105470943894E-04
    18    9.999987183094522E-01    8.229102263855280E-14
    19    9.918693257330782E-01    8.979731210245509E-02
    20    8.132200603061674E-03    1.636563199370503E-12
    21    6.700807419004751E-01    4.701818601346548E-01
    22    3.299209642809666E-01    2.738071525812213E-13
    23    9.999990032082483E-01    7.513254932731928E-06
    24    3.192553492901168E-06    3.030404130626573E-08
    25    9.999892879303429E-01    3.116921036429942E-03
    26    1.306804804830084E-05    8.752520809922146E-11
    27    9.999990032642507E-01    5.305594753810036E-09
    28    3.958535797490614E-06    5.875227094459803E-05
    29    9.999989997231610E-01    9.414453894905412E-06
    30    4.105050222565028E-06    2.205902086102180E-08
    31    9.999990032647881E-01    1.260828714228613E-12
    32    5.008026981545747E-02    2.180997545455600E-01
    33    9.499236639133944E-01    3.813942939484894E-13
    34    9.999990032442484E-01    4.312274216186329E-06
    35    5.759009233022643E-06    1.082417394834481E-07
    36    9.999990032646812E-01    2.775064970673488E-11
    37    3.935113495172794E-04    1.966510468062538E-02
    38    9.996121342986214E-01    3.502506016255510E-10
    39    9.474556101156254E-06    1.549602848531983E-03
    40    9.999966019682689E-01    1.459102702246636E-12
    41    2.236890303829938E-01    4.167084311785557E-01
    42    7.763178415107037E-01    7.553857146146532E-13
    43    9.998903522698208E-01    1.042296100049622E-02
    44    1.175334165452439E-04    1.829913372097325E-09
    45    7.795734010270702E-04    2.774759613726860E-02
    46    9.992284727194901E-01    1.836071387050445E-11
    47    5.022390933596966E-03    7.062116144653403E-02
    48    9.949864749435988E-01    2.512003365268265E-12
    49    9.999990026922487E-01    2.383346707314038E-05
    50    1.134509093148439E-05    5.099003151131696E-08
    51    9.999990030214326E-01    1.549829357068498E-05
    52    1.212928407695061E-05    9.388118496754038E-08
    53    9.999990032609075E-01    2.050012609650551E-12
    54    9.908456968475111E-01    9.523330041296368E-02
    55    9.167810830219454E-03    2.833132179077831E-11
    56    9.999281463447834E-01    8.417285828885368E-03
    57    8.669917491243786E-05    1.883399347400585E-08
    58    2.176633419856904E-04    1.420002968112987E-02
    59    9.997973183174378E-01    2.583016253571152E-12
    60    9.998155991836992E-01    1.354130472068110E-02
    61    2.015099270858783E-04    1.036877180905375E-08
    62    4.386291892552600E-04    2.049510834807973E-02
    63    9.995787690481499E-01    3.269431046260341E-12
    64    9.590406676282814E-01    1.981914998842492E-01
    65    4.097881783392539E-02    3.065360118392787E-11
    66    9.999901071644671E-01    2.982582929439345E-03
    67    3.106684809131591E-05    2.850233260042412E-09
    68    9.999981471272247E-01    9.252560650857527E-04
    69    2.469633365253737E-05    1.111898553429222E-08
    70    9.999936703612019E-01    2.309267453484883E-03
    71    3.078696444701833E-05    3.195978869996344E-09
    72    9.999989777046624E-01    1.598216443444444E-04
    73    2.732171943910357E-05    3.882803311115866E-08
    74    9.999990032494802E-01    1.987335854155355E-07
    75    3.035516948031864E-05    6.127166844225210E-05
    76    9.999989994684697E-01    2.647221213060027E-06
    77    3.212991089411928E-05    8.762870280500636E-06
    78    9.999990031407325E-01    1.774596235309618E-08
    79    3.549871562870044E-05    9.113242101001193E-04
    80    9.999981726138186E-01    9.048820565584143E-06
    81    3.614697010105348E-05    1.765309169320713E-06
    82    9.999990032168771E-01    2.152117305072153E-11
    83    9.713766630484783E-01    1.667390447098265E-01
    84    2.866301704492408E-02    9.664236761153396E-11
    85    9.999990032342486E-01    2.793194427548688E-11
    86    2.758159287137502E-01    4.468844443102046E-01
    87    7.242321238219022E-01    3.377580014721749E-11
    88    9.999989875942563E-01    1.249687188024276E-04
    89    5.423815570090405E-05    1.964044525762438E-07
    90    9.999989529616891E-01    2.241667629295756E-04
    91    5.746899541485893E-05    1.204710548975956E-07
    92    9.998809929796555E-01    1.086227854602971E-02
    93    1.779773124117438E-04    3.800854143365613E-09
    94    9.999982445350114E-01    8.709654968521705E-04
    95    6.529032417107892E-05    6.100794982352458E-08
    96    9.999990030939250E-01    8.564468049624711E-06
    97    6.986261552401507E-05    3.752084467554471E-06
    98    9.999990031963196E-01    2.338352902746312E-08
    99    7.841291201346232E-05    1.362165966946330E-03
   100    9.999971475394238E-01    5.361647065175574E-09
   101    1.943995590403034E-04    1.060240595560602E-02
   102    9.998865701662627E-01    1.227537647167926E-09
   103    4.596531551230459E-03    6.699186615364552E-02
   104    9.954903643001712E-01    8.507944838053110E-11
   105    9.999990031342485E-01    6.408149222045368E-08
   106    1.044839309155336E-04    1.237673900043168E-03
   107    9.999973957152841E-01    2.743734542893509E-04
   108    1.060372507456183E-04    6.684137162245296E-07
   109    9.999990027886843E-01    1.250575348479101E-05
   110    1.124601282963088E-04    6.670665083629291E-06
   111    9.999990030130257E-01    3.406524008856672E-09
   112    9.916275835118627E-04    2.944878187583961E-02
   113    9.991309106923141E-01    9.089757171329535E-11
   114    9.999989434322791E-01    2.440395258767550E-04
   115    1.390677201503899E-04    6.846302895622213E-07
   116    9.999472685191380E-01    7.191941878541528E-03
   117    1.962658359149049E-04    3.448537491545980E-08
   118    9.999989994084783E-01    5.867433644001480E-05
   119    1.580400469477644E-04    3.647141362206608E-06
   120    9.916198808749005E-01    9.114585855929233E-02
   121    8.538613614538290E-03    2.079412958320236E-09
   122    9.999990028482754E-01    2.509559794243092E-09
   123    1.346055459708166E-02    1.144465359366452E-01
   124    9.867222675428868E-01    2.098002217534865E-10
   125    9.999990024722488E-01    1.765497697062868E-05
   126    2.085768863700057E-04    2.369882522487209E-05
   127    9.999990018982418E-01    4.447044313515938E-06
   128    2.221556760265289E-04    7.462695311081864E-05
   129    9.999989966328192E-01    2.443308628806363E-06
   130    2.366766852631372E-04    2.372554495393915E-04
   131    9.999989457199152E-01    2.105684471385616E-07
   132    2.671380086251791E-04    3.590402500350269E-03
   133    9.999861067232816E-01    1.103932041471562E-05
   134    2.596542855783379E-04    8.193218492572735E-05
   135    9.999989951317665E-01    1.368835542671434E-06
   136    2.773454957327564E-04    6.149734488498967E-04
   137    9.999986231896212E-01    3.568981255992774E-09
   138    4.441155869682294E-02    2.053136199546840E-01
   139    9.558861543319668E-01    1.366741387749782E-09
   140    9.999982752127441E-01    8.518211085219535E-04
   141    3.319671691122872E-04    8.405764051329521E-07
   142    9.999989869033494E-01    1.236913183113996E-04
   143    3.557137330978905E-04    6.313826353662520E-06
   144    9.999989659039263E-01    1.852727967018785E-04
   145    3.757235633880445E-04    8.630564812626869E-06
   146    9.999990007430151E-01    1.105055029654644E-07
   147    4.926889861588335E-04    9.392362201743399E-03
   148    9.999107407764312E-01    2.058267063893783E-07
   149    4.485075237045151E-04    4.175544422556226E-03
   150    9.999815586320875E-01    4.043673313997956E-09
   151    1.091567208046606E-01    3.111776198889552E-01
   152    8.913024172403273E-01    1.753430539238835E-09
   153    9.000059389844666E-01    2.999083945901445E-01
   154    1.004861310196964E-01    7.037899252393450E-09
   155    9.999989987463410E-01    1.245931813922582E-07
   156    9.490804407252040E-04    1.977669476399379E-02
   157    9.996075084517670E-01    4.150206199946128E-06
   158    5.769215518249820E-04    5.266942466153229E-04
   159    9.999987219692732E-01    9.105963196726977E-07
   160    6.224562630308621E-04    2.486151538289850E-03
   161    9.999928111504320E-01    7.334567059405672E-09
   162    2.463169672932103E-01    4.302858772631306E-01
   163    7.543437628639638E-01    3.101383540411943E-07
   164    8.327853925741449E-04    1.243077505554650E-02
   165    9.998443400819929E-01    5.505882186687648E-09
   166    9.999868826270166E-01    3.478659967715399E-03
   167    7.741563339216436E-04    1.644887188761217E-06
   168    5.304494231697031E-01    4.987103891495714E-01
   169    4.703167857243862E-01    4.665791734849253E-08
   170    3.763676215764366E-02    1.882683608440434E-01
   171    9.631677726237511E-01    5.201102183899475E-09
   172    9.999722432026138E-01    5.169639094583922E-03
   173    8.969005749839870E-04    9.701788870375215E-07
   174    9.997767331672077E-01    1.489994904774550E-02
   175    1.130114267974794E-03    3.775026915829851E-07
   176    9.999989717732021E-01    1.216779685791298E-04
   177    9.813216330200646E-04    7.119143816910346E-05
   178    9.999989782863125E-01    3.292557754690684E-05
   179    1.033779370962393E-03    4.228109675253008E-04
   180    9.999987985367689E-01    7.424082922555386E-09
   181    9.999924988620669E-01    2.545143550059882E-03
   182    1.170560044177524E-03    6.169728287910295E-06
   183    9.997494555172479E-01    1.578479580682380E-02
   184    1.441899393524453E-03    5.323775603633262E-07
   185    9.999989855658957E-01    4.027226355592053E-05
   186    1.305438198662219E-03    3.178100634762484E-04
   187    9.999784747894019E-01    4.512665735333299E-03
   188    1.358389894683248E-03    2.160597090788903E-06
   189    9.999989882611195E-01    1.659155071309230E-06
   190    1.498484831673354E-03    6.249991656278623E-03
   191    9.999598353763488E-01    3.612871538857437E-08
   192    9.999844177227037E-01    3.809302159561868E-03
   193    1.591753994113655E-03    3.028695436585243E-06
   194    9.999989671761117E-01    8.245760199869590E-05
   195    1.701160295072955E-03    3.302044772832020E-04
   196    9.999988173227319E-01    2.327657114634034E-08
   197    9.994454534278001E-01    2.349875240775486E-02
   198    2.407158397636323E-03    8.582214430839415E-07
   199    9.999989260354200E-01    3.850349022474551E-08
   200    9.772376724281836E-01    1.489787436172950E-01
   201    2.489167714815557E-02    1.691145769326684E-07
   202    9.984450740901689E-01    3.934503480995003E-02
   203    3.771846915862397E-03    5.566142401027875E-07
   204    9.915642355229828E-01    9.134646444184723E-02
   205    1.073342800717547E-02    3.507672702699072E-07
   206    9.999989185393657E-01    4.381620789446605E-08
   207    9.999988976143057E-01    1.899473235483072E-07
   208    6.786472565347443E-02    2.462487639703792E-01
   209    9.349455570171020E-01    5.263062369025099E-08
   210    9.998854387373256E-01    1.063500481006355E-02
   211    3.138364442816836E-03    5.049474028830111E-06
   212    9.999989096844328E-01    2.557459323872684E-05
   213    3.263859111450352E-03    1.749449711007833E-03
   214    9.999958472909281E-01    3.572655335858091E-08
   215    9.999987262664068E-01    4.157266006972784E-04
   216    3.695797749751519E-03    2.774765496500480E-04
   217    9.998531947336741E-01    1.203159956122683E-02
   218    3.959611573831259E-03    1.273253426091539E-05
   219    9.916134980279825E-01    9.100863150406455E-02
   220    1.225335353227969E-02    7.442526394368752E-07
   221    9.999490878280344E-01    7.030939414727984E-03
   222    4.238412264991761E-03    2.202073020781476E-05
   223    9.999987106057151E-01    1.426617145940901E-04
   224    4.356276074888798E-03    9.130852889829809E-04
   225    9.999979059592868E-01    1.856790056986170E-05
   226    4.610195880492688E-03    6.480674290245777E-03
   227    9.999565905595360E-01    1.168278757093800E-07
   228    9.999987157484260E-01    1.928122826481407E-07
   229    8.295106163514681E-01    3.748395598442950E-01
   230    1.758660782720885E-01    5.506570701390701E-07
   231    9.999903528340361E-01    2.825656523326587E-03
   232    5.762318638938560E-03    1.305322155981711E-04
   233    9.999984457662456E-01    2.699371421075138E-04
   234    6.067520027196807E-03    4.158280205215611E-04
   235    9.999984690444390E-01    2.851948959355351E-07
   236    9.999563341167691E-01    6.456716385451042E-03
   237    6.741232423387952E-03    5.583202723883515E-05
   238    9.999982705950606E-01    2.197637936645957E-04
   239    7.093787726878420E-03    1.320364381104562E-03
   240    9.999966212555949E-01    5.361783874184990E-05
   241    7.535224407477564E-03    5.831456149146680E-03
   242    9.999641531397681E-01    1.506360257876365E-04
   243    7.641629671913194E-03    1.987187980605068E-03
   244    9.999943895058628E-01    4.095159959618986E-07
   245    9.999980180431498E-01    3.359903467642922E-07
   246    9.999879894621764E-01    3.194099525980449E-03
   247    9.385455179547980E-03    1.629271459450332E-04
   248    9.842130772763851E-01    1.240387334105765E-01
   249    2.529330749742815E-02    5.530015725313770E-06
   250    6.683949313718226E-01    4.673545631738785E-01
   251    3.413160545216365E-01    1.678517586074578E-06
   252    9.745709088153560E-01    1.565727165480494E-01
   253    3.582680836949234E-02    6.264703623548949E-06
   254    9.999962762089497E-01    9.827055814748168E-04
   255    1.077821389898000E-02    8.149045882675579E-04
   256    9.999963950160345E-01    2.080438603732814E-06
   257    2.167521624757996E-01    4.006957304482796E-01
   258    7.950082781432356E-01    7.101848386306821E-06
   259    1.906263636126709E-02    8.263076724714434E-02
   260    9.930363964737088E-01    1.649759620202295E-04
   261    1.240530446129550E-02    9.897885696990426E-03
   262    9.998963564088588E-01    1.342834372627988E-06
   263    9.992882238292433E-01    2.642251801638015E-02
   264    1.408134106453955E-02    5.685836226184286E-05
   265    9.999953192572446E-01    4.443900761682283E-05
   266    1.724645863246831E-02    5.452638564355194E-02
   267    9.969689043762739E-01    6.369888808449394E-06
   268    7.874287710951691E-02    2.425354687361751E-01
   269    9.361448564185902E-01    1.593702014760619E-06
   270    9.999952672950302E-01    1.922098263498946E-06
   271    9.213511054032162E-01    2.667141131897975E-01
   272    9.546749150282798E-02    7.073488333758448E-06
   273    9.999773080490615E-01    3.770554306298843E-03
   274    1.783535960808240E-02    7.170846738671131E-04
   275    9.999944470826403E-01    2.702114646453962E-06
   276    9.996602305290303E-01    1.807547697137858E-02
   277    2.021485461007925E-02    1.138672665366890E-04
   278    9.991742531302280E-01    2.828475725892698E-02
   279    2.131983455319426E-02    1.124045058796880E-04
   280    9.956317531136044E-01    6.520555016500609E-02
   281    2.543055533824543E-02    4.599272419021968E-05
   282    9.999893964643736E-01    1.647550356448831E-03
   283    2.243353139281118E-02    1.633464417353407E-03
   284    9.999852836526458E-01    6.122068355445566E-04
   285    2.378400840780540E-02    1.257963361729044E-02
   286    9.998043493860652E-01    4.431099760932982E-03
   287    2.363028021340391E-02    8.367982505008682E-04
   288    9.999901383168697E-01    8.292671338206651E-04
   289    2.481642841175767E-02    6.197469840443007E-03
   290    9.999475244483063E-01    5.951742044201456E-06
   291    9.976933585185555E-01    4.718145206247892E-02
   292    2.907196799229093E-02    1.295016470156119E-04
   293    9.999873536399116E-01    2.400636129751985E-05
   294    9.936677504457471E-02    2.520765795642720E-01
   295    9.294297544504131E-01    6.154848312430765E-06
   296    9.999871625558497E-01    7.574685601675375E-06
   297    9.630813096292047E-01    1.852257932918371E-01
   298    7.027633443854508E-02    8.426350155830418E-05
   299    2.351165273491156E-01    3.924650223938740E-01
   300    7.986047324869303E-01    6.593552585654595E-05
   301    5.033918836088302E-02    1.175179911738471E-01
   302    9.854394096082875E-01    1.771049007743102E-03
   303    3.484907678752137E-02    3.778634279881698E-03
   304    9.999652737257758E-01    2.523424084697249E-05
   305    2.234377982696658E-01    3.797731706585444E-01
   306    8.142490673575188E-01    5.965456718273777E-04
   307    3.833376457824457E-02    1.570967888547383E-02
   308    9.997194025839995E-01    1.359189055490553E-05
   309    9.984090376822852E-01    3.860528914912385E-02
   310    4.325040562792502E-02    3.953581935049576E-04
   311    9.983336810334045E-01    3.959236748142100E-02
   312    4.394950050599639E-02    3.560585128073496E-04
   313    9.396242168218351E-01    2.325838849043273E-01
   314    1.034880683293634E-01    6.198288993894334E-05
   315    9.999627346133307E-01    2.552169972353689E-03
   316    4.551874116178582E-02    5.106490993692963E-03
   317    9.999002595731922E-01    5.305644349353657E-03
   318    4.707078060872251E-02    6.146449941936437E-03
   319    9.998954418538774E-01    1.939546133700393E-05
   320    9.952939027561279E-01    6.639815422040088E-02
   321    5.558838935190226E-02    3.464090644195612E-04
   322    8.986446172195781E-01    2.927769713374562E-01
   323    1.538670673628896E-01    6.287956288053894E-05
   324    9.998496069915004E-01    9.845584427597774E-03
   325    5.523863837070632E-02    2.085417119596035E-03
   326    9.999389005629549E-01    3.172723724448841E-05
   327    9.695199991947082E-01    1.663597756621633E-01
   328    8.991688582657162E-02    1.768146215990230E-04
   329    9.692008391718130E-01    1.669805538400181E-01
   330    9.301912498600261E-02    2.079312099566289E-04
   331    9.986276397393564E-01    3.472129897543812E-02
   332    6.555647378923719E-02    8.400968926380943E-04
   333    9.936825764710181E-01    7.609417141844396E-02
   334    7.225092871248497E-02    5.100014579722379E-04
   335    9.369663519138940E-01    2.340049520463923E-01
   336    1.301879902325542E-01    2.615150063843766E-04
   337    3.134002767581734E-01    4.100255861191899E-01
   338    7.550499548742149E-01    4.653464502100481E-05
   339    9.998941023640496E-01    4.821585312603988E-05
   340    8.748821780629968E-01    3.161541590853337E-01
   341    2.004267723408119E-01    2.396726549687609E-04
   342    4.849407699388791E-01    4.583867201947322E-01
   343    5.918693556675083E-01    4.335570746539147E-05
   344    9.999269792587674E-01    1.246796792653757E-03
   345    8.590476575694762E-02    4.335983499143022E-02
   346    9.977317195312223E-01    7.495261231305561E-03
   347    8.560258350075232E-02    7.655948106921415E-03
   348    9.996115072408421E-01    1.293080740588345E-02
   349    8.648112433328108E-02    5.882844832911740E-03
   350    9.997671360949093E-01    1.222281542712774E-04
   351    5.853081382993660E-01    4.522998541831097E-01
   352    5.063408746426985E-01    1.715303074958881E-04
   353    6.901988450092242E-01    4.296394598983856E-01
   354    4.035844711718980E-01    1.526067426412471E-04
   355    9.991903536111640E-01    2.334725117825258E-02
   356    1.006037660266258E-01    4.527498040583088E-03
   357    9.994925830259964E-01    1.444846060914993E-02
   358    1.021456265814140E-01    6.688293623488478E-03
   359    9.997949342372502E-01    8.352260449905052E-05
   360    9.978085072716999E-01    4.127635127680053E-02
   361    1.115618274534078E-01    3.895605943396663E-03
   362    9.996669768846079E-01    1.651176794093142E-04
   363    7.153715850065001E-01    4.128130011925620E-01
   364    4.002233739087632E-01    3.114385539822536E-04
   365    9.995282840368224E-01    2.855752195215284E-04
   366    6.822991287871606E-01    4.201797362628905E-01
   367    4.433418528094902E-01    2.346982131061141E-04
   368    9.997048780337014E-01    3.216306428038569E-03
   369    1.385084158521633E-01    5.181331589675841E-02
   370    9.964555650581649E-01    1.074922493387175E-03
   371    1.608512871821743E-01    1.366011184802832E-01
   372    9.773340153488116E-01    3.550919912468401E-04
   373    5.488203957044118E-01    4.262880014899099E-01
   374    5.964114353564938E-01    3.712413637676735E-04
   375    8.525454723645035E-01    3.211634802462812E-01
   376    2.970705436647687E-01    5.902045706317747E-04
   377    9.991520638555280E-01    2.011756444980679E-02
   378    1.581433649340882E-01    9.289576931954847E-03
   379    9.991677725792042E-01    6.190985219929562E-03
   380    1.711619012921360E-01    5.286459206521952E-02
   381    9.959055674848465E-01    2.873281324889196E-03
   382    1.812159077442427E-01    9.240433347654915E-02
   383    9.889367590297693E-01    4.880144976216770E-04
   384    4.334109085708209E-01    3.800958842625831E-01
   385    7.443479757577656E-01    1.921297070918088E-03
   386    1.952659333705642E-01    1.134372298290020E-01
   387    9.831823584978671E-01    6.056274073264602E-04
   388    9.701138564095092E-01    1.495447245798828E-01
   389    2.251902373085664E-01    2.091920007295591E-03
   390    8.514393868341041E-01    3.124924315302116E-01
   391    3.389989072609041E-01    1.139942930875769E-03
   392    9.986493114641016E-01    5.580775448973946E-04
   393    9.418352355370646E-01    2.047424917740555E-01
   394    2.647681397084814E-01    2.010261791603274E-03
   395    9.983913687122846E-01    2.053814776582143E-02
   396    2.210643199391904E-01    2.143505485592816E-02
   397    9.980745209655887E-01    1.261555265554552E-02
   398    2.255461792985200E-01    3.396823344445341E-02
   399    9.970886212934817E-01    1.333469255703915E-02
   400    2.326633766298620E-01    5.024382058619794E-02
   401    9.940346699075249E-01    1.270634324609469E-03
   402    9.434822063037590E-01    1.958482859774218E-01
   403    2.982229942332760E-01    2.934281030711211E-03
   404    9.926497587375643E-01    6.513181096070608E-02
   405    2.670247762059217E-01    7.764263056265559E-03
   406    9.882971411245275E-01    8.626799408362813E-02
   407    2.732773821967062E-01    5.494844128821507E-03
   408    9.495990752553743E-01    1.835961840742071E-01
   409    3.148054428295081E-01    2.751219072602995E-03
   410    9.155573244965315E-01    2.294336820034892E-01
   411    3.578034485576457E-01    3.160637306021257E-03
   412    9.968888111242963E-01    2.051936128108494E-02
   413    2.876428370342889E-01    5.613262728744616E-02
   414    9.931984155849422E-01    5.436777451237409E-03
   415    3.104161903877188E-01    1.110546803853444E-01
   416    9.800305675170944E-01    9.183371521774992E-03
   417    3.145987134829398E-01    7.074809346057416E-02
   418    9.905757519286364E-01    6.084702904227694E-03
   419    3.362492116766321E-01    1.306139725368217E-01
   420    9.713669243963255E-01    2.631677140812737E-03
   421    5.704244595725251E-01    3.246864795638401E-01
   422    7.495436233639927E-01    2.385657609946988E-03
   423    8.247245856209215E-01    2.911805444885918E-01
   424    5.021704531258493E-01    6.783326782667434E-03
   425    5.387476272846990E-01    2.908628761770427E-01
   426    8.122833558450204E-01    1.704389345147655E-03
   427    9.743443407162621E-01    1.188004747576729E-01
   428    3.843683131680126E-01    7.154935133527237E-03
   429    9.506258383406399E-01    1.629650774149750E-01
   430    4.070472629527457E-01    1.305944175011740E-02
   431    9.774401984310100E-01    9.521807551464130E-02
   432    3.926861826651660E-01    1.930286692253240E-02
   433    9.905596053671857E-01    1.945184667491023E-02
   434    4.247397818029908E-01    1.393812797047961E-01
   435    9.575919649564744E-01    1.070415746084727E-02
   436    4.879045656030355E-01    2.006818585225743E-01
   437    9.129951535679282E-01    5.319404505577031E-03
   438    6.428072315294314E-01    2.726888106342895E-01
   439    7.783859924740796E-01    1.576381388783982E-02
   440    6.061928366608145E-01    2.658389159279340E-01
   441    8.021929337859991E-01    9.668418924375826E-03
   442    5.194137475854662E-01    1.880215410321470E-01
   443    9.172676685719270E-01    1.138211036154393E-02
   444    6.793155799109432E-01    2.592668468608585E-01
   445    7.642174454718503E-01    2.283627597115592E-02
   446    5.365716804937631E-01    1.727606386388325E-01
   447    9.207895073843640E-01    8.840803713098436E-03
   448    9.174806198438706E-01    1.708487804471214E-01
   449    5.603047718415278E-01    1.729432375306033E-02
   450    9.380844541395720E-01    1.379109137771629E-01
   451    5.290958388713158E-01    3.751267633986332E-02
   452    9.080592566280506E-01    1.761781185212440E-01
   453    5.833783872506633E-01    1.584290262931698E-02
   454    7.955470066048542E-01    2.336516379186651E-01
   455    7.042827406580623E-01    1.355694326441852E-02
   456    8.712090141968410E-01    1.988739292995871E-01
   457    6.429435154313385E-01    2.253341723283979E-02
   458    7.656582465184848E-01    2.217914495660077E-01
   459    7.291128195812832E-01    2.558680869592018E-02
   460    8.855547293584607E-01    1.659230841011985E-01
   461    6.344216972747176E-01    3.756824465192998E-02
   462    9.188457916369734E-01    1.384963705158713E-01
   463    6.472412110536780E-01    4.522372116816140E-02
   464    7.485795338489803E-01    1.862124275085454E-01
   465    8.127606185280051E-01    3.714738688451334E-02
   466    7.643892829058746E-01    1.753191308812386E-01
   467    7.470407735649437E-01    4.710992227711211E-02
   468    8.354534411527613E-01    1.692939313806189E-01
   469    7.459573019087209E-01    6.149694388238908E-02
   470    7.262057317362669E-01    1.346212951759611E-01
   471    8.554811516572475E-01    6.587746783975101E-02
   472    7.448494484941729E-01    1.420440218732302E-01
   473    8.279399885267219E-01    5.235587741885599E-02
   474    8.661994417332902E-01    1.047141508845956E-01
   475    6.933978492670775E-01    1.063745373938274E-01
   476    8.690616867639613E-01    8.764912890725089E-02
   477    7.827573603838583E-01    1.095459514012478E-01
   478    7.881064575661273E-01    7.388601159665502E-02
   479    8.023787828607418E-01    1.216725041360610E-01
   480    8.248130125282901E-01    9.136942535368332E-02
   481    7.840024823364867E-01    9.087647417561547E-02
   482    7.996398061031679E-01    1.118966373350637E-01
   483    7.854208699940193E-01    7.906883240127235E-02
   484    8.738455135639039E-01    8.631887033329186E-02
   485    7.850175098571508E-01    8.183581864261570E-02
   486    8.377169516968814E-01    1.021674013956020E-01
   487    8.186635802621066E-01    8.456555858485243E-02
   488    7.976104006407417E-01    7.423963356791934E-02
   489    8.451494796015062E-01    9.418644334630674E-02
   490    8.504361483049502E-01    7.870660994896227E-02
   491    8.074680729493501E-01    8.606472897423671E-02
   492    8.511097203466467E-01    7.334961306981780E-02
   493    8.282076916399346E-01    8.663204054855893E-02
   494    8.059392831199055E-01    9.529567296581375E-02
   495    8.626872212426748E-01    6.571450705295037E-02
   496    8.663116781411415E-01    7.211624567111964E-02
   497    8.238845367936956E-01    7.953427879522060E-02
   498    8.750169581116055E-01    5.741182491103130E-02
   499    8.472992944051196E-01    8.874515473120080E-02
   500    8.135563805925701E-01    6.464118356604899E-02
   501    9.147214329968332E-01    4.992195913357217E-02
   502    8.345754753079551E-01    9.012946305324529E-02
   503    8.719606593272983E-01    6.478794687828125E-02
   504    8.519895802666687E-01    7.701267649744589E-02
   505    8.475675036724147E-01    5.693716510792309E-02
   506    8.686720778702122E-01    8.186393784203458E-02
   507    8.657326855147608E-01    5.628688347311329E-02
   508    8.811720263155076E-01    5.831073772856508E-02
   509    8.834385238906179E-01    5.411587099768259E-02
   510    8.932239105604167E-01    6.992453097100935E-02
   511    8.530336703716500E-01    4.770741397863758E-02
   512    8.917748759281191E-01    6.714827919224124E-02
   513    8.889031154681446E-01    4.135824703425777E-02
   514    9.153268140242306E-01    5.128618516323220E-02
   515    8.967244833365310E-01    5.664431598516671E-02
   516    8.760840418214008E-01    5.635192277845982E-02
   517    8.939921087777916E-01    4.506944292486215E-02
   518    9.119852143850175E-01    4.312611468121444E-02
   519    9.059564097861666E-01    4.881356066079099E-02
   520    9.211434691832205E-01    4.352523289718797E-02
   521    9.036896727614391E-01    4.260173595970738E-02
   522    9.128558710250096E-01    4.320962518088514E-02
   523    9.195828598115039E-01    4.407635674911464E-02
   524    9.194026621067263E-01    3.496850409048798E-02
   525    9.272075840679516E-01    2.663516664780115E-02
   526    9.310844451864201E-01    4.488534341466568E-02
   527    9.237806700330342E-01    3.012186346233494E-02
   528    9.460382228482861E-01    3.326321315826418E-02
   529    9.330908084047003E-01    2.641063914956101E-02
   530    9.441079620061400E-01    2.614557317163505E-02
   531    9.486004344887675E-01    2.423440916496049E-02
   532    9.501074833522706E-01    3.034383220850152E-02
   533    9.542549913247081E-01    1.707894761615119E-02
   534    9.594225734968530E-01    1.873779464062861E-02
   535    9.618034958232579E-01    1.960665206110070E-02
   536    9.674615452022451E-01    1.531778141749979E-02
   537    9.717626792987466E-01    1.004428287612464E-02
   538    9.738661612515368E-01    1.407225002991402E-02
   539    9.785098962591744E-01    1.073123809814686E-02
   540    9.817566148029967E-01    6.014234114592641E-03
   541    9.875201996486114E-01    5.828260785759582E-03
   542    9.903574800845466E-01    3.440827394795719E-03
   543    9.954403422286970E-01    1.655084073735897E-03
   544    9.986658305364551E-01    9.993313157570000E-01
   545    1.998663078652617E+00    1.657771029464654E-03
   546    9.954311391319951E-01    3.449685057920820E-03
   547    9.903350358787963E-01    5.836635002091444E-03
   548    9.875177512609911E-01    6.032111222555731E-03
   549    9.816757493009703E-01    1.074949927121775E-02
   550    9.784242453132921E-01    1.410504700340017E-02
   551    9.739656801513074E-01    1.005586727066325E-02
   552    9.716238983027231E-01    1.535304983164028E-02
   553    9.673043316685687E-01    1.966391658767535E-02
   554    9.618372642882517E-01    1.876045146118418E-02
   555    9.594826602486034E-01    1.713110468147741E-02
   556    9.535912444213285E-01    3.040445018461311E-02
   557    9.504576117978578E-01    2.425500850151464E-02
   558    9.484954027028131E-01    2.620808416675527E-02
   559    9.440841184548124E-01    2.657224184642977E-02
   560    9.326685157901526E-01    3.303127017689157E-02
   561    9.462244973617527E-01    3.050249049676610E-02
   562    9.225995696695932E-01    4.467489850594301E-02
   563    9.324838126741128E-01    2.669900726248834E-02
   564    9.266407533830179E-01    3.513184016042382E-02
   565    9.186183865373956E-01    4.407040673876383E-02
   566    9.196503669058761E-01    4.336802088327166E-02
   567    9.128927742992673E-01    4.281890495135462E-02
   568    9.036400713307043E-01    4.312342638547358E-02
   569    9.205699383668324E-01    4.920607893876099E-02
   570    9.065479975430871E-01    4.298860857513558E-02
   571    9.117482789198416E-01    4.555658967410457E-02
   572    8.926339040083034E-01    5.692570329974909E-02
   573    8.761340144758500E-01    5.596372342363064E-02
   574    8.974344431325989E-01    5.073445236981308E-02
   575    9.162711631068606E-01    4.204417173588611E-02
   576    8.857670852303080E-01    6.694944146659985E-02
   577    8.941608162742128E-01    4.886283853750071E-02
   578    8.502246837048888E-01    6.824019229864695E-02
   579    8.953887922126854E-01    5.443274749488274E-02
   580    8.828931502575575E-01    5.837994779578925E-02
   581    8.813542954434308E-01    5.692279622165899E-02
   582    8.616760238721014E-01    8.153993858486513E-02
   583    8.725646325836746E-01    5.775260408310665E-02
   584    8.444229352792165E-01    7.671413609951802E-02
   585    8.541225211722566E-01    6.421910029817965E-02
   586    8.670634831318209E-01    9.175946536034212E-02
   587    8.416009020255332E-01    4.774224252565314E-02
   588    9.122658449652226E-01    6.874316336226698E-02
   589    8.094151343185920E-01    8.665421715195309E-02
   590    8.528357276226093E-01    5.661914706352552E-02
   591    8.710828817949348E-01    8.190282454117380E-02
   592    8.255804380084538E-01    7.027599685987437E-02
   593    8.672775990912306E-01    6.609738408008485E-02
   594    8.563629170987647E-01    9.849981858980858E-02
   595    8.082040143182844E-01    8.530364436723081E-02
   596    8.309491615172835E-01    7.247154191890956E-02
   597    8.482427340398516E-01    8.828218112583849E-02
   598    8.093499519558107E-01    7.682096754910551E-02
   599    8.472281463028646E-01    9.428137615457179E-02
   600    8.487456896378219E-01    7.653025908160868E-02
   601    7.957263583353882E-01    8.365130042122296E-02
   602    8.149454890979446E-01    1.007392134038204E-01
   603    8.416811364047168E-01    8.456658393015601E-02
   604    7.850365941202447E-01    8.174523829237286E-02
   605    8.743280837963108E-01    8.386403266135768E-02
   606    7.776749551251954E-01    1.105113385657482E-01
   607    8.048349794203702E-01    9.177171418724477E-02
   608    7.843220587022202E-01    8.950583322268925E-02
   609    8.165539325317543E-01    1.225023733574207E-01
   610    8.139271279288527E-01    7.496433410756065E-02
   611    7.796630304363542E-01    1.094646506623679E-01
   612    7.892545183857705E-01    8.350551550919685E-02
   613    8.614502551950912E-01    1.190405118996491E-01
   614    6.973124727486136E-01    9.301022423557025E-02
   615    8.754848868955188E-01    5.434883245201592E-02
   616    8.040841356139891E-01    1.477889643239602E-01
   617    7.669023240237016E-01    6.217469692280998E-02
   618    8.355681341871617E-01    1.444799182703596E-01
   619    7.460301375730324E-01    6.190045512614667E-02
   620    7.168378091594599E-01    1.565281189219521E-01
   621    8.667478394566110E-01    5.112431509796982E-02
   622    7.098751693644271E-01    1.687766985833869E-01
   623    8.028942491902703E-01    3.705884960374699E-02
   624    7.680374346429572E-01    1.888080110360864E-01
   625    7.918381964981099E-01    4.933332674595668E-02
   626    6.295779952188497E-01    1.144896450809903E-01
   627    9.374350191081147E-01    4.630442038505775E-02
   628    6.056381241731271E-01    1.370272424396623E-01
   629    9.156929358382366E-01    2.951471591988793E-02
   630    6.657789661396933E-01    2.067816759221820E-01
   631    8.291271379717532E-01    2.549313597145729E-02
   632    5.983805507254699E-01    1.647285605002754E-01
   633    9.163325821989526E-01    1.586909335296260E-02
   634    6.359091056506789E-01    2.089101180712582E-01
   635    8.637526801168510E-01    1.906426585079571E-02
   636    5.495496842557567E-01    1.372081887513287E-01
   637    9.395793961448282E-01    5.003748103022936E-02
   638    5.115745348192369E-01    1.015982066319098E-01
   639    9.578054918455122E-01    2.303437072675469E-02
   640    5.290529525130953E-01    1.296737219573192E-01
   641    9.492080330108811E-01    9.104154742150145E-03
   642    8.651745191817906E-01    2.195217659107491E-01
   643    5.914931016033679E-01    2.049421501847972E-02
   644    6.660276311187338E-01    2.565962827902911E-01
   645    7.781367504026490E-01    1.017906336603054E-02
   646    8.493408159563058E-01    2.404417557735452E-01
   647    5.873568033453875E-01    8.414701478197062E-03
   648    6.856765245831001E-01    2.827899520749930E-01
   649    7.224706257675616E-01    1.507209113534203E-02
   650    6.630760090928658E-01    2.768836268068337E-01
   651    7.584581182244943E-01    4.679938974267527E-03
   652    8.304647542788415E-01    2.618474206339761E-01
   653    5.703433780735677E-01    7.829091800248756E-03
   654    9.119374886926133E-01    2.043107203291566E-01
   655    4.701375633428855E-01    1.273795110145866E-02
   656    9.899701437767023E-01    3.101126135231374E-02
   657    3.843779878170908E-01    5.964908921126952E-02
   658    9.862703390388803E-01    2.096473095310164E-02
   659    3.795560847997388E-01    1.029204813050438E-01
   660    9.784284843687677E-01    1.146955756470128E-02
   661    3.700214710808270E-01    7.319731592503130E-02
   662    9.888251527035470E-01    2.078411755323707E-03
   663    6.552210939562664E-01    3.208001179113159E-01
   664    6.956991056862144E-01    7.877793878968850E-03
   665    3.994790519938878E-01    2.026258751843934E-01
   666    9.275211257622950E-01    2.882968060567758E-03
   667    5.647392205820702E-01    3.230636520617586E-01
   668    7.552314175422986E-01    2.071511915447989E-03
   669    9.206325072827026E-01    2.161349062274640E-01
   670    3.869531655060056E-01    3.573704671861745E-03
   671    9.746991145050776E-01    1.245446303756103E-01
   672    3.304236479045026E-01    5.311124461507638E-03
   673    9.403854162291592E-01    1.932938195299202E-01
   674    3.501209374504650E-01    3.056233189497810E-03
   675    9.822582883911840E-01    1.038039495200661E-01
   676    2.981906852729291E-01    1.101426226886649E-02
   677    9.972779187126960E-01    5.758483284947198E-03
   678    3.003401795405414E-01    1.314024606378601E-01
   679    9.730267580550482E-01    4.981068253848395E-03
   680    2.793316740675860E-01    9.957688021999243E-02
   681    9.849863267398967E-01    1.038643976008411E-02
   682    2.658589583427515E-01    4.473929914341458E-02
   683    9.955997493862244E-01    1.505640711344895E-02
   684    2.629805008145904E-01    3.351002026533823E-02
   685    9.968900391894531E-01    5.760310369732579E-03
   686    2.576021124571842E-01    1.023292582102244E-01
   687    9.841348739379395E-01    1.244719239146853E-03
   688    9.831777576044897E-01    1.033241083950755E-01
   689    2.433426775020336E-01    6.455509967042122E-03
   690    9.921484845564281E-01    7.126203523346462E-02
   691    2.305057770091076E-01    6.001256189316209E-03
   692    9.961519269004291E-01    4.554163737904051E-02
   693    2.227242036836088E-01    9.655144290079326E-03
   694    9.987955244224519E-01    4.279878051089254E-03
   695    2.202781692846903E-01    9.901209078831036E-02
   696    9.863432412939016E-01    5.419718123747273E-04
   697    9.986438300485952E-01    2.405292209268452E-03
   698    2.243118588889962E-01    1.603942020942556E-01
   699    9.661105792412253E-01    4.293315591415462E-03
   700    2.021592997761172E-01    6.826269648534537E-02
   701    9.931660433345361E-01    6.228248871327527E-04
   702    9.172798290472790E-01    2.458686669360357E-01
   703    2.611598814024072E-01    1.324257289924293E-03
   704    4.110174801850671E-01    3.701423483026934E-01
   705    7.667501325524770E-01    3.310544203157387E-04
   706    9.418166565371160E-01    2.106625824111976E-01
   707    2.283278352167916E-01    1.235798092569585E-03
   708    9.795827213738962E-01    1.264819994795020E-01
   709    1.874547940565842E-01    2.562797787641793E-03
   710    9.986590689476057E-01    2.337370891452238E-02
   711    1.582853891371050E-01    7.993346147005448E-03
   712    9.995551462596958E-01    1.405909231348203E-03
   713    1.760865484644637E-01    1.459580869210174E-01
   714    9.735309263361366E-01    6.654992508452959E-04
   715    2.652990623445637E-01    2.963844933546114E-01
   716    8.799331418162324E-01    2.834471574461379E-04
   717    8.613263691718073E-01    3.161021255633457E-01
   718    2.768578971774019E-01    4.361386694682304E-04
   719    9.770729414902638E-01    1.376203820670956E-01
   720    1.578818743087868E-01    1.197135847720877E-03
   721    9.997149272974805E-01    5.461977822919682E-04
   722    1.845831635223513E-01    2.185462773006090E-01
   723    9.410580349027333E-01    2.359448420621350E-04
   724    9.995277669192051E-01    7.735803649679384E-04
   725    1.620057039265176E-01    1.964499317486078E-01
   726    9.535898264214061E-01    1.396888518414080E-04
   727    9.995288599194483E-01    1.175070860851462E-02
   728    1.099924925805589E-01    1.369576596792764E-02
   729    9.995159794058883E-01    8.345790800010536E-05
   730    9.993561074815454E-01    2.094161339061806E-02
   731    1.023755535035052E-01    4.614680419035174E-03
   732    9.994966267470486E-01    1.430794091348931E-02
   733    1.002630931976152E-01    7.388190497204902E-03
   734    9.997357184675885E-01    4.134333510480953E-04
   735    1.361398080228506E-01    1.908136332552401E-01
   736    9.576434916080392E-01    3.598503054806182E-04
   737    1.568240302325931E-01    2.341209175240434E-01
   738    9.348251553761747E-01    9.354082695101740E-05
   739    9.993661967604112E-01    2.001749613655673E-02
   740    8.671469311993379E-02    3.801008823546182E-03
   741    9.990937149739558E-01    2.616184452137026E-02
   742    8.623019177577461E-02    2.219185151162854E-03
   743    9.759033168252771E-01    1.461414824499460E-01
   744    1.077891833360193E-01    3.654401285780880E-04
   745    9.999285220212685E-01    1.088687880682048E-04
   746    1.585820733068981E-01    2.621289612349223E-01
   747    9.182273975974891E-01    5.685414548259875E-04
   748    8.617953777427219E-02    9.922577869594920E-02
   749    9.891300768598007E-01    4.510115236846401E-05
   750    9.998940947832652E-01    9.952261102561464E-05
   751    2.186066202955082E-01    3.424471655655466E-01
   752    8.498426680122135E-01    5.465727610624410E-04
   753    7.174656042697959E-02    6.475325672838361E-02
   754    9.954048191582273E-01    1.915450270115523E-03
   755    6.642764478075439E-02    1.967395067582206E-02
   756    9.994988085015135E-01    3.301255078081234E-03
   757    6.436021531805967E-02    8.813858143541154E-03
   758    9.998341929849843E-01    8.197527386492998E-04
   759    6.425123014337321E-02    4.299298209259043E-02
   760    9.979688975182531E-01    7.026555891528821E-04
   761    6.137174893164449E-02    4.185548586306807E-02
   762    9.980656444975581E-01    3.124215896281743E-05
   763    9.998600326648854E-01    8.880195137388025E-03
   764    5.522055715563833E-02    2.312140412513663E-03
   765    9.999464895019210E-01    2.599986590920310E-04
   766    5.848061949821159E-02    7.468772367445652E-02
   767    9.940287870723914E-01    1.451852089332025E-03
   768    5.116117414368676E-02    1.505360896624244E-02
   769    9.997234632091577E-01    1.935855629719460E-05
   770    9.990923650745031E-01    2.832575250056056E-02
   771    4.784568895375910E-02    1.151144836348903E-03
   772    9.993554779531769E-01    2.392833074750051E-02
   773    4.608517777781173E-02    5.444797723227398E-04
   774    9.999691647575971E-01    2.892532821709863E-04
   775    4.591680084347338E-02    5.141485629964249E-02
   776    9.971925764801792E-01    1.676566473609890E-03
   777    4.238231414667924E-02    8.157393826244138E-03
   778    9.999001156712322E-01    1.933123951561510E-03
   779    4.176140559872267E-02    7.895154754852803E-03
   780    9.999017807451200E-01    1.362693087830654E-05
   781    9.932810163896281E-01    7.996953774154350E-02
   782    4.477004218739886E-02    2.843109073749037E-04
   783    1.687576084325910E-01    3.300463445408402E-01
   784    8.689313653287496E-01    1.193067749100232E-05
   785    9.995555107248509E-01    2.023812002562101E-02
   786    3.525442943521534E-02    3.920452552627554E-04
   787    7.110952064937558E-01    4.416862848777026E-01
   788    3.246877721668986E-01    3.905401301408900E-05
   789    1.434873630292547E-01    3.065959039458440E-01
   790    8.902337222047565E-01    2.194892481132237E-04
   791    3.465276161717866E-02    3.513481148332815E-02
   792    9.987050872940263E-01    7.433594666193582E-06
   793    9.999871624825776E-01    1.143009143326673E-05
   794    2.899544138058752E-01    4.306027142207013E-01
   795    7.388421152434482E-01    7.567454458709956E-06
   796    9.999867293943444E-01    7.904515090128861E-04
   797    2.684135673366982E-02    7.738734358320402E-03
   798    9.999245945635767E-01    5.949636107805511E-06
   799    9.983997716729153E-01    3.930999940123142E-02
   800    2.636349351147159E-02    1.306371377187992E-04
   801    9.999611684176085E-01    5.445772522839030E-03
   802    2.364016776833563E-02    6.832137995450979E-04
   803    9.931705027205078E-01    8.128987834519828E-02
   804    3.043725028153449E-02    9.442050190668202E-05
   805    9.998667058104663E-01    1.090581446766188E-02
   806    2.254976963107451E-02    2.467536396150575E-04
   807    9.999920109478725E-01    3.161750499970616E-04
   808    2.116023465239871E-02    9.505928475951848E-03
   809    9.999015580118625E-01    7.829847830242772E-04
   810    2.051976112673357E-02    4.053326747042894E-03
   811    9.999742903741125E-01    8.070930159435023E-04
   812    1.988867263204440E-02    2.549525383988857E-03
   813    9.999870644376605E-01    2.701702038370840E-06
   814    9.999655931352649E-01    5.371495313479377E-03
   815    1.784999616032315E-02    5.033590672793430E-04
   816    9.999915227112001E-01    5.234725969044141E-05
   817    1.825868887269806E-02    3.754638922607898E-02
   818    9.985599107699494E-01    1.844969515395651E-06
   819    9.999952672852941E-01    3.664760811308756E-06
   820    1.891127972652831E-01    3.758634357660149E-01
   821    8.257749362270470E-01    1.968437067595977E-06
   822    8.245783206452788E-01    3.770272378224891E-01
   823    1.896370404378358E-01    5.836001052183599E-06
   824    9.999950796608923E-01    4.914977093745204E-04
   825    1.338293589729956E-02    3.057740300010619E-03
   826    9.999868705658529E-01    1.347758891971895E-06
   827    9.919990508553667E-01    8.851056216727962E-02
   828    2.030256714542489E-02    2.306140084127474E-05
   829    6.348570197020472E-01    4.768571101676991E-01
   830    3.772420550747162E-01    4.209118645906259E-06
   831    5.426794887817060E-02    2.004955303306115E-01
   832    9.574924926659291E-01    9.686140998263007E-07
   833    9.999347772978635E-01    7.849439701336719E-03
   834    1.083886590762002E-02    1.020183215896191E-04
   835    9.999972382453332E-01    6.064208450805335E-05
   836    1.067213592195278E-02    1.638456682897498E-02
   837    9.997255847465050E-01    1.374543113604436E-05
   838    1.453277360118211E-02    6.891347747526221E-02
   839    9.951782093206853E-01    4.599756810623680E-05
   840    9.660870896245181E-03    1.228913881828236E-02
   841    9.998426856255176E-01    1.669344219294913E-03
   842    9.378084202738696E-03    3.092733835086651E-04
   843    9.999981918563816E-01    3.359886620035389E-07
   844    9.999980180430950E-01    4.096225925472106E-07
   845    9.994776243630682E-01    2.272653069523728E-02
   846    8.158372019974498E-03    1.319809352027392E-05
   847    9.954512521041606E-01    6.702533532074842E-02
   848    1.204814536239704E-02    4.654911444462556E-06
   849    9.997508634691334E-01    1.567480249907554E-02
   850    7.339500092697917E-03    1.850948076541288E-05
   851    9.999978536034351E-01    6.821193703435339E-04
   852    6.700006704287716E-03    5.284984652766556E-04
   853    9.999980251236446E-01    2.851929513460075E-07
   854    9.999699705775262E-01    5.338315389860450E-03
   855    6.095945627801237E-03    2.102648257072331E-05
   856    9.999955576194866E-01    1.720755583768684E-03
   857    5.757295240272199E-03    2.143477879318886E-04
   858    9.999983371990824E-01    6.838743806473158E-06
   859    6.483441310220898E-03    3.313883489343147E-02
   860    9.988932533600674E-01    1.756086682310642E-07
   861    9.999987157484495E-01    1.173661892290700E-07
   862    9.908465346125955E-01    9.500877520085378E-02
   863    1.372025148261330E-02    1.260853105318202E-06
   864    9.998065206743348E-01    1.383288113724193E-02
   865    4.547641352281042E-03    9.415956151933905E-06
   866    9.999986151988870E-01    3.402338296643687E-04
   867    4.189091398226669E-03    4.550701285873130E-04
   868    9.999985243120189E-01    1.191615712475031E-05
   869    3.900733041673788E-03    5.708006841279266E-03
   870    9.999660761639346E-01    2.052809189314897E-04
   871    3.814870411114278E-03    7.431855389689857E-04
   872    9.999771447756606E-01    4.564003161907652E-03
   873    3.716458538311119E-03    2.527272282280055E-05
   874    9.999988990952322E-01    3.574336736151436E-08
   875    9.990581306799606E-01    3.060773438956278E-02
   876    4.201575068358603E-03    1.461082139546686E-06
   877    9.999989019103623E-01    9.180480272918421E-05
   878    3.025256584893259E-03    5.849827654611633E-04
   879    9.999985550233134E-01    2.585691373578622E-07
   880    4.142608614213544E-02    1.923928651745815E-01
   881    9.613841965284718E-01    4.948293677563250E-08
   882    9.999988976143399E-01    4.381620743719986E-08
   883    9.999989184862944E-01    7.285132713871359E-06
   884    2.318263143778762E-03    4.416850260995095E-03
   885    9.999794002999826E-01    1.175982700297896E-05
   886    2.221404467764831E-03    1.855844787366463E-03
   887    9.999955166646176E-01    3.619184819926911E-06
   888    2.180041419029984E-03    7.036498157042545E-03
   889    9.999493081704266E-01    3.806277365563853E-08
   890    9.999989256382900E-01    1.992814614907277E-05
   891    1.854661044313131E-03    1.012272609243484E-03
   892    9.999979511782542E-01    2.327087582373518E-08
   893    9.999347225793207E-01    8.005657966225398E-03
   894    1.765248239221482E-03    3.400969030072282E-06
   895    9.999989681595328E-01    7.626162856709047E-05
   896    1.577248800898277E-03    1.512857800385981E-04
   897    9.999989287317598E-01    3.660949665560225E-08
   898    9.738919066595201E-01    1.593340666671698E-01
   899    2.756641354575067E-02    6.422636964372292E-08
   900    9.999989847750106E-01    5.906655732627335E-05
   901    1.338027217364746E-03    1.650769929693270E-04
   902    9.999214697234279E-01    8.795656906377744E-03
   903    1.382807808959703E-03    1.455070879446869E-06
   904    9.999989869501142E-01    1.541551609984976E-05
   905    1.192677403095908E-03    5.451987349030332E-04
   906    9.999986450452650E-01    1.808088931832726E-04
   907    1.164114939945949E-03    8.683718625912650E-05
   908    9.999989766663482E-01    7.424701535408172E-09
   909    9.998258706309194E-01    1.314906057565735E-02
   910    1.206706192711478E-03    1.058640362271685E-06
   911    9.999938146036684E-01    2.272605287473313E-03
   912    9.864715942211812E-04    3.811663769117444E-06
   913    9.999989864218076E-01    1.252747265007047E-05
   914    9.080563648471532E-04    4.490447638695785E-04
   915    9.999987901455971E-01    3.288517176319791E-05
   916    8.701757464660878E-04    1.524998686694771E-04
   917    9.999989691128065E-01    3.555099396026041E-08
   918    2.140302814713645E-02    1.419740023173700E-01
   919    9.794015066327544E-01    2.380100354294591E-07
   920    1.446346722965553E-03    2.604129839776781E-02
   921    9.993198586221588E-01    4.339752084478659E-05
   922    7.620586504843810E-04    9.603024011001838E-05
   923    9.999989838609240E-01    6.101458033625917E-09
   924    8.142933247750312E-01    3.887067701618901E-01
   925    1.863838006637325E-01    1.726744898884113E-07
   926    2.686505153051657E-03    4.493696773652406E-02
   927    9.979742250399257E-01    3.658392176497156E-09
   928    9.900628773596104E-01    9.915270455681625E-02
   929    1.055239005302291E-02    2.272401287953871E-08
   930    9.995178821702423E-01    2.192277305496029E-02
   931    1.057761322367927E-03    1.300534747672527E-07
   932    5.875058161358934E-01    4.920489214297320E-01
   933    4.130507727859009E-01    3.838362647774342E-09
   934    9.999989987462662E-01    3.006847628970139E-07
   935    5.478514489558662E-04    7.399414251141818E-03
   936    9.999442185552968E-01    2.562078594097313E-08
   937    4.215388553948173E-03    6.115076865485677E-02
   938    9.962437494910404E-01    1.362747049028208E-09
   939    9.611078044467880E-01    1.932921843625274E-01
   940    3.932226170895235E-02    4.811185693367022E-09
   941    8.208597162778647E-01    3.833741947095388E-01
   942    1.795437134847647E-01    2.452847752965395E-09
   943    9.999988024763707E-01    4.452711748023812E-04
   944    3.758875039960422E-04    3.591089945591236E-06
   945    9.999988881563769E-01    3.347737586380706E-04
   946    3.558105071380603E-04    2.332815622470133E-06
   947    9.999990000698153E-01    4.618538396069441E-05
   948    3.312437017517144E-04    1.550319425419193E-05
   949    9.999990008131961E-01    1.666510289380286E-08
   950    6.725985767291660E-03    7.990017387118689E-02
   951    9.935717272614983E-01    7.526427482217771E-10
   952    9.986350086685120E-01    3.690194031630889E-02
   953    1.640960014968224E-03    2.279647316793435E-08
   954    9.999731419642146E-01    5.084532924486181E-03
   955    2.855073269564997E-04    1.823404645298669E-07
   956    9.517301878115606E-01    2.143049576761098E-01
   957    4.852305704834925E-02    3.442017047382631E-09
   958    9.997611100848465E-01    1.542007842322120E-02
   959    4.745123144062199E-04    3.758908238481261E-08
   960    9.999739278099120E-01    5.006812886220090E-03
   961    2.472244851272937E-04    6.628281526076681E-08
   962    9.999963092171819E-01    1.640942076374981E-03
   963    2.112692755077280E-04    2.549764895195727E-07
   964    9.999990027839474E-01    1.795318766879184E-09
   965    1.365615102956303E-02    1.152750530204013E-01
   966    9.865266711104054E-01    2.911583445151543E-10
   967    9.999990028482485E-01    1.639628106540370E-07
   968    1.608386244931970E-04    1.160805670856004E-03
   969    9.999975716968762E-01    2.888992046955452E-04
   970    1.581207723627939E-04    7.376107690679846E-07
   971    9.999990028429316E-01    2.868415703070906E-06
   972    1.445390883555531E-04    8.646697461730351E-05
   973    9.999989919030466E-01    5.806634671692052E-05
   974    1.390115366757121E-04    2.877269598123983E-06
   975    9.999990029876322E-01    2.575320662808580E-10
   976    1.245780358121298E-01    3.300758691065203E-01
   977    8.755445024636962E-01    1.072719205105325E-10
   978    9.999986073364849E-01    6.290278131614998E-04
   979    1.128556484430570E-04    1.326200130601533E-07
   980    9.999989987286446E-01    6.493403934480114E-05
   981    1.059650660729262E-04    2.845263809460163E-06
   982    9.853364934425825E-01    1.201914980219962E-01
   983    1.476546260471947E-02    6.550245605514120E-10
   984    9.999990031342526E-01    6.152662256808565E-10
   985    1.912153473202036E-02    1.366370026231894E-01
   986    9.809653611193813E-01    1.281679373671529E-10
   987    4.216393117751994E-01    4.937730005416495E-01
   988    5.784416579501036E-01    7.565657090948883E-11
   989    9.763340023522994E-01    1.519971488179587E-01
   990    2.374155809913729E-02    2.070637651185182E-10
   991    9.999988016843595E-01    4.489005671714728E-04
   992    7.006405413451078E-05    7.158512743514344E-08
   993    9.999990031095987E-01    7.594505833593656E-06
   994    6.453179961928360E-05    6.996615796483659E-06
   995    9.999990031169989E-01    4.907933676710869E-07
   996    5.997417420936091E-05    8.412574370442779E-05
   997    9.999989958653368E-01    1.589754353870657E-05
   998    5.741899738657743E-05    1.698628061906824E-06
   999    9.999990025010647E-01    2.667234369631863E-05
  1000    5.422324991907763E-05    9.202195596776123E-07
  1001    9.999990032114529E-01    2.532787912384511E-09
  1002    1.778333472546700E-04    1.134729034039436E-02
  1003    9.998702191883977E-01    1.466935623363877E-11
  1004    9.999990032342484E-01    1.493439674384684E-08
  1005    4.187543390948406E-05    1.094770626176850E-03
  1006    9.999978046594931E-01    2.121094449856150E-11
  1007    9.999989170042932E-01    2.936196357624684E-04
  1008    3.623309884207043E-05    5.505141402817441E-08
  1009    9.766026272190945E-01    1.511560490937451E-01
  1010    2.343104419419527E-02    1.057320399532469E-10
  1011    9.999966132208680E-01    1.545933947734933E-03
  1012    3.451982375035536E-05    1.500624464561561E-08
  1013    9.998753230993337E-01    1.112029480528730E-02
  1014    1.540315455854536E-04    1.094933680532992E-09
  1015    9.999990031942879E-01    7.431804324004583E-06
  1016    2.729623168676069E-05    8.350004799685018E-07
  1017    9.999990032472452E-01    6.334667547315697E-07
  1018    2.545421492216582E-05    1.165079227374798E-05
  1019    9.999990031059421E-01    2.277238619600922E-06
  1020    2.384023846616257E-05    4.517702135507440E-06
  1021    9.999990032272306E-01    6.053238148131014E-07
  1022    2.217095952118436E-05    1.404387376251911E-05
  1023    9.999990030534037E-01    6.632995390700318E-09
  1024    2.135695428629946E-05    9.352682073542058E-04
  1025    9.999981285079206E-01    1.563472026532875E-11
  1026    4.193736675548992E-02    2.004019927749945E-01
  1027    9.580800314759784E-01    5.103013932340197E-08
  1028    1.810918023586269E-05    5.763016743674872E-05
  1029    9.999989999364861E-01    9.532649226747492E-12
  1030    7.340860331163652E-02    2.607774946045719E-01
  1031    9.266063783253978E-01    6.980894586473419E-08
  1032    1.584340532875113E-05    3.350515550950834E-05
  1033    9.999990021367562E-01    7.404646278142630E-09
  1034    1.463840750922912E-05    3.660435328282268E-04
  1035    9.999988692702214E-01    2.040608835858690E-12
  1036    9.999990025342487E-01    2.695659677754891E-05
  1037    1.212977053844213E-05    5.397558813562230E-08
  1038    9.999990030324459E-01    1.513881723062141E-05
  1039    1.134475208078084E-05    8.027504517895836E-08
  1040    9.999990032602835E-01    5.668646813715182E-11
  1041    1.963727412164470E-03    4.415909861206811E-02
  1042    9.980451384650314E-01    1.208149649033809E-11
  1043    1.159973788209702E-02    1.070338004975104E-01
  1044    9.884083082380433E-01    1.714232554898265E-08
  1045    8.883387675236685E-06    3.106735086503205E-05
  1046    9.999990022990678E-01    1.273555803186131E-10
  1047    3.517660763874157E-05    5.225609124308075E-03
  1048    9.999716952860587E-01    7.986895202372711E-13
  1049    7.465526450648702E-01    4.349819035338588E-01
  1050    2.534534314594998E-01    8.298033205654904E-12
  1051    1.687976184141162E-02    1.287955294291037E-01
  1052    9.831258838067271E-01    5.504932569440110E-13
  1053    9.999990012302493E-01    4.510465442800090E-05
  1054    5.761025069178190E-06    1.034855643478395E-08
  1055    9.999990032628441E-01    3.843824789631334E-11
  1056    9.845114763537365E-05    9.670128347121455E-03
  1057    9.999054825812165E-01    2.821562257672729E-13
  1058    9.999990031462485E-01    1.088758278163207E-05
  1059    4.105080052756875E-06    1.908267832047939E-08
  1060    9.991270033167622E-01    2.951669434375710E-02
  1061    8.759550309056234E-04    1.055605343282888E-11
  1062    9.999990032642484E-01    4.780050992254360E-08
  1063    3.352747229472444E-06    5.707271492515536E-06
  1064    9.999990029435100E-01    1.696027818049016E-05
  1065    3.192784697962629E-06    1.342436010598526E-08
  1066    9.999990032646974E-01    1.363301801665497E-10
  1067    4.033714233378753E-06    1.153598985202248E-03
  1068    9.999976724672084E-01    8.399609506244779E-10
  1069    2.543750465640436E-06    1.438047927027454E-04
  1070    9.999989825856742E-01    8.737196641066915E-14
  1071    8.798632085682662E-01    3.251196934420678E-01
  1072    1.201378816768510E-01    2.451633137786888E-13
  1073    9.999989453382782E-01    2.406787159235851E-04
  1074    1.843762220715370E-06    2.700908811539710E-10
  1075    9.999868203374671E-01    3.490379226862406E-03
  1076    1.382003930369296E-05    3.040692067840201E-11
  1077    9.999990032642490E-01    1.717865060730599E-07
  1078    1.397659267243245E-06    4.138562422347540E-07
  1079    9.999990032639128E-01    1.075873408966793E-10
  1080    1.519629792662971E-06    6.239819708411727E-04
  1081    9.999986139106615E-01    9.961769251285366E-09
  1082    1.030777971570524E-06    6.784078043548816E-06
  1083    9.999990032189561E-01    8.734300951553264E-12
  1084    2.411312791459584E-04    1.549943960921329E-02
  1085    9.997587124543629E-01    4.399964632862917E-14
  1086    9.999990032642484E-01    2.532096824803341E-07
  1087    6.015300047157753E-07    1.033771396027604E-07
  1088    9.999990032643440E-01    0.000000000000000E+00
