  1000
     1    4.206200350890396E-01    3.505246440654411E-01
     2    5.427471266643320E-01    2.486003521348031E-01
     3    4.951790628059606E-01   -2.674262393287605E-01
     4    5.207346225314211E-01    2.344406717346873E-01
     5    4.640035595212791E-01    2.467789077241770E-01
     6    4.995189853574763E-01   -2.419788777606835E-01
     7    5.427509184796915E-01   -2.412185356178919E-01
     8    4.524331667304043E-01   -2.785318544625275E-01
     9    5.191324685474805E-01   -2.363382261978849E-01
    10    4.876466005847400E-01    2.388348309335793E-01
    11    5.234501556245773E-01   -2.539443993752830E-01
    12    4.965707786806065E-01   -2.512194603504778E-01
    13    4.801456621927472E-01   -2.421036216476172E-01
    14    5.516585217534262E-01   -2.569165169815837E-01
    15    4.822941658928330E-01   -2.302451084247681E-01
    16    4.796692101977820E-01   -2.814817944987040E-01
    17    4.971277589838766E-01   -2.329254925020227E-01
    18    5.218607653887143E-01   -2.256884641745175E-01
    19    5.021743555478568E-01   -2.729278342231340E-01
    20    4.805503695812566E-01   -2.648772345546301E-01
    21    5.077835782304373E-01   -2.330821928238505E-01
    22    5.129903426040596E-01    2.583175966480950E-01
    23    4.885993384673023E-01    2.574458864784143E-01
    24    5.137882592341095E-01    2.237032418730140E-01
    25    4.815265732529269E-01   -2.612692468106527E-01
    26    5.306362006504152E-01    2.477692200111838E-01
    27    4.590519652489605E-01    2.434668429731894E-01
    28    5.090079121096051E-01   -2.555677834479026E-01
    29    4.841284188002285E-01    2.598128574792575E-01
    30    5.318977534502780E-01   -2.419542270841507E-01
    31    5.232642088958731E-01   -2.617195535026481E-01
    32    4.225115273506471E-01    2.148616262977038E-01
    33    5.591188244118590E-01   -2.652505163746809E-01
    34    4.810086306269634E-01   -2.470137962843909E-01
    35    5.376764809539986E-01   -2.442386958443068E-01
    36    4.320020465605958E-01    2.633892556527187E-01
    37    5.712638714408310E-01    2.326528625018005E-01
    38    4.777642563552513E-01    2.545025772117124E-01
    39    5.039227063141622E-01   -2.280827318560450E-01
    40    4.559462972940260E-01    2.730940326875655E-01
    41    5.436227367485955E-01   -2.531143217295986E-01
    42    4.325127965971113E-01   -2.280534078364920E-01
    43    5.657868876312755E-01   -2.580455412401557E-01
    44    4.694367403117243E-01   -2.486432901062630E-01
    45    4.948861446034407E-01    2.248333358742289E-01
    46    4.852767463158528E-01   -2.734509828359096E-01
    47    5.468467613609849E-01    2.482889225551691E-01
    48    5.059164792640457E-01   -2.519766000676482E-01
    49    4.582876788042849E-01    2.403124220964231E-01
    50    5.055131437239051E-01   -2.642882015021348E-01
    51    4.961796809208601E-01   -2.471903969899628E-01
    52    5.435398778522205E-01   -2.299757992748740E-01
    53    4.911494177051140E-01    2.488026761785792E-01
    54    4.594390989928744E-01    2.613935374718831E-01
    55    5.734826275356639E-01    2.302748086506751E-01
    56    4.055560173249996E-01    2.549924886065215E-01
    57    5.732151485670067E-01   -2.571485346287680E-01
    58    4.612283829000653E-01    2.350923402697407E-01
    59    4.719671677279074E-01   -2.315497598309163E-01
    60    5.318382130847976E-01   -2.741926532804830E-01
    61    4.654831584489883E-01    2.381686726474075E-01
    62    5.605873854280570E-01   -2.639337235056354E-01
    63    4.817437635828746E-01   -2.448175378860739E-01
    64    5.019725030042810E-01    2.450209226845993E-01
    65    4.480110067595461E-01   -2.421358121086056E-01
    66    5.394697432499411E-01   -2.607242312866124E-01
    67    4.893408108211826E-01    2.420473970746836E-01
    68    4.929424012614648E-01   -2.503977172786883E-01
    69    4.874004387621398E-01    2.585967395450531E-01
    70    5.349892782714716E-01    2.335853359644895E-01
    71    4.535787408571630E-01    2.480354230089219E-01
    72    5.482344068546448E-01   -2.375797524959024E-01
    73    4.486360934179414E-01   -2.844103930816239E-01
    74    5.242710785010661E-01   -2.255733200899944E-01
    75    5.299164040755896E-01    2.622889476308871E-01
    76    4.879595992778615E-01   -2.455486129497912E-01
    77    4.893760338397036E-01   -2.446050362737109E-01
    78    5.485283834383818E-01    2.421110897450769E-01
    79    4.414125976973273E-01   -2.597740095773422E-01
    80    5.135697598956920E-01   -2.449288936054085E-01
    81    5.266703447138172E-01    2.527506619411848E-01
    82    4.949822975328455E-01    2.422361995760700E-01
    83    4.853673021836091E-01    2.464459247759505E-01
    84    4.783864373944064E-01   -2.368116972182258E-01
    85    5.335792632823944E-01    2.816723650355619E-01
    86    4.912767878724608E-01    2.174770171673328E-01
    87    4.502586571868210E-01    2.552900017109008E-01
    88    5.475594569083715E-01    2.627059308602186E-01
    89    5.091734822421583E-01   -2.298256285488721E-01
    90    4.534060052889310E-01    2.985882640815681E-01
    91    5.204891477599729E-01    2.258017609922645E-01
    92    5.459844374840662E-01   -2.098994744281129E-01
    93    4.721149701475730E-01    2.759026779491555E-01
    94    4.846034920383865E-01    2.544526523673164E-01
    95    5.537310564188147E-01   -2.273960302509015E-01
    96    4.148387332620662E-01    2.278341603408756E-01
    97    4.985806817034861E-01   -2.663896482713631E-01
    98    5.684679174922065E-01    2.711195632225499E-01
    99    4.915899208821740E-01    2.170977310792622E-01
   100    4.053021086241603E-01    2.357988004550163E-01
   101    5.205759980423880E-01   -2.809159437946012E-01
   102    5.480145264737062E-01   -2.333348043856313E-01
   103    4.733369044137162E-01   -2.414561241248783E-01
   104    4.688542506224642E-01    2.528880529054577E-01
   105    5.488512324934995E-01    2.195669625770212E-01
   106    5.112794186474556E-01    3.083497038065638E-01
   107    4.146771518736143E-01   -1.924459444989114E-01
   108    5.980857077540046E-01    2.931472654692262E-01
   109    4.513395741559090E-01   -2.196496629352351E-01
   110    5.452640212865039E-01   -2.555579533147398E-01
   111    4.971871488826039E-01    2.336785732612270E-01
   112    4.302562102323125E-01    2.452439545367907E-01
   113    5.915354799569366E-01   -2.770852094704629E-01
   114    4.148620403436932E-01   -2.053045281023549E-01
   115    5.535174017842714E-01    2.745417886545702E-01
   116    4.923658062324265E-01    2.392898636525637E-01
   117    4.381061432213878E-01   -2.391777877921212E-01
   118    5.558703522955987E-01    2.732179102140557E-01
   119    4.807197836926113E-01    1.994398358115458E-01
   120    5.069543133071500E-01    3.118327579191990E-01
   121    4.558153682097548E-01   -2.323040525650668E-01
   122    6.312081229554107E-01    1.895386126991611E-01
   123    3.998325771431224E-01    2.946305942970887E-01
   124    5.712684852384998E-01    2.226640012341315E-01
   125    4.050900421339292E-01   -2.351013524364699E-01
   126    5.654008488171883E-01   -2.737332858843745E-01
   127    4.988037173665054E-01    2.526413724098317E-01
   128    4.541429167385048E-01   -2.457936593632025E-01
   129    5.463697548772128E-01    2.258410085228023E-01
   130    4.161495494994867E-01   -2.746667433309359E-01
   131    5.811736114927101E-01   -1.874461950538651E-01
   132    4.960778516128308E-01    2.961578256011529E-01
   133    5.405915627845035E-01   -2.393625683792212E-01
   134    3.528800194962506E-01   -2.411805671193790E-01
   135    7.233890157059837E-01   -1.887139778528223E-01
   136    2.443757723768536E-01    2.151350150052849E-01
   137    7.799431539568088E-01   -2.136171192749834E-01
   138    2.121857083244610E-01    1.903435097526794E-01
   139    7.693021255978956E-01    2.455555420658383E-01
   140    2.575697443172679E-01   -1.460473959521744E-01
   141    5.253718860410290E-01   -3.977661051321609E-01
   142    5.465012593343930E-01    6.979357012572800E-02
   143    4.746293365496408E-01    4.242102310803161E-01
   144    5.045181818044722E-01   -9.489472668712147E-02
   145    6.076980094743720E-01    3.825233008236649E-01
   146    4.071436494211329E-01    9.776472936462541E-02
   147    3.847891508725028E-01    4.008700456816497E-01
   148    6.379751425240996E-01   -7.251347260706552E-02
   149    3.211987601821115E-01   -3.761827046322899E-01
   150    6.707968454366988E-01   -1.096205025669070E-01
   151    2.536318819386764E-01   -2.784556986899573E-01
   152    8.150341801325082E-01    1.612891480827811E-01
   153    1.399527922954792E-01   -1.685389554470256E-01
   154    8.623223242141552E-01    1.467901484703569E-01
   155    1.239946934733119E-01   -1.923980127204581E-01
   156    8.845851103198542E-01    1.413911257490701E-01
   157    9.599428644847345E-02    1.346986958917563E-01
   158    9.265174488676349E-01    1.397649649003468E-01
   159    7.266742389511414E-02   -1.234464516186936E-01
   160    9.069408847845630E-01    1.413076864130743E-01
   161    9.390590811093757E-02   -1.714041931505081E-01
   162    9.151260214056114E-01    1.036166244635062E-01
   163    8.942548888125909E-02    1.824276103375372E-01
   164    8.923622319179324E-01   -1.174859974741377E-01
   165    1.003579498172399E-01   -1.911408302140537E-01
   166    9.145352038339806E-01    9.774260997233138E-02
   167    8.336205517028317E-02    1.169718394529721E-01
   168    9.254252210406139E-01    1.873236900739993E-01
   169    7.097274139128402E-02   -5.184544004572168E-02
   170    9.192271423211877E-01   -2.305101435984618E-01
   171    9.138573613771953E-02    5.247940888346671E-02
   172    7.975938917754751E-01    3.542414350625065E-01
   173    2.067757567263534E-01   -4.112940712874227E-02
   174    8.205750824451501E-01    3.442533529426619E-01
   175    1.918743769543506E-01    3.740870380719085E-02
   176    7.448233834834653E-01    4.103144477632406E-01
   177    2.633697658681207E-01   -2.396828705540813E-02
   178    4.381382762615345E-01   -4.669740001682504E-01
   179    5.789971724760794E-01   -3.336930602605057E-02
   180    9.620079618629224E-02    2.364597952867087E-01
   181    9.255312615822848E-01   -5.055317077118623E-02
   182    5.587754412449916E-02    1.290197473494535E-01
   183    9.463915511152035E-01    1.420282062545843E-01
   184    4.951534352537394E-02    4.014880763467438E-02
   185    9.030695222462417E-01   -2.619762687396985E-01
   186    1.013556582490278E-01   -3.939247107791404E-02
   187    8.929793259022010E-01    2.806929662620468E-01
   188    1.141312464642701E-01    1.900049603339854E-02
   189    7.900791565803852E-01    3.896648032723882E-01
   190    2.184814289399692E-01   -2.310844895386354E-02
   191    6.077302442994560E-01   -4.700102424463650E-01
   192    4.016024886327817E-01   -1.674365690363396E-02
   193    2.937603887476610E-01    4.363058544906981E-01
   194    7.110119452543108E-01   -1.731484081725084E-02
   195    1.964657868868471E-01    3.742103801697287E-01
   196    8.138817053750335E-01    3.163195073950910E-02
   197    3.861455029088850E-02   -1.091279786324487E-01
   198    9.738135819502245E-01   -6.852652473810435E-02
   199    2.586942386355909E-02   -1.019827950205514E-01
   200    9.751164491122638E-01    4.795719424691305E-02
   201    1.743631867106099E-02   -5.274847022268300E-02
   202    9.761020200994283E-01    1.230493456572694E-01
   203    3.029690509463333E-02   -3.241577075029411E-02
   204    9.369377263791285E-01   -2.218496347533073E-01
   205    7.238887977731052E-02    2.191512722281942E-02
   206    6.574753659352757E-01    4.601341456538650E-01
   207    3.563297902155648E-01    1.060908175059624E-02
   208    3.672638147185522E-01    4.718052829049271E-01
   209    6.388734811207906E-01    1.283959072725559E-02
   210    1.087876963298583E-01   -2.856551496378663E-01
   211    9.005744325900453E-01   -1.718761731256506E-02
   212    2.423812376204813E-02   -1.261918460727257E-01
   213    9.797658142824084E-01    3.470640517796974E-02
   214    1.041261128854059E-02   -3.510355367571420E-02
   215    9.887886225837768E-01    8.416820732354405E-02
   216    1.180514792896775E-02   -1.787754863719579E-02
   217    9.870627334945008E-01   -9.496726001389043E-02
   218    1.563237136028683E-02    2.029054144716176E-02
   219    9.619531468940526E-01   -1.807309641352593E-01
   220    4.208035055694313E-02   -9.074435113645602E-03
   221    8.501960715049858E-01   -3.520964901174605E-01
   222    1.510671139353729E-01   -4.729688119411248E-03
   223    6.537782423145043E-01   -4.716931576257141E-01
   224    3.499968014782436E-01    3.975996624849034E-03
   225    2.146747027277434E-01    4.049898750526810E-01
   226    7.886597274205802E-01   -4.536729217147950E-03
   227    5.627187804908083E-02   -2.215691523237366E-01
   228    9.458295600781942E-01   -1.205701051819479E-02
   229    1.164311699626452E-02    7.916161334431186E-02
   230    9.900419007814725E-01   -2.861567493382499E-02
   231    9.497737963449038E-03    5.456975890500439E-02
   232    9.907943645548052E-01   -6.333171607127830E-02
   233    1.061799403380917E-02   -1.629166640316084E-02
   234    9.878835108634374E-01   -9.845027392594130E-02
   235    1.321606619758640E-02   -6.377617492415984E-03
   236    8.676185140339395E-01    3.367442980785471E-01
   237    1.349401743952928E-01   -2.251667667012563E-03
   238    6.311447604834221E-01    4.806556698641424E-01
   239    3.699180878796316E-01   -1.661871720166460E-03
   240    4.814501115595491E-01   -4.981806608427387E-01
   241    5.183428439216371E-01   -1.351065259699756E-03
   242    7.047506238206898E-01   -4.541034089261362E-01
   243    2.948644971787941E-01    2.971140252171907E-03
   244    6.843153412214076E-01    4.620392854355529E-01
   245    3.161400884586755E-01    1.646525015810844E-03
   246    6.236709871659362E-01    4.832405685449070E-01
   247    3.765427359346067E-01    1.576974151164517E-03
   248    3.276629448150592E-01    4.671481472283520E-01
   249    6.737345935031394E-01   -2.331800270597223E-03
   250    8.778458878744250E-02    2.789422106566322E-01
   251    9.135447767161079E-01   -2.402555090915016E-03
   252    5.638067245197965E-02   -2.281315870956145E-01
   253    9.437096957315251E-01   -2.602206139833878E-03
   254    4.933779383693602E-02    2.141377287413193E-01
   255    9.503641391446773E-01    2.549882073311367E-03
   256    3.331669139153592E-02    1.767020584577140E-01
   257    9.670251387050620E-01   -1.862908512289826E-03
   258    4.244896603662571E-02    2.000302318320334E-01
   259    9.571286285263395E-01   -2.040856055306354E-03
   260    8.255366554777725E-02    2.735819160327493E-01
   261    9.176140312033413E-01   -1.315837870738167E-03
   262    2.953798032997377E-02   -1.671483732632206E-01
   263    9.707301419680976E-01    2.442161462698783E-03
   264    1.402571721704125E-02    1.138655461256442E-01
   265    9.862023437951409E-01   -2.474047808814033E-03
   266    1.804062229574456E-02    1.310508125593950E-01
   267    9.817679857138812E-01   -2.780606480652420E-03
   268    2.087089585643245E-02    1.406117570858882E-01
   269    9.791342807434594E-01    1.928370579330600E-03
   270    1.323294295766853E-02    1.111292230885152E-01
   271    9.870965529984252E-01    3.760728192543049E-03
   272    5.321962475663872E-03    6.730896384366038E-02
   273    9.948216457621565E-01   -5.427901087404798E-03
   274    2.639923682460366E-03    4.428993974610727E-02
   275    9.975718470535645E-01    5.417337019561496E-03
   276    2.530652325223307E-03   -4.431174655509031E-02
   277    9.975676101705262E-01   -7.280101674594173E-03
   278    1.202894798627383E-03   -2.371995483230852E-02
   279    9.989297325198865E-01    8.976489609872792E-03
   280    9.210228001229218E-04   -2.111438723555898E-02
   281    9.991634578289643E-01    1.059183347122158E-02
   282    7.584073248772966E-04    1.345828160823747E-02
   283    9.992483132147426E-01   -1.483171596177064E-02
   284    8.515931212357432E-04    1.558934661757295E-02
   285    9.990126229074410E-01   -1.669591295281174E-02
   286    8.397126390704005E-04   -1.039782715755568E-02
   287    9.993793845432950E-01    1.334953538261525E-02
   288    6.204263744948369E-04    1.015730549360316E-02
   289    9.991535257047828E-01   -2.059752603503822E-02
   290    9.604751359369860E-04    8.722408874333197E-03
   291    9.990893278871520E-01   -2.383133413142255E-02
   292    1.031580536177246E-03    3.455234798452710E-03
   293    9.958848480373445E-01   -6.269220379379289E-02
   294    4.266684130139298E-03   -1.739683398784841E-03
   295    9.922868463158149E-01   -8.601407358583935E-02
   296    7.812004727003174E-03    1.363690671603627E-03
   297    9.825219760711560E-01   -1.302573616060932E-01
   298    1.763863253332655E-02    6.962481120519515E-04
   299    9.482845275018308E-01   -2.209950871525761E-01
   300    5.178725259121936E-02   -4.318883082636012E-04
   301    9.097148037216830E-01    2.863089294931817E-01
   302    9.035677400850207E-02   -3.226862050946079E-04
   303    8.730696153559580E-01   -3.325928835771031E-01
   304    1.269882357268542E-01   -2.712562167280255E-04
   305    7.334977918870642E-01    4.419493798354813E-01
   306    2.665768630984490E-01    1.699071586672644E-04
   307    5.119284843208158E-01   -4.996883485658157E-01
   308    4.881138183536665E-01    1.456276591472106E-04
   309    3.308523490028779E-01   -4.703678702578973E-01
   310    6.692573340984707E-01   -1.717610302031128E-04
   311    5.374381369152852E-02   -2.249668639912263E-01
   312    9.464091544627944E-01   -4.830586217119506E-04
   313    1.565572828421121E-02   -1.235934059522198E-01
   314    9.843867994730231E-01    5.143176569376455E-04
   315    7.911809232893897E-03   -8.762096640168737E-02
   316    9.921550202083880E-01   -8.428624861510789E-04
   317    2.347747730207418E-03   -4.729433882053206E-02
   318    9.976915998619167E-01   -1.074795109753036E-03
   319    1.176459387612463E-03   -3.245812216557867E-02
   320    9.988676533424073E-01   -2.138139365112993E-03
   321    5.131501720572883E-04    1.883498952691767E-02
   322    9.995527299798060E-01    4.307073021412103E-03
   323    1.990535284202784E-04   -7.224926625762246E-03
   324    9.998410266163402E-01    5.058517233646647E-03
   325    1.416273981196426E-04   -7.412623330608079E-03
   326    9.998691937464891E-01    4.668851631241902E-03
   327    1.413408970539543E-04   -6.707293819025566E-03
   328    9.998453250956860E-01    6.547902752797105E-03
   329    1.624712564906428E-04    4.759241102377154E-03
   330    9.998346174557755E-01   -9.345094024715559E-03
   331    1.770549806225603E-04    2.323099933896446E-03
   332    9.996310791506942E-01   -1.779363560578278E-02
   333    3.886432592428613E-04    1.154963853960855E-03
   334    9.994902910234078E-01    2.156639669852361E-02
   335    5.165582513499677E-04   -1.063844351695133E-03
   336    9.992519031898404E-01   -2.664085224436886E-02
   337    7.601315284838198E-04   -7.285096092003619E-04
   338    9.993382560385280E-01   -2.442723381742625E-02
   339    6.386920318283768E-04    1.396946470491181E-03
   340    9.995880832560865E-01    1.918725070918063E-02
   341    4.147969760210373E-04   -7.107718856174915E-04
   342    9.988936678505387E-01    3.278876325485980E-02
   343    1.150635544622305E-03    4.759321922778765E-04
   344    9.943796686042770E-01    7.453707696819728E-02
   345    5.632558294476907E-03    1.913136793383997E-04
   346    9.926621181828201E-01   -8.519620915290903E-02
   347    7.351229414773062E-03    1.873258234927819E-04
   348    9.900432973759457E-01    9.912293493124372E-02
   349    9.959052851091516E-03   -1.369608334373162E-04
   350    9.881933814994797E-01    1.079083985033218E-01
   351    1.181043959857130E-02    8.283004016738311E-05
   352    9.467773207838982E-01   -2.244330056012527E-01
   353    5.323910377190912E-02   -4.910397772048107E-05
   354    9.579616137469993E-01    2.006296409019930E-01
   355    4.203811624328894E-02   -3.485376740027160E-05
   356    9.264545829363359E-01    2.610034603872656E-01
   357    7.354674442877387E-02    2.715023038061155E-05
   358    9.578323036141143E-01    2.009349546247410E-01
   359    4.216960208319131E-02    3.897206901495778E-05
   360    8.824836619697729E-01   -3.220097613919251E-01
   361    1.175234388519123E-01   -2.304341932737963E-05
   362    8.837437632689042E-01    3.205124148887744E-01
   363    1.162620857785416E-01    2.029907257452181E-05
   364    7.339044738844089E-01    4.418966090247047E-01
   365    2.661004837313351E-01    1.821164321281083E-05
   366    4.740624116766524E-01   -4.993118255306592E-01
   367    5.259438840919175E-01    1.363567466358666E-05
   368    4.041554522224552E-01   -4.907117319574572E-01
   369    5.958495018776533E-01    1.363401861162280E-05
   370    3.189991333971047E-01   -4.660748028941789E-01
   371    6.810021499453692E-01    1.485952033129322E-05
   372    1.845133927361141E-01   -3.878850966056068E-01
   373    8.154938580099155E-01    1.554761270449631E-05
   374    7.324447101212712E-02    2.605170957176714E-01
   375    9.267534906235356E-01    2.093014056508890E-05
   376    1.532109028473867E-01   -3.601755377009128E-01
   377    8.467894639550972E-01   -1.413141086436457E-05
   378    4.479025534782666E-02    2.068148980952261E-01
   379    9.552148297211394E-01    2.778075011383345E-05
   380    1.278889410530390E-02    1.123260320406460E-01
   381    9.872148509894985E-01   -2.624832527567974E-05
   382    1.545199070892088E-02   -1.233085910097870E-01
   383    9.845489675558842E-01    4.045116912418155E-05
   384    2.744109846027186E-03    5.222198636882657E-02
   385    9.972600280140496E-01    9.975039165516849E-05
   386    7.445664736330666E-04    2.710689053171383E-02
   387    9.992606173170142E-01    1.265235325695522E-04
   388    4.813607926623487E-04    2.176862450065386E-02
   389    9.995186595402711E-01    1.297849017188873E-04
   390    2.421385918920943E-04   -1.540880527748025E-02
   391    9.997593502617749E-01    1.542927280817124E-04
   392    1.470585848969671E-04    1.195015313989791E-02
   393    9.998533933509942E-01   -2.079065535276814E-04
   394    6.083690059757924E-05   -7.412189910205690E-03
   395    9.999422891292634E-01   -3.969189703737435E-04
   396    2.280052705673471E-05    4.080550659654440E-03
   397    9.999782657870542E-01    5.508972410691678E-04
   398    2.357431651511197E-05    4.468196730643401E-03
   399    9.999762614765525E-01    3.087503152709820E-04
   400    2.748670475698704E-05   -4.933007925163818E-03
   401    9.999728756403072E-01    3.648487731875866E-04
   402    1.637924521233551E-05    3.679345976032754E-03
   403    9.999829548545390E-01   -2.437343427550133E-04
   404    4.821824393000549E-05   -6.758234179347018E-03
   405    9.999522537945628E-01    2.066468811650667E-04
   406    8.901251730987182E-06    2.568018162427395E-03
   407    9.999918711723557E-01    4.993883778012444E-04
   408    6.338429058820413E-06   -1.897504918479161E-03
   409    9.999943254857669E-01   -3.702375818063664E-04
   410    6.092948050393065E-06   -2.186483546556920E-03
   411    9.999933411140165E-01    3.567591769763856E-04
   412    1.013640595586369E-05    2.814805922710590E-03
   413    9.999898587944932E-01   -3.878419316437071E-04
   414    8.393937869403296E-06   -2.471880919550792E-03
   415    9.999921006424837E-01    3.358553039536172E-04
   416    4.476509426474257E-06    1.695097584793209E-03
   417    9.999959676480460E-01   -3.885066176279821E-04
   418    2.729402400159997E-06   -1.341325016829976E-03
   419    9.999974178664512E-01   -2.610681527097927E-04
   420    2.660486438501717E-06    1.287013536026492E-03
   421    9.999972198986399E-01   -3.720989598888801E-04
   422    2.609119139778947E-06   -1.100509683064338E-03
   423    9.999975731754134E-01   -7.624213064711772E-04
   424    2.245153226569785E-06   -3.956330833625306E-04
   425    9.999979830877466E-01   -1.138966097287948E-03
   426    2.269723195900131E-06   -2.766024215293875E-04
   427    9.999957867115873E-01   -1.874426016035510E-03
   428    4.562065515780531E-06    1.559109123992724E-04
   429    9.999924711667567E-01   -2.612196135228296E-03
   430    7.397964399390236E-06   -1.389370833925780E-04
   431    9.999948647513116E-01    2.102138181400184E-03
   432    5.110996516381531E-06   -1.356610305945798E-04
   433    9.999928694510014E-01   -2.598433188519756E-03
   434    7.493942152922574E-06    4.346341650911654E-05
   435    9.999433059655682E-01    7.498122395277890E-03
   436    5.695896162010528E-05   -4.947630822372681E-05
   437    9.999555210536476E-01   -6.622291005889428E-03
   438    4.431331982726012E-05   -3.442553601248239E-05
   439    9.999455865385953E-01   -7.349136017633865E-03
   440    5.461645036872765E-05    2.388308346604033E-05
   441    9.998172537428047E-01   -1.350646947525786E-02
   442    1.830777219665634E-04   -8.651586330651893E-06
   443    9.993389482123297E-01    2.569816464918609E-02
   444    6.611484548876772E-04   -4.705486420856702E-06
   445    9.987683281514170E-01    3.506985951858027E-02
   446    1.231817170481870E-03   -3.731125333546814E-06
   447    9.984997171166122E-01   -3.870090968662432E-02
   448    1.500201444353195E-03   -4.015217016255112E-06
   449    9.996453156219535E-01    1.882253306431688E-02
   450    3.545832402853086E-04   -3.628298812156315E-06
   451    9.993035125975552E-01   -2.637852251890681E-02
   452    6.965037615656786E-04   -5.804782977617865E-06
   453    9.996168833845390E-01    1.955949080235508E-02
   454    3.829451868673298E-04   -5.919060996431057E-06
   455    9.995557919362293E-01   -2.106910262257044E-02
   456    4.444255667379746E-04    1.702001794055887E-06
   457    9.921417218531098E-01    8.829744174816033E-02
   458    7.858534615405666E-03   -5.278616305226434E-07
   459    9.202316091096947E-01   -2.709341163614519E-01
   460    7.976847108740506E-02   -2.002921840099940E-07
   461    9.067593005753823E-01    2.907692630095617E-01
   462    9.324072181343397E-02   -1.973327611633501E-07
   463    7.130576763297874E-01   -4.523342674382646E-01
   464    2.869424750154979E-01    1.246741923202622E-07
   465    5.277309776077616E-01    4.992302933588342E-01
   466    4.722690254077444E-01    9.523471041204276E-08
   467    4.482163659155458E-01    4.973111433983368E-01
   468    5.517836289528892E-01   -7.022777967689263E-08
   469    3.822247167381809E-01    4.859309752000723E-01
   470    6.177753173937919E-01   -8.559122222655009E-08
   471    1.057104085869549E-01   -3.074664595387066E-01
   472    8.942896580659513E-01   -1.280207843782733E-07
   473    4.443991255918717E-02    2.060702215465249E-01
   474    9.555600832163395E-01   -1.440411773929135E-07
   475    7.307157858650482E-02   -2.602538346524144E-01
   476    9.269284077229543E-01    1.438553034955588E-07
   477    2.129317510953371E-02   -1.443596186635679E-01
   478    9.787068768120352E-01   -2.778621180466929E-07
   479    7.166296323623494E-03   -8.434962141796998E-02
   480    9.928337088793201E-01   -4.048381280002744E-07
   481    4.571628160217093E-03   -6.745852789062269E-02
   482    9.954284181729127E-01    4.611905832734432E-07
   483    6.307189562152109E-04   -2.510550450274182E-02
   484    9.993692642171808E-01   -5.848640627625413E-07
   485    3.818112631983452E-03   -6.167255955674204E-02
   486    9.961818705189683E-01   -2.499372770540551E-07
   487    1.733110341915289E-03   -4.159401842439704E-02
   488    9.982669190138097E-01    6.542905771146865E-07
   489    2.230937164681145E-04    1.493313871069375E-02
   490    9.997769161327010E-01   -9.904366913315762E-07
   491    1.674847709363542E-04    1.293963375363036E-02
   492    9.998325217527769E-01   -9.166918428851727E-07
   493    8.429801240111037E-05    9.179647647637701E-03
   494    9.999156990687270E-01   -9.705867462866443E-07
   495    2.623352408599888E-04    1.619417734298503E-02
   496    9.997376607490863E-01    5.947427847680233E-07
   497    1.558844977729774E-04   -1.248346783219749E-02
   498    9.998441129556219E-01   -8.098844703138667E-07
   499    2.961523766301483E-04   -1.720581667968122E-02
   500    9.997038533467572E-01   -7.709794478499333E-07
   501    1.265435362110817E-04    1.124764486003584E-02
   502    9.998734578005766E-01   -7.162880921636916E-07
   503    6.181919317816473E-05   -7.860929247225845E-03
   504    9.999381917564146E-01   -1.092129525602521E-06
   505    2.113325461752145E-05    4.596028404315663E-03
   506    9.999788652001110E-01   -6.939535577116122E-07
   507    5.411019057869564E-05   -7.355231326829192E-03
   508    9.999458876683219E-01    5.902015085430090E-07
   509    1.082665941545142E-04   -1.040409012401433E-02
   510    9.998917325944722E-01    6.186776286798217E-07
   511    4.542916882368016E-05    6.739167962668033E-03
   512    9.999545713752591E-01    5.732017432909975E-07
   513    9.226379378467504E-05    9.604461037960732E-03
   514    9.999077357492575E-01   -5.213048112302913E-07
   515    4.132293040118505E-05    6.427456544046859E-03
   516    9.999586805299255E-01    6.698946328322566E-07
   517    2.947882508143499E-05   -5.428454487514423E-03
   518    9.999705237033587E-01   -9.464787475957767E-07
   519    5.739243485497779E-06    2.393410393740399E-03
   520    9.999942678219137E-01   -2.136738438902921E-06
   521    1.056570443485616E-06   -1.023396398452891E-03
   522    9.999989474506955E-01   -3.916651492241758E-06
   523    4.018072508651483E-07    6.295945090315998E-04
   524    9.999995990581295E-01   -5.910899228932932E-06
   525    1.521818484496570E-07   -3.766011244401974E-04
   526    9.999998547803820E-01    8.882586464688482E-06
   527    3.898688471913457E-08    1.767912313837535E-04
   528    9.999999646767648E-01   -1.989755596946475E-05
   529    9.658457980730531E-09   -6.701626828500745E-05
   530    9.999999931413465E-01    2.732048668850965E-05
   531    5.460203169803589E-09    3.147015377031992E-05
   532    9.999999929502161E-01   -6.009762141865892E-05
   533    6.861923485895370E-09    1.727810146431234E-05
   534    9.999999907919348E-01    8.039167972820311E-05
   535    1.118114824574263E-08   -1.989775004604359E-05
   536    9.999999820743013E-01   -1.206133541664991E-04
   537    1.817914260580663E-08   -6.477254827540483E-06
   538    9.999999545818037E-01   -2.105227831832895E-04
   539    4.657117587803889E-08    3.402293604722826E-06
   540    9.999999565810294E-01   -2.029707766936410E-04
   541    4.233877251560211E-08    6.583428158956748E-06
   542    9.999999859225215E-01    1.094857091935843E-04
   543    1.427534782621030E-08    6.847557397796587E-06
   544    9.999999674567405E-01    1.752687060599372E-04
   545    3.256819414419217E-08    4.804190462362680E-06
   546    9.999999514334195E-01   -2.170886538064011E-04
   547    4.974851751680255E-08   -4.167445399241626E-06
   548    9.999999278899202E-01    2.648039968766678E-04
   549    7.154568516052182E-08   -2.855793316986679E-06
   550    9.999999606697351E-01    1.951437775533379E-04
   551    3.961841370978273E-08   -2.971263613325392E-06
   552    9.999999601467074E-01   -1.969509673923164E-04
   553    3.951986269767399E-08   -1.685423335940014E-06
   554    9.999999439053275E-01    2.351746807431717E-04
   555    5.626504926650912E-08   -1.779481964804992E-06
   556    9.999999521493336E-01   -2.176392798162460E-04
   557    4.793674672196338E-08   -9.575653425258582E-07
   558    9.999999194259768E-01    2.826632616757925E-04
   559    8.084563971102564E-08   -1.023089108100695E-06
   560    9.999995051307727E-01   -7.031729376170836E-04
   561    4.956302483039673E-07    2.707148973318654E-07
   562    9.999991079705290E-01   -9.442590097592643E-04
   563    8.920533493291062E-07   -2.257107511355866E-07
   564    9.999973280516911E-01    1.634481209165123E-03
   565    2.672326695163635E-06    1.517666128532406E-07
   566    9.999971184428827E-01    1.697361632278027E-03
   567    2.881720800182355E-06    9.844609803200688E-08
   568    9.999909958475407E-01   -3.000633536289865E-03
   569    9.004250984402187E-06    3.027964941722389E-08
   570    9.999797320643533E-01    4.501932593439912E-03
   571    2.026806023463576E-05   -2.229528740761403E-08
   572    9.999872488653948E-01   -3.570821260041705E-03
   573    1.275107681999387E-05   -2.336472674516302E-08
   574    9.999697395970636E-01    5.500833413336027E-03
   575    3.026031681279643E-05    3.334312791959086E-08
   576    9.999942591696793E-01    2.395941478272730E-03
   577    5.740841723026969E-06    3.310795494213039E-08
   578    9.999569269156791E-01    6.562857420381437E-03
   579    4.307342925484003E-05    1.293448806553502E-08
   580    9.998912245939399E-01   -1.042896617189559E-02
   581    1.087753413810750E-04    7.903708295139802E-09
   582    9.998676476581440E-01   -1.150368236480921E-02
   583    1.323523876908462E-04   -4.942528106061974E-09
   584    9.998037667332256E-01   -1.400695102462578E-02
   585    1.962333493900769E-04   -2.276406626332042E-09
   586    9.978146142400897E-01   -4.669699983711187E-02
   587    2.185385879786302E-03    6.891942628961884E-10
   588    9.949757516185977E-01    7.070364354949953E-02
   589    5.024248411092888E-03    7.523639605365683E-10
   590    9.928868942194341E-01   -8.403873755169280E-02
   591    7.113105760335404E-03   -4.909568678702330E-10
   592    9.944322609724134E-01    7.440926851003354E-02
   593    5.567739068903690E-03    3.692199191277742E-10
   594    9.609613894179964E-01    1.936868540063766E-01
   595    3.903861064742426E-02    1.273857593109822E-10
   596    9.509547326235772E-01    2.159625640553082E-01
   597    4.904526736529639E-02    1.322343728557280E-10
   598    9.633491763011538E-01   -1.879030089497187E-01
   599    3.665082372600755E-02    8.444785237895429E-11
   600    8.232545312010813E-01    3.814531531188329E-01
   601    1.767454688110793E-01   -4.390816469546758E-11
   602    7.845878832004969E-01   -4.111079380176177E-01
   603    2.154121168164813E-01    5.113339699157845E-11
   604    7.989783403345356E-01    4.007642099387073E-01
   605    2.010216596536736E-01    3.781529774639502E-11
   606    8.875620297507461E-01   -3.159045315732001E-01
   607    1.124379702423705E-01   -5.180379003899387E-11
   608    8.672895695060006E-01    3.392615098810475E-01
   609    1.327104304821230E-01    6.482363132646552E-11
   610    9.647638354751664E-01    1.843761839294907E-01
   611    3.523616451244116E-02   -6.531429780224335E-11
   612    9.863292157042990E-01   -1.161201702466143E-01
   613    1.367078429259270E-02    5.380543222431378E-11
   614    9.727860069284967E-01    1.627064584948895E-01
   615    2.721399307912046E-02   -4.694634260558848E-11
   616    9.086593578981154E-01    2.880929176206233E-01
   617    9.134064211730887E-02   -3.564744426260754E-11
   618    9.119173884949024E-01    2.834150049636125E-01
   619    8.808261149731358E-02   -2.924882129463815E-11
   620    9.589783958450329E-01    1.983401929330996E-01
   621    4.102160415616655E-02   -3.124137256141650E-11
   622    9.615055837037787E-01    1.923865800924774E-01
   623    3.849441629756557E-02   -1.759939201923423E-11
   624    8.595508861275678E-01   -3.474523856289614E-01
   625    1.404491138776303E-01    9.077934691179661E-12
   626    7.156631168391067E-01    4.510980159884190E-01
   627    2.843368831621044E-01   -5.574735019662386E-12
   628    7.554394434906377E-01    4.298263494759891E-01
   629    2.445605565120768E-01   -6.421656163864427E-12
   630    5.029877722976820E-01   -4.999910731319198E-01
   631    4.970122277026712E-01    5.525059217293075E-12
   632    4.842201039432268E-01   -4.997509328395948E-01
   633    5.157798960596428E-01   -5.689587551218086E-12
   634    2.493425025665882E-01   -4.326324294077992E-01
   635    7.506574974355426E-01    6.039239806951367E-12
   636    7.729072368117541E-02    2.670521816204199E-01
   637    9.227092763226952E-01    8.371953550684302E-12
   638    2.286843716192451E-02    1.494840183425818E-01
   639    9.771315628378084E-01    1.186343940857719E-11
   640    4.566305760066208E-02   -2.087533060064830E-01
   641    9.543369423973975E-01    6.043963586949677E-12
   642    4.835152359865820E-02    2.145079340295129E-01
   643    9.516484764027523E-01    6.056753468960715E-12
   644    7.987571913970247E-03    8.901556384051787E-02
   645    9.920124280877755E-01    1.944215348583880E-11
   646    1.183924881358910E-03    3.438783506713581E-02
   647    9.988160751203070E-01   -2.302964964295522E-11
   648    8.997611993416402E-04   -2.998252203694642E-02
   649    9.991002387997555E-01   -2.479672894146760E-11
   650    4.679764202586300E-04   -2.162770019711423E-02
   651    9.995320235814669E-01   -5.853776602855040E-11
   652    8.737250800231625E-05   -9.346917790103338E-03
   653    9.999126274929443E-01   -9.437743908487530E-11
   654    2.447393159529120E-05   -4.947052753114418E-03
   655    9.999755260690655E-01   -2.017853921222883E-10
   656    3.393097497258969E-06   -1.842032598204110E-03
   657    9.999966069038110E-01    3.838299610122144E-10
   658    5.403376097108929E-07   -7.350755939185280E-04
   659    9.999994596630861E-01    7.644114251774699E-10
   660    7.328623594800721E-08   -2.707124246438106E-04
   661    9.999999267142690E-01    1.371504827526466E-09
   662    5.072672395214952E-08   -2.252242384979339E-04
   663    9.999999492732432E-01    1.824364198754711E-09
   664    2.286910384714766E-08    1.512230047501421E-04
   665    9.999999771313119E-01   -1.594023546738180E-09
   666    2.063130676627558E-08   -1.436336363113716E-04
   667    9.999999793687910E-01   -2.356022760580815E-09
   668    4.592125349958542E-09    6.776229218511331E-05
   669    9.999999954079800E-01   -3.351253257986586E-09
   670    1.258570286065865E-09    3.546553621946730E-05
   671    9.999999987420150E-01   -8.463554158945000E-09
   672    9.730688663639855E-11    9.843858213676069E-06
   673    9.999999999029319E-01    1.901574555678491E-08
   674    1.967248237914862E-11    4.389661166525745E-06
   675    9.999999999805997E-01   -4.819949897259075E-08
   676    2.101203306852642E-12   -1.333467580882177E-06
   677    9.999999999980529E-01    8.338622289362152E-08
   678    1.853471012249884E-12   -1.276104386149594E-06
   679    9.999999999981434E-01    1.294291580376880E-07
   680    7.434014839573990E-13   -5.633486199960259E-07
   681    9.999999999994391E-01   -3.689343505653993E-07
   682    6.044798397440376E-13    1.807321340400751E-07
   683    9.999999999989119E-01   -9.501535931163778E-07
   684    1.206985846968868E-12   -6.814296079995281E-08
   685    9.999999999954133E-01   -2.092616473453441E-06
   686    4.591210185600112E-12    6.558939913162834E-08
   687    9.999999999982696E-01   -1.241330468927417E-06
   688    1.724184550579573E-12    3.437107959632375E-08
   689    9.999999999973392E-01   -1.613697233120678E-06
   690    2.683614907532614E-12    1.568075709097673E-08
   691    9.999999999927417E-01    2.687303690852478E-06
   692    7.309615222596638E-12   -6.413514391614578E-09
   693    9.999999999196184E-01   -8.963725273665331E-06
   694    8.044436417566777E-11   -1.727677253464774E-09
   695    9.999999998761661E-01    1.112691268641196E-05
   696    1.238614653297054E-10    1.410775287097585E-09
   697    9.999999993094150E-01    2.627853742687024E-05
   698    6.906091094507008E-10    3.979085480090473E-10
   699    9.999999971332338E-01    5.354189396991089E-05
   700    2.866788156920848E-09    3.915936582926419E-10
   701    9.999999954478510E-01    6.746937418768800E-05
   702    4.552181349612719E-09    2.489025563916941E-10
   703    9.999999916331984E-01    9.147002807662031E-05
   704    8.366820969728810E-09   -2.391845362483436E-10
   705    9.999999812091636E-01    1.370795318506938E-04
   706    1.879083875789373E-08   -9.813274018982382E-11
   707    9.999999693762608E-01    1.749963372375935E-04
   708    3.062376674060119E-08    6.567819310441782E-11
   709    9.999999384612211E-01   -2.480700693202256E-04
   710    6.153878709600242E-08    2.795487279332771E-11
   711    9.999998175750121E-01    4.271123299525163E-04
   712    1.824250019854069E-07    1.535991734528761E-11
   713    9.999991448982041E-01    9.247167438372601E-04
   714    8.551018120165298E-07    8.043136450475708E-12
   715    9.999980183957007E-01   -1.407693274977808E-03
   716    1.981604305053685E-06   -7.315690609852555E-12
   717    9.999978869916827E-01   -1.453617500675581E-03
   718    2.113008320877470E-06   -5.297121140387436E-12
   719    9.999987181358790E-01   -1.132193652100589E-03
   720    1.281864121329169E-06   -4.906020536948727E-12
   721    9.999989638485050E-01    1.017914739583753E-03
   722    1.036151499652712E-06    2.527102493091088E-12
   723    9.999952625104891E-01   -2.176572320273211E-03
   724    4.737489520224101E-06   -1.359739912974477E-12
   725    9.999859566132389E-01   -3.747424387669775E-03
   726    1.404338676635441E-05    7.539873427573821E-13
   727    9.999718553544898E-01    5.305078075433352E-03
   728    2.814464551949653E-05    8.360807082992539E-13
   729    9.999619509709866E-01   -6.168272146781971E-03
   730    3.804902901120401E-05   -5.284459633819103E-13
   731    9.999795027935876E-01    4.527337658650481E-03
   732    2.049720641460010E-05    4.764280645494789E-13
   733    9.999930926800423E-01   -2.628168990945694E-03
   734    6.907319959943387E-06    1.037037399581221E-12
   735    9.999936159434447E-01   -2.526660997690608E-03
   736    6.384056557873126E-06    9.285185489588366E-13
   737    9.999966233538222E-01    1.837562182529008E-03
   738    3.376646179900383E-06    1.536407892606385E-12
   739    9.999988010206183E-01    1.094978511764535E-03
   740    1.198979381337827E-06   -2.588675587768535E-12
   741    9.999998094481042E-01    4.365224593915902E-04
   742    1.905518983633154E-07   -4.548205000489197E-12
   743    9.999996807372975E-01    5.650332734347391E-04
   744    3.192627058253781E-07    3.315698344370854E-12
   745    9.999996790049391E-01    5.665641685007652E-04
   746    3.209950630963511E-07    2.609250044431945E-12
   747    9.999998246834060E-01    4.187082084229459E-04
   748    1.753165967431673E-07    4.098399911875815E-12
   749    9.999999342423576E-01    2.564325211885971E-04
   750    6.575764444816691E-08   -7.013478890968098E-12
   751    9.999999754236053E-01    1.567685984619604E-04
   752    2.457639585683485E-08   -1.315633971336477E-11
   753    9.999999985818271E-01    3.765863699134906E-05
   754    1.418173454813178E-09   -5.151549937827430E-11
   755    9.999999999917464E-01   -2.872834829959276E-06
   756    8.253571582121340E-12   -7.195269271128357E-10
   757    9.999999999998891E-01    3.315343995853591E-07
   758    1.103109122223587E-13   -4.823259447150149E-09
   759    9.999999999999960E-01    5.472430667553764E-08
   760    4.752107929728869E-15    2.907078790872655E-08
   761    9.999999999999978E-01   -1.769827642958072E-08
   762    9.116655327346754E-15    8.734332412743392E-08
   763    9.999999999999926E-01    8.191750624946788E-09
   764    3.787079543033405E-14   -1.913584937720562E-07
   765    9.999999999999626E-01    1.250748425145252E-09
   766    1.703673096376833E-12   -1.305036350005766E-06
   767    9.999999999982974E-01    2.553426097248242E-10
   768    2.890742504317244E-11   -5.376521098065783E-06
   769    9.999999999710915E-01   -2.351826308291458E-11
   770    4.419130655854856E-09    6.647653994485789E-05
   771    9.999999955808678E-01    3.170071565708349E-12
   772    2.335771905664577E-07   -4.832981850013185E-04
   773    9.999997664228087E-01    2.940963084189207E-13
   774    2.478404187038094E-05   -4.978295654274783E-03
   775    9.999752159581297E-01    2.058887195667012E-14
   776    6.905864666152808E-03   -8.281409118842906E-02
   777    9.930941353338468E-01   -1.712629892646619E-15
   778    8.370078766075544E-01   -3.693584858974635E-01
   779    1.629921233924450E-01    4.274000138638267E-15
   780    9.998619343185244E-01   -1.174932420793162E-02
   781    1.380656814755798E-04   -1.209389507240263E-13
   782    9.999997982797386E-01    4.491327441177252E-04
   783    2.017202626355583E-07    3.154995896584092E-12
   784    9.999999996869174E-01   -1.769415567290222E-05
   785    3.130832472304662E-10    7.410032377197902E-11
   786    9.999999999996581E-01    5.851659667326487E-07
   787    3.425116657361329E-13   -2.844620274306194E-09
   788    9.999999999999999E-01    1.187063271180023E-08
   789    1.784018773469395E-14    1.327381820392469E-07
   790    9.999999999999815E-01    3.453696486174242E-10
   791    2.342598321097235E-11   -4.840032239330754E-06
   792    9.999999999765743E-01   -6.163329232382447E-12
   793    5.387211947409834E-08    2.321036762387030E-04
   794    9.999999461278805E-01    1.107983033390357E-13
   795    1.664326654499912E-04   -1.289980486743154E-02
   796    9.998335673345501E-01    1.639293165982799E-15
   797    6.788294811234871E-01    4.669261362154662E-01
   798    3.211705188765126E-01    2.318285499707913E-15
   799    9.999156426040611E-01   -9.184240837930529E-03
   800    8.435739593940234E-05    1.623917418573163E-13
   801    9.999999877671624E-01    1.106021587995338E-04
   802    1.223283770325857E-08    1.247995432326754E-11
   803    9.999999999995020E-01   -7.057283685430054E-07
   804    4.980802407342409E-13    1.960295331893269E-09
   805    9.999999999999996E-01    4.596395467401167E-09
   806    7.737141002146751E-14   -2.780783567973432E-07
   807    9.999999999999225E-01   -5.004403781045769E-11
   808    6.551950770546522E-10   -2.559677827590957E-05
   809    9.999999993448047E-01    2.076052958853920E-13
   810    4.326869687980432E-05   -6.577752252834299E-03
   811    9.999567313031195E-01    1.269253774270316E-15
   812    9.211937869707861E-01   -2.694360662888471E-01
   813    7.880621302921384E-02    5.185386741752326E-15
   814    9.999991948642033E-01    8.972932349122658E-04
   815    8.051357976761066E-07    1.767445814008649E-12
   816    9.999999999900062E-01    3.161276906695953E-06
   817    9.993680004419076E-12   -5.199401454318674E-10
   818    9.999999999999988E-01    5.689916295386117E-09
   819    5.160125494227202E-14    2.270796965611650E-07
   820    9.999999999999470E-01    1.047743993147217E-11
   821    1.177784398933734E-08    1.085257750001889E-04
   822    9.999999882221564E-01   -3.864891582918848E-14
   823    1.429021775480697E-03   -3.777538447515649E-02
   824    9.985709782245202E-01    1.387266233804144E-15
   825    9.975656980644294E-01   -4.927855628624948E-02
   826    2.434301935570583E-03   -2.548101464394835E-14
   827    9.999999984750272E-01    3.905089860583568E-05
   828    1.524972686119185E-09   -3.724723940354656E-11
   829    9.999999999999993E-01   -2.565361948157421E-08
   830    4.638082056078999E-15   -6.306869755646651E-08
   831    9.999999999999963E-01   -1.810232118557779E-11
   832    4.485496375191036E-09   -6.697384827819665E-05
   833    9.999999955145037E-01   -1.363249480872257E-14
   834    8.980519997119662E-03    9.433912368525048E-02
   835    9.910194800028799E-01    1.313922188559200E-15
   836    9.999682681624346E-01    5.633012573728304E-03
   837    3.173183756529822E-05   -2.134476719404231E-13
   838    9.999999999780044E-01    4.690012520031235E-06
   839    2.199621928920396E-11    2.641465831649624E-10
   840    1.000000000000000E+00    2.394391283258009E-09
   841    1.974933769511041E-13    4.443947664389015E-07
   842    9.999999999998018E-01   -7.705763034280565E-13
   843    2.833693189097758E-06    1.683355327695295E-03
   844    9.999971663068118E-01   -1.347985355987470E-15
   845    9.807590845077795E-01    1.373706761402943E-01
   846    1.924091549222038E-02    1.075636409977319E-14
   847    9.999999991356867E-01   -2.939919697343563E-05
   848    8.643127838164214E-10    4.491259320458873E-11
   849    1.000000000000000E+00    4.877225256423894E-09
   850    7.729778604116697E-14    2.779810279653468E-07
   851    9.999999999999217E-01    7.825159248436337E-13
   852    2.570430511326679E-06    1.603254160828340E-03
   853    9.999974295694894E-01    1.132116690290879E-15
   854    9.976922513688786E-01   -4.798356934802972E-02
   855    2.307748631121620E-03   -2.694124163880600E-14
   856    9.999999999849917E-01   -3.874058032667679E-06
   857    1.500832595230565E-11    3.417021131720363E-10
   858    9.999999999999996E-01   -2.340687265551561E-10
   859    2.863523333873416E-11    5.351189883393811E-06
   860    9.999999999713628E-01   -7.834140418921795E-15
   861    2.519772616887947E-02   -1.567252397184245E-01
   862    9.748022738311204E-01   -1.171559516458468E-15
   863    9.999996381963471E-01    6.015010576308859E-04
   864    3.618036532331356E-07    1.865751217139044E-12
   865    9.999999999999963E-01   -5.638482834128510E-08
   866    3.672605271524991E-15   -2.220741579695083E-08
   867    1.000000000000000E+00    3.835824533481458E-12
   868    9.089608771432284E-08    3.014897667451615E-04
   869    9.999999091039115E-01    1.134629331367517E-15
   870    9.727170670880584E-01   -1.629066434607999E-01
   871    2.728293291194167E-02    6.694710741771647E-15
   872    9.999999999940967E-01    2.429478228445061E-06
   873    5.902364751910320E-12    4.790573984016198E-10
   874    9.999999999999991E-01   -8.547103933021636E-11
   875    1.596373893109000E-10   -1.263476906118902E-05
   876    9.999999998403627E-01    1.130055573204591E-15
   877    5.341814161858840E-01   -4.988302625017119E-01
   878    4.658185838141149E-01    1.555376737328026E-15
   879    9.999999994770714E-01   -2.286766012736034E-05
   880    5.229298800162225E-10    5.710239354778608E-11
   881    1.000000000000000E+00    1.066828398754621E-10
   882    1.267972418618431E-10    1.126042813672659E-05
   883    9.999999998732023E-01    1.322408440124183E-15
   884    6.697833971665913E-01   -4.702909716830331E-01
   885    3.302166028334086E-01   -1.501971302439352E-15
   886    9.999999999545127E-01    6.744473868448877E-06
   887    4.548792780354703E-11   -1.364568048436231E-10
   888    9.999999999999998E-01    5.923973945842932E-11
   889    2.167731433193867E-10    1.472321782968906E-05
   890    9.999999997832271E-01   -1.080201810387658E-15
   891    9.266562402739680E-01    2.606999283377001E-01
   892    7.334375972603184E-02    3.510228433204791E-15
   893    9.999999999993211E-01    8.232737288328915E-07
   894    6.777813356566134E-13    1.303809580383919E-09
   895    1.000000000000000E+00    2.013803338389012E-12
   896    1.789650202604795E-07   -4.230425371425343E-04
   897    9.999998210349791E-01    8.881102676748930E-16
   898    9.999363351920624E-01   -7.978768998400923E-03
   899    6.366480793761341E-05    1.364564496526224E-13
   900    9.999999999999999E-01    7.979318222683033E-09
   901    9.787311014069981E-15   -9.860851501730823E-08
   902    9.999999999999900E-01   -1.778926490807643E-14
   903    2.289939867432515E-03    4.779849414820573E-02
   904    9.977100601325674E-01    6.780212037390658E-16
   905    9.999999979909623E-01    4.482229718462735E-05
   906    2.009038328946576E-09    1.807607378442899E-11
   907    9.999999999999998E-01    5.435986259570404E-11
   908    2.398602159974592E-10   -1.548742121640654E-05
   909    9.999999997601390E-01    6.803243205397374E-16
   910    9.749008965429341E-01    1.564261437954578E-01
   911    2.509910345706573E-02    5.169396704365107E-15
   912    9.999999999999964E-01   -5.401844839547999E-08
   913    3.200781305935292E-15    1.681630104582018E-08
   914    9.999999999999998E-01    2.227452951569922E-14
   915    1.868941143553134E-03    4.319083470546813E-02
   916    9.981310588564480E-01   -7.417290010376312E-16
   917    9.999999999099362E-01    9.490253031460189E-06
   918    9.006490261399888E-11   -5.769623801702177E-11
   919    9.999999999999992E-01   -9.801644851261627E-12
   920    2.672595282949248E-09   -5.169714959072166E-05
   921    9.999999973274044E-01   -5.303662093597903E-16
   922    9.997309909647227E-01   -1.639928868627123E-02
   923    2.690090352767241E-04    4.792889090169494E-14
   924    1.000000000000000E+00    4.295341593491869E-09
   925    7.412143076238535E-15   -8.598658532161125E-08
   926    9.999999999999918E-01    9.469026023082303E-16
   927    6.305055593319128E-01   -4.826678971958513E-01
   928    3.694944406680878E-01   -1.261876688822785E-15
   929    9.999999999999869E-01    1.130834628444655E-07
   930    1.281178002753292E-14    4.889807968846361E-09
   931    1.000000000000000E+00    1.037206752547472E-14
   932    1.134780839002899E-03   -3.366738943622346E-02
   933    9.988652191609967E-01   -6.549050395013265E-16
   934    9.999999999875967E-01    3.521885332182790E-06
   935    1.240367630779680E-11   -1.202623165526672E-10
   936    1.000000000000000E+00   -4.203411947223717E-13
   937    9.694713656941164E-07   -9.846168929179447E-04
   938    9.999990305286343E-01   -3.935511142384334E-16
   939    9.999999877698889E-01   -1.105898333352599E-04
   940    1.223011138669623E-08   -1.747764581128426E-12
   941    9.999999999999998E-01    6.138879082564707E-12
   942    2.343523255278876E-10    1.530857032752936E-05
   943    9.999999997656471E-01   -2.428053792603923E-16
   944    9.999927338737646E-01   -2.695565513789819E-03
   945    7.266126235723444E-06    1.285981826597710E-23
   946    1.846721483167190E-23   -6.992603940574301E-24
   947    2.088513728530747E-23   -7.612425162912845E-24
   948    7.414366688893278E-24    3.198510370699250E-24
   949    6.363926590495893E-24   -1.908167706686600E-24
   950    5.069600291340549E-24    2.546702514716007E-24
   951    3.713333866890835E-24   -2.112386605568701E-24
   952    3.795942578381376E-24    1.525856017383241E-24
   953    2.659223378923892E-24    6.936823434191452E-25
   954    1.485501281435460E-24   -7.763159881036282E-25
   955    1.053700570676203E-24   -6.532676938346752E-25
   956    1.467404143202537E-24    4.714020840853990E-25
   957    8.511748074956359E-25   -4.398938514239604E-25
   958    7.587394704290886E-25   -2.052750980582095E-25
   959    2.970088512330842E-25    9.403181528293443E-26
   960    1.187876667536055E-25   -5.870758867137088E-26
   961    1.776389419736635E-25    6.230991995632651E-26
   962    5.175290692733789E-26    2.073461645121962E-26
   963    5.346672726662962E-26    2.917642886097779E-26
   964    4.854363410761285E-26    1.005997706295761E-26
   965    3.152822001863726E-26   -2.330974517022848E-26
   966    6.814159922178910E-26   -1.640040758137350E-26
   967    1.648849063025417E-26    9.456268464345742E-27
   968    1.183691290760421E-26   -3.818633389194148E-27
   969    6.539668861297982E-27    9.437917796471150E-28
   970    2.341480796348851E-27   -1.787219770850966E-27
   971    8.023321226880200E-27   -3.131554417168633E-27
   972    1.818310015191236E-27   -9.420930068490516E-29
   973    6.070590523824565E-29   -5.137365811207965E-29
   974    4.953295670537654E-28    6.850988793580119E-29
   975    1.800503934403564E-29   -6.047871534734359E-30
   976    2.205654282917718E-29    2.335568027901090E-30
   977    1.231143678202638E-30    3.865460516357109E-31
   978    5.868020383924841E-31   -1.590621929140599E-31
   979    3.198392027795134E-31    1.996240402607331E-31
   980    3.548736977291711E-31   -1.923154221579250E-31
   981    3.552391430830811E-31    1.249742113302558E-31
   982    2.468558238149412E-31    9.258742685925170E-32
   983    2.023274786116104E-31   -1.070729947940483E-31
   984    2.196757078748724E-31   -1.452565040300225E-31
   985    2.395593620762195E-31   -1.094913086869126E-31
   986    3.071107038511569E-31   -1.425801959449758E-31
   987    2.054333832066313E-31    7.440826323224957E-32
   988    1.144844908731965E-31    4.057916610946157E-32
   989    1.359785435747667E-31   -6.733588473775412E-32
   990    1.629003356388316E-31    7.476885056650595E-32
   991    1.028562532852976E-31   -3.831931224599729E-32
   992    1.251945024927868E-31   -5.577534523125508E-32
   993    9.878168511800331E-32   -3.202986856180555E-32
   994    6.531221846384868E-32    3.482354872417473E-32
   995    6.143324964998823E-32    3.803365502888584E-32
   996    5.941454078881351E-32    1.428369131898275E-32
   997    3.107783332682364E-32   -2.020631074722012E-32
   998    4.063986724038803E-32   -1.307687364277212E-32
   999    2.173028250340171E-32    1.274080010873278E-33
  1000    3.050757287504369E-32    0.000000000000000E+00
