  1000
     1   -1.732149978976270E-16    3.451512099616363E-16
     2    3.135601785515261E-17    5.489669698746394E-17
     3   -3.542593072040198E-16    1.365225440856061E-16
     4   -2.484836972859196E-17   -4.329794728868923E-16
     5   -2.062890344718899E-16   -9.110555527395500E-17
     6    5.533131562053725E-17    3.386364678941698E-16
     7   -1.078388017976778E-16    1.249949952109242E-16
     8   -1.236969998987584E-16    3.998902384483752E-16
     9    9.251801376144537E-17    2.088482403336277E-16
    10   -3.845073237543876E-16   -3.049857933084771E-16
    11    1.372141194062126E-16    1.938631983902703E-16
    12   -4.525560653031203E-16   -2.182210017969541E-16
    13    1.203133238068914E-16    2.837827056310546E-16
    14   -3.350153925660002E-16    2.671624289144582E-16
    15   -1.386129773742102E-16   -5.406319754484298E-16
    16   -2.807462427086667E-16    2.848948787943860E-16
    17   -7.500632387625498E-17   -5.011909153500321E-16
    18    2.249052228979666E-16   -2.446793194698774E-16
    19    2.746235537388903E-17    4.717581382594948E-16
    20   -4.303040047166516E-17   -3.954034185959097E-16
    21   -2.561258653280966E-16   -5.645844584951262E-16
    22    2.581478094413727E-17    3.251146835717122E-16
    23   -2.339791705219469E-16    6.048519146246627E-16
    24   -6.376893133476492E-17    7.817684692447632E-16
    25   -6.146385757127639E-16    6.839616548973301E-16
    26    2.293467642160077E-16   -5.190020389843565E-16
    27   -2.193173832777867E-16    4.470964594328818E-16
    28    1.281295768928546E-16    5.647021860066166E-16
    29   -2.216042576443015E-16   -4.676310569692486E-16
    30    2.045076786373374E-16    6.818101845164861E-16
    31   -3.918713308683614E-16    6.345232560912482E-16
    32    1.668974458384295E-16   -5.988247373061661E-16
    33   -3.384768516532941E-16   -4.980216820024319E-16
    34   -2.638517072228134E-17    8.106093821234742E-16
    35   -2.474183103600732E-16   -8.185501931213866E-16
    36   -9.657928250509132E-17   -8.343391287601958E-16
    37   -3.110833741377116E-17    6.368832583938883E-16
    38   -2.330285417316162E-16   -9.765975350116895E-16
    39    7.114970942616506E-17   -7.989528392163639E-16
    40    4.822546067042890E-17   -1.317249871514487E-15
    41    2.139874458834576E-16   -9.830135863351719E-16
    42    2.303686951342779E-16    8.827860055109085E-16
    43   -2.456789305854399E-16    5.714939649180756E-16
    44    4.301200403322105E-16    1.186819128019544E-15
    45    4.499905853976907E-16    1.167714882042267E-15
    46    2.661738546381609E-16   -1.016289947569712E-15
    47   -1.945690016565041E-18   -9.423522524462374E-16
    48    1.105990754392825E-16   -1.414810476041952E-15
    49    2.555737869132658E-16    1.522151958534536E-15
    50    3.780939289294767E-16   -1.256474245819352E-15
    51    1.493269033311061E-17   -1.714938574004296E-15
    52    9.121259198241320E-16   -1.411350766040901E-15
    53    7.866371153889006E-16   -1.612893950074610E-15
    54    1.131081208310016E-16   -1.610744417512120E-15
    55   -8.979444937045166E-19    1.644058044623201E-15
    56    4.602340750735808E-16   -1.785744352486574E-15
    57    7.349823934957837E-16    1.955549052073260E-15
    58    1.468290134197604E-16    1.703943685609574E-15
    59    4.339738382447165E-16    1.893299225130702E-15
    60    5.546050752235267E-16    2.079208653736766E-15
    61    1.228466076489758E-15   -2.052864384821778E-15
    62    1.626982501594091E-16   -2.037261458332034E-15
    63    7.175285455971514E-16   -1.945998698704514E-15
    64    1.206785441432730E-16   -2.485595362557859E-15
    65    5.518126916971521E-16    2.361506349732979E-15
    66   -3.963686357989833E-16   -2.209092637491880E-15
    67    2.916132541037028E-16    2.180583791102476E-15
    68   -9.096343549880426E-16    2.983311516700701E-15
    69   -1.125805445451709E-15    2.845670718235518E-15
    70    2.573664588584129E-16   -2.792597233518253E-15
    71    9.207466791797945E-16    2.940386251184315E-15
    72   -5.419269004259236E-16   -3.452893360165506E-15
    73   -1.012051598817548E-16   -3.073492896279404E-15
    74    6.621950557004912E-17   -3.307319716172011E-15
    75   -1.108182544555403E-15   -3.722240842575761E-15
    76   -1.598838810354057E-15    3.433344890781972E-15
    77   -8.421139087613091E-17   -3.308022271730757E-15
    78    1.270144029902872E-15    4.733212553159997E-15
    79    6.948011954534252E-16    4.282952132969259E-15
    80   -1.308729553342773E-15   -4.369471646928708E-15
    81   -3.519240045936691E-15   -6.733389980551786E-15
    82   -6.433860157552378E-15    4.334120650915659E-15
    83   -1.020104685563166E-15    4.032353601200605E-15
    84    2.002914633518648E-15    5.052583348179757E-15
    85    6.139289106839267E-16    4.262921778700506E-15
    86   -5.345384809584169E-16    3.806151997402140E-15
    87   -2.470626975066849E-16    4.203657318608588E-15
    88   -1.223080696764910E-15   -6.500202475211541E-15
    89   -2.287219567637075E-15   -7.205374823437182E-15
    90   -7.518837037773642E-16   -5.981245493269701E-15
    91   -2.538646361393344E-15    5.876930191955743E-15
    92   -8.791490769450421E-16    7.534958030771299E-15
    93   -1.797886938619918E-15   -5.490136928395242E-15
    94   -3.502605849872143E-15    6.032840331346348E-15
    95   -6.165194430992963E-15   -5.806495099866276E-15
    96   -3.581559392409196E-15   -7.650627184737342E-15
    97   -4.622872821670163E-15    7.671137894916079E-15
    98   -4.870590892559776E-15   -5.769140973955631E-15
    99   -5.788639798221168E-16    5.782390699633940E-15
   100   -4.956542577025048E-15    8.511740600244555E-15
   101   -5.720449270195258E-15   -6.858323694952176E-15
   102   -5.710360120592429E-15    8.541196432871196E-15
   103   -4.577500576786085E-15   -7.715605945124614E-15
   104   -3.041633471023018E-15   -9.642229750954883E-15
   105   -6.137480973955333E-15    7.574868449019468E-15
   106   -1.650742144092479E-15    7.643520966004705E-15
   107   -1.715103612217797E-15   -9.685803183514269E-15
   108    1.404409010421707E-15    1.021682205321651E-14
   109    5.027797092702686E-15    1.043521795771076E-14
   110   -8.046386441236481E-16   -1.118732545328249E-14
   111    2.429646530941170E-15   -1.322397437210076E-14
   112    6.243030057322403E-15    1.351779275960857E-14
   113   -6.860299990388689E-16   -1.691815528105857E-14
   114    1.501367057456720E-15   -1.438341472881147E-14
   115    2.094256742232332E-15    1.424120116479630E-14
   116    2.940848990919508E-16   -1.509241479698732E-14
   117    9.910699137451893E-15   -2.033526837659977E-14
   118    1.132845261055855E-14    1.980823795481698E-14
   119    5.482039923651965E-15   -1.513433083724927E-14
   120    1.381952078486074E-14    1.881766144877172E-14
   121    1.566606933348516E-14    1.845659398385766E-14
   122    5.878923065397509E-15   -1.878125867831548E-14
   123    1.479633691743211E-14   -2.070897572007265E-14
   124    9.306362910695028E-15   -2.404575903428611E-14
   125    1.870787521632071E-15    1.989110360417120E-14
   126   -5.581437564689585E-15   -1.426236209753692E-14
   127   -1.075592897154582E-15    1.619258250630305E-14
   128    7.016616123753899E-15   -2.557408941829065E-14
   129    2.774662874908135E-15    2.407918533587841E-14
   130    4.036781713241758E-15    2.604032776204850E-14
   131    1.088268894161924E-14    2.382386478273033E-14
   132    6.070397525643172E-15    2.177961092962515E-14
   133    9.590472521098937E-15    2.802372958620450E-14
   134    1.688633160076076E-14   -3.388326380315754E-14
   135    3.656780491151744E-14    2.921017616563217E-14
   136    6.690792846545356E-15   -2.847732185937867E-14
   137    4.364149360519089E-16    3.825514219875180E-14
   138   -8.236838297599108E-15    3.334795672464344E-14
   139    6.691722680998789E-15   -2.607875259561177E-14
   140    6.602797475299256E-15   -3.038286489965614E-14
   141    1.462042238017624E-14   -4.299084037816628E-14
   142    6.667200586748818E-15    4.120723962949084E-14
   143    1.772554697403428E-15   -3.876402094098035E-14
   144    1.301845139112860E-14   -3.096808560978216E-14
   145    1.660609215006478E-14   -4.151200569799862E-14
   146    1.471484358603917E-14   -4.257147473785750E-14
   147   -2.620229448083586E-15   -3.544540643383626E-14
   148    2.180711056671949E-14   -4.422875310329178E-14
   149    4.797309056989895E-15    5.386600682098489E-14
   150   -1.430061556222167E-14   -6.404130831348396E-14
   151   -5.232026250491487E-14    6.335285892322378E-14
   152   -1.926710143438251E-14    5.597446295255803E-14
   153    3.423111551498918E-15    7.035609067995551E-14
   154   -2.970783393511854E-14    6.223532678272986E-14
   155   -1.676617395478983E-15   -6.084558736677664E-14
   156    1.581780307614756E-14    8.114365682135279E-14
   157   -4.723790256639672E-14   -7.369488383324363E-14
   158   -5.968492295995045E-15   -5.850542517997053E-14
   159   -5.497789298520850E-15   -8.414821146056392E-14
   160   -4.737346747979871E-14   -6.955556118139683E-14
   161   -3.128471498945813E-14    5.218156951646656E-14
   162   -2.476936124275694E-14   -6.769470782597617E-14
   163   -4.158397703729337E-14   -7.077405304296383E-14
   164   -3.848587626929930E-14    7.051028830943342E-14
   165   -1.877004280652063E-14    6.956641279507337E-14
   166   -1.546214207885896E-14    7.804468826290394E-14
   167    3.614411390600117E-14    1.189685898135019E-13
   168    2.703964179037667E-14   -9.947023269401786E-14
   169   -1.348464954658313E-15    7.721876506958651E-14
   170   -4.111989919398693E-15    8.039281666559430E-14
   171   -9.852691689909155E-15    1.250439092800126E-13
   172    7.628654547416678E-14    1.081807713987165E-13
   173    2.959175501660570E-14    7.507818854488729E-14
   174   -2.313264563491895E-14    1.117318528025022E-13
   175   -8.090407174905487E-15    1.030377071833859E-13
   176    6.543935447101113E-14    1.329576066006451E-13
   177   -9.217406453631713E-15    1.223466111217947E-13
   178   -1.461542281660947E-14    1.308183358796795E-13
   179    7.409565089892678E-14   -1.977295596723025E-13
   180    5.822726820745435E-14   -1.973697820181298E-13
   181    3.752684428495048E-14   -1.827124423834464E-13
   182    2.530797734384955E-14    1.675576486675529E-13
   183    1.947728979997676E-14    1.674943200222160E-13
   184    6.550938050257659E-14    2.029782476509873E-13
   185    1.157022088669681E-13    1.686190879978582E-13
   186    6.922970908017930E-14    1.864314721183760E-13
   187    6.056786008328981E-14   -1.879414893873985E-13
   188    1.013444888974724E-13    2.313964962765751E-13
   189    1.153985375389071E-13    2.306548702162205E-13
   190    9.208320450314085E-15   -1.647935049864198E-13
   191    1.129827408704944E-13   -1.966907554353077E-13
   192    7.705986625641685E-14    2.464841332264249E-13
   193   -8.786451721583987E-14    4.024570573862512E-13
   194   -3.179092640091350E-13    2.859659658718036E-13
   195   -1.031237880986106E-13    2.159358088232663E-13
   196    2.136012335556353E-15    2.867681069849701E-13
   197   -1.188633524771177E-13    3.371101969974461E-13
   198   -1.617404127866274E-13   -2.696511128794867E-13
   199   -5.046283836700199E-14    3.356228523840532E-13
   200   -3.647222623447500E-13    4.627733024924173E-13
   201   -3.501629378463830E-13   -3.570285117488004E-13
   202   -2.651677631841875E-13   -4.273996717094355E-13
   203   -3.799542226048601E-13    3.608609897780872E-13
   204   -1.479005008721857E-13    3.931703683952389E-13
   205   -3.768196381282783E-13    5.934401882544782E-13
   206   -3.260620640627677E-13   -3.681271841613920E-13
   207   -2.320767028406701E-13   -4.021216907783161E-13
   208   -2.123650654479140E-13   -3.377170771835441E-13
   209   -9.076031024999081E-14    3.850502669566174E-13
   210   -4.669234520999964E-13    4.383541742338571E-13
   211   -2.342368643546127E-13    4.257615553477237E-13
   212   -2.461741759881219E-13    4.382601144410597E-13
   213   -3.777777327956950E-13   -5.638509926755409E-13
   214   -4.392091196976656E-13   -4.531171048199090E-13
   215   -1.738788067507559E-13   -4.624920087131782E-13
   216   -3.420892915583527E-13   -4.522261069266130E-13
   217   -2.312094495306010E-13   -5.065613594464378E-13
   218   -3.825171851727833E-13    5.096110062992026E-13
   219   -3.513615054045933E-13    5.052246588296002E-13
   220   -2.468699341978402E-13   -5.125652348190810E-13
   221   -5.215506218022392E-13    5.024951128349081E-13
   222   -1.788361200451352E-13   -5.400056658878843E-13
   223    4.617342121611347E-15    7.176240665743477E-13
   224   -4.762878913324167E-13    6.324701962515997E-13
   225   -4.225133805272093E-13    5.092746930556833E-13
   226   -3.111964367130271E-13    6.466389026878166E-13
   227   -3.322119787781826E-13   -8.103475177346635E-13
   228    5.080390367042788E-13    1.215601433151222E-12
   229    6.732333179629287E-13    7.277259801656635E-13
   230   -1.196745409722442E-13   -7.403632863142916E-13
   231    6.777973834458014E-14   -1.154567054937367E-12
   232    9.470458895889081E-13    9.272928785441359E-13
   233    1.889893693470824E-13    1.027553694986737E-12
   234    4.089766633554392E-13   -1.299232048241921E-12
   235    5.574542579558329E-13    9.958174179312081E-13
   236   -5.502280061057744E-14    9.085461519653633E-13
   237    1.244191245074007E-13   -9.871146200474876E-13
   238    5.814511286512707E-13    1.039396554461220E-12
   239    4.401017413210152E-13    1.176051829440076E-12
   240    1.504557678607351E-12   -1.152378456517807E-12
   241    3.531311128565594E-13    1.034412922246717E-12
   242    8.131424840362947E-13   -1.374780248227995E-12
   243    3.558326843283658E-13    1.107062624220355E-12
   244   -6.878097487291369E-14    1.432459958216362E-12
   245    8.550809231269464E-13   -1.475376107353767E-12
   246   -2.152380177832897E-14   -1.859952675956757E-12
   247   -7.537706057567579E-14   -1.646846549477519E-12
   248    3.105986586885020E-14    1.176073081134751E-12
   249   -5.826726703275000E-13   -1.838665652522811E-12
   250   -1.442514283004715E-13    2.197187700124736E-12
   251   -4.876713327501925E-13    1.529554458624383E-12
   252   -2.990679919971286E-14   -1.815174811551234E-12
   253   -1.972439939376348E-14    2.224044864123581E-12
   254   -1.355629921644977E-12   -2.471486210936213E-12
   255   -8.071466629842051E-13    2.255739747837971E-12
   256    4.172446701895901E-13   -2.568659065496217E-12
   257   -5.853745650104163E-13   -2.263141363871760E-12
   258   -3.097133971026882E-14   -2.239843360444595E-12
   259   -6.833990435859619E-13   -2.618666675809322E-12
   260   -1.038630400938013E-12    2.578368902332450E-12
   261   -1.678273580676947E-13   -2.063011596116584E-12
   262   -7.733227168749309E-13   -2.990956586451481E-12
   263   -1.362628057874413E-12   -3.788855049136972E-12
   264   -5.119145218032932E-13    3.746359938111719E-12
   265   -3.886264492755913E-13   -3.436898066348766E-12
   266    8.250180851913634E-14   -3.207037315680384E-12
   267   -2.093603705279822E-12    4.332663543947484E-12
   268   -4.094825147654119E-12    4.030539132959142E-12
   269   -1.258537854503324E-12   -3.461149856401787E-12
   270   -1.138526822208068E-12    3.732301733683620E-12
   271   -1.554722672755651E-12    5.045799392468099E-12
   272   -3.082553685753445E-12   -4.168578214733891E-12
   273   -1.516979888003002E-12    3.961949244018412E-12
   274   -3.011299720373663E-12    4.659249923108275E-12
   275   -3.656709993793002E-12   -5.168000700536449E-12
   276   -3.958166884686901E-12   -6.462094972128424E-12
   277   -1.988647438281405E-12    4.587591501785500E-12
   278   -2.476226123973418E-12   -6.166103389852736E-12
   279   -4.290392595978490E-12   -5.457357335717557E-12
   280   -6.483220917563625E-13    5.713015132487264E-12
   281   -4.331687055758041E-12   -5.735702368405858E-12
   282   -3.531554229338163E-12   -5.448098082771024E-12
   283   -4.522507579843603E-12    6.592737286976941E-12
   284   -2.390186794846986E-12    6.730202163601105E-12
   285   -1.809274207681344E-12    4.535987153788408E-12
   286   -2.373479923716521E-12    6.369687205805572E-12
   287   -5.216920553007509E-12   -5.525433499682366E-12
   288   -3.274887727852832E-12   -6.403770472280865E-12
   289   -2.523217139773400E-12   -6.487424468602769E-12
   290    3.839004947702581E-12   -9.106600095442211E-12
   291    5.308052938448645E-12    8.574935187666855E-12
   292   -1.476298869953285E-12   -7.125209795291063E-12
   293    2.326714583212438E-12    9.739705715256337E-12
   294    4.294128289284641E-12   -1.010610331220457E-11
   295    2.665293326854367E-12   -6.323100007317934E-12
   296   -1.567859378931480E-12   -7.055250538519422E-12
   297    2.429642535375376E-12    1.092894109037311E-11
   298    7.540034547971536E-12   -9.679216892345068E-12
   299   -5.870487836012528E-13    8.792674940788374E-12
   300    2.556072256849721E-12   -1.085487332452608E-11
   301    3.765670491249134E-12    1.078600321085814E-11
   302    3.287523911193778E-12    1.104165772743656E-11
   303    5.810599471758950E-12   -1.406145573441259E-11
   304    4.737646929227253E-12   -1.224667723198498E-11
   305    3.089706989281811E-12   -1.079542864256885E-11
   306    6.235944995639034E-12    1.573193559607641E-11
   307    1.666531395733588E-11    1.356605225210101E-11
   308    7.090828404186674E-12    1.644481571446829E-11
   309    4.547358662194245E-12    1.644829958657312E-11
   310   -3.144532986469764E-12   -1.400920038450538E-11
   311    9.305224172590217E-12   -1.704672616373637E-11
   312    1.338155386326391E-11    1.458933145137050E-11
   313    2.580234506083909E-12   -2.131581939123112E-11
   314    5.691150290313739E-12   -1.888400478269547E-11
   315    1.205123206995875E-12   -1.827570034411494E-11
   316    1.015742024204759E-11    2.287898559261784E-11
   317    5.799661243571274E-12   -1.859898888089642E-11
   318    1.246135083026421E-11    2.183934559128545E-11
   319    3.388938535771405E-12   -1.874672684230590E-11
   320    5.723823655746120E-12   -2.305864103244621E-11
   321    4.995358576974103E-12   -2.360997974250961E-11
   322    9.284075243578621E-12    2.592446997599519E-11
   323    1.106914518816149E-11   -2.536010401840706E-11
   324   -3.990289045459565E-12    2.334820760414664E-11
   325    3.539408931505111E-12    2.379698909972282E-11
   326    6.223334118179445E-12    2.976280179032456E-11
   327   -1.382587232292564E-11   -4.014340942081429E-11
   328   -1.001294261005140E-11    2.754398120724359E-11
   329    6.290694179336552E-12   -2.584911367492611E-11
   330    1.398866711279045E-11    2.856489697348401E-11
   331    1.337135338138776E-12    3.434400446005972E-11
   332   -2.607591104592208E-11   -3.406798139271714E-11
   333   -5.958268926723889E-12    3.917097697116935E-11
   334   -1.144716387280019E-11   -4.308924490644154E-11
   335   -1.843977077825310E-11   -4.132001298401030E-11
   336   -5.624765850231276E-12   -4.133550687561679E-11
   337    7.829359257728399E-12   -4.540364083665982E-11
   338   -6.440165615363883E-12   -3.457701899576759E-11
   339    7.743809259170089E-13   -4.458497668995539E-11
   340   -1.465437917794769E-11   -5.724641265405990E-11
   341   -6.497369194122094E-12   -6.226689236567888E-11
   342    3.134124172204779E-11   -5.804101299145613E-11
   343    1.449019081899075E-12    5.432599349780224E-11
   344   -3.683149930491042E-12    5.588983034816792E-11
   345    2.621835746876066E-11   -6.569575870712462E-11
   346    4.222254841090778E-11   -5.711249484310605E-11
   347    9.207628306446319E-12    6.747249758718655E-11
   348    3.221248974662520E-11    6.594783468302020E-11
   349    3.339216871198663E-11   -6.021146926474166E-11
   350    1.477153838776282E-11   -6.094122996303302E-11
   351    2.641563260649974E-11   -7.676340361744939E-11
   352    3.723001218142287E-11   -7.705923013867498E-11
   353    5.701171675550048E-11   -6.758200193553251E-11
   354    3.618718853429626E-11   -8.839432835360599E-11
   355    9.812638776525021E-11    9.290312140314145E-11
   356    4.516682654521375E-11   -8.316462940378220E-11
   357    2.692656933581872E-11    1.134235495599102E-10
   358   -1.590382327900496E-12   -9.078474251122355E-11
   359    3.317399353697401E-11   -1.015453105102455E-10
   360   -1.856949213570880E-11    9.018278987698635E-11
   361   -1.372482466994681E-11   -7.023942194184270E-11
   362    2.158321034413133E-11    8.797128553362194E-11
   363    3.754737306369914E-11    9.325068420572793E-11
   364    2.115169263590482E-11   -1.153024734425149E-10
   365    1.179957315173937E-10   -1.680540169262270E-10
   366    1.680658590790319E-10   -1.597052628246336E-10
   367    6.980744520181919E-11    1.347528794211381E-10
   368    6.582740784438313E-11    1.746954762973579E-10
   369    9.522936670931488E-11    1.522885909499671E-10
   370    6.234780862549169E-11   -1.437191623266237E-10
   371    7.666876687270172E-11   -1.330468760118296E-10
   372    6.120065987981351E-11    1.171994029759243E-10
   373    2.323349417176236E-11   -1.568837355490957E-10
   374    7.198000915052023E-11   -1.795603401517257E-10
   375    5.810303263312943E-11    1.829705270079631E-10
   376    6.685301625516355E-11   -2.012707704082522E-10
   377    1.007108637300260E-10   -1.944711760458210E-10
   378    7.837660022781677E-11   -1.615056357282543E-10
   379    7.252781221851501E-11   -1.446259017374456E-10
   380    4.993097736295997E-11    1.682377560729906E-10
   381    8.352339686924587E-11   -1.997666564826811E-10
   382    1.608537817111942E-10    2.168881989173117E-10
   383    1.297772616225025E-10    2.075123675182278E-10
   384    9.441058099809321E-11    2.068889864816900E-10
   385    1.564503770109767E-10    2.417993551193340E-10
   386    1.608524980466503E-10   -2.562849506431936E-10
   387    3.222160316343630E-10    4.303755620627659E-10
   388    4.670171828630376E-10    3.715381859910050E-10
   389    3.579851989971438E-10    2.580135247191177E-10
   390    1.461329710372383E-10    2.455199768019040E-10
   391    9.682066644950625E-11   -2.996179891141627E-10
   392    8.605682533082771E-11    3.435628898864557E-10
   393    1.368251406926748E-10    3.658727922543094E-10
   394    1.266521330915497E-10   -3.695086084471230E-10
   395    1.974449579773215E-10    4.008978751236819E-10
   396    3.313621081490790E-10    4.151820468348677E-10
   397    2.596760706300395E-10    3.154002137299120E-10
   398    1.022847939345687E-10   -3.056484263108824E-10
   399    2.385812821966190E-10   -5.494550964757826E-10
   400    4.718397402556696E-10   -4.785508152491658E-10
   401    3.134761873766184E-10    3.811509820315737E-10
   402    8.503279913482626E-11    4.773721695870475E-10
   403   -3.047547877474123E-11    4.818571176176930E-10
   404    1.625303326348070E-10    4.933340600679959E-10
   405    1.988316186194939E-10    5.249481291900259E-10
   406    5.403131439097666E-11   -5.250003364606940E-10
   407    2.859403591482788E-10   -5.670578825491801E-10
   408    5.617909760146576E-10   -4.897320239538335E-10
   409    2.445172427496134E-10    4.067483799650430E-10
   410    7.041856942782409E-11    4.550799893521223E-10
   411    4.148526605652844E-10    6.244127585911583E-10
   412    3.594821613289941E-10   -5.172366102891752E-10
   413   -3.330020205174114E-11   -5.185723282481007E-10
   414    9.734300952849191E-11   -5.851488243482763E-10
   415    6.194099749974012E-10    7.107811833330221E-10
   416    3.699643730180307E-10    6.136466468518763E-10
   417    3.543660205283210E-10    6.844980384352022E-10
   418    7.982794573221980E-10    7.839364617415005E-10
   419    3.439733584495016E-10   -6.085234847600873E-10
   420    3.675291900277183E-10   -7.904223565374215E-10
   421    3.668510919164721E-10    8.037148146496446E-10
   422    2.637990837325919E-11    1.195627507083762E-09
   423    1.696027028221919E-10    8.978939765451901E-10
   424    3.771874243501151E-10   -1.038520217086124E-09
   425    1.065447504757782E-09    1.448899883458156E-09
   426    2.091608196868166E-11    1.443639106828190E-09
   427    7.697046195933498E-11   -1.188946279142864E-09
   428    9.872307245860880E-11   -8.766284268613191E-10
   429    2.209345725326539E-10    7.416064245993620E-10
   430    2.314332305037993E-10   -1.275223080310441E-09
   431    8.178393320197122E-10   -1.613826416563291E-09
   432    8.718503812697254E-10    1.283958364728491E-09
   433   -7.914864233380194E-11    1.253834178651894E-09
   434    5.499192150944495E-10    1.618048362169912E-09
   435    1.778178937710994E-09    1.662834782017206E-09
   436    6.039945342790986E-10   -1.529107090986356E-09
   437    7.191230427657961E-10    1.704504827290394E-09
   438    4.648299935691619E-10    1.798441435360844E-09
   439    8.403955049004851E-10    1.680856257338549E-09
   440    1.477070124645086E-09    1.754435887816889E-09
   441    1.369627826280044E-09    1.344421490713303E-09
   442    7.111245136509113E-11   -1.634019294124246E-09
   443    1.007557841968624E-09   -1.960294202800969E-09
   444    1.108560821433885E-09   -1.867534432610590E-09
   445    1.175477705915507E-09    1.785640839955339E-09
   446    6.936901853213311E-10   -1.599897645069403E-09
   447    5.501476397697297E-10    1.821202713807768E-09
   448    6.333260723416769E-10    2.306356010334151E-09
   449    5.084343219323378E-10   -1.819051343318682E-09
   450    6.154054750693384E-10    2.453791336118308E-09
   451    1.291506971110828E-10   -2.561948940867540E-09
   452   -5.364336821265484E-10    3.073115414090517E-09
   453   -1.202605115548480E-09   -3.549630239244742E-09
   454    1.820517977736998E-09   -3.049018393032507E-09
   455    1.522254590217413E-09    3.995569319087518E-09
   456    1.327812900057769E-09    3.590286075674668E-09
   457    4.254748698624094E-10    2.787125825774585E-09
   458   -1.560917278750048E-10   -2.492249874349960E-09
   459   -1.759447191148111E-10   -3.569284773711116E-09
   460    1.432858290457322E-09    4.236646849845067E-09
   461    1.193113172139733E-09    3.447618636790207E-09
   462    2.059454655698897E-11   -3.214083036434301E-09
   463    4.236875728402416E-10   -3.918429856639614E-09
   464    1.475281281458807E-09    5.019093117525787E-09
   465    1.213055393959261E-09   -4.536703683836520E-09
   466    2.352671306898233E-09   -3.777577349869801E-09
   467    1.618967533038080E-09   -4.951244848326668E-09
   468   -1.608788079735448E-09   -7.035729534918065E-09
   469   -3.335033066158725E-09   -5.620571776058308E-09
   470   -2.212148125615991E-09    4.698192880792736E-09
   471   -9.916189902590148E-10    5.718416413057914E-09
   472    2.271039913369785E-09    5.613163910808823E-09
   473    1.089560832695550E-10   -5.198886673659925E-09
   474    1.282872247499238E-09    4.627803773895284E-09
   475    3.763730549120004E-09   -5.120118605680542E-09
   476    1.207260542781448E-09   -5.990643461916841E-09
   477    2.188608686646024E-10   -5.916543556882948E-09
   478   -3.833174120130813E-09    7.457133393830203E-09
   479   -2.709222630562481E-09   -6.627020912957116E-09
   480   -1.462369154865660E-09    8.114123244664263E-09
   481   -3.756340316101938E-09    7.890765479308538E-09
   482   -5.044836834806001E-09    7.640547633119058E-09
   483   -1.056383771077836E-09    7.015165045305969E-09
   484    2.126845875014387E-10   -7.751068477605079E-09
   485   -3.029575835927788E-09   -1.027381851433747E-08
   486    3.282799897691067E-09    8.986078140139563E-09
   487    2.774310568568161E-09    9.549297216442963E-09
   488    1.500079171119684E-09   -1.277104000387684E-08
   489   -4.178619088044105E-10   -1.061483069195104E-08
   490    2.341870120418978E-09   -8.051522673242323E-09
   491   -1.507390951835934E-09   -8.360979310662500E-09
   492   -4.500716491534417E-09    1.030007078798985E-08
   493    7.626903994496024E-10    1.426546233222015E-08
   494    7.755944441110449E-12    1.242345713755832E-08
   495    2.139856278231654E-09   -1.311843596241203E-08
   496    6.874026632359460E-09   -1.221479638493741E-08
   497    1.868646386239372E-09   -1.266001130419486E-08
   498    3.005700108664202E-09   -1.184646796598084E-08
   499   -4.760947954467783E-09   -1.629529385242871E-08
   500   -4.182956183483730E-09   -1.813820481939738E-08
   501   -5.560336861189196E-10   -1.410543923017202E-08
   502    4.425718547502823E-10   -1.277904285062461E-08
   503   -5.410944188263297E-10   -1.658666776525971E-08
   504   -2.617102529680647E-09   -1.998806520670682E-08
   505   -3.054984665374177E-09    2.410216909790290E-08
   506   -8.667053033271392E-09   -1.682855788425284E-08
   507    2.986721852321502E-09    1.909725099695620E-08
   508    1.276563401358835E-09    2.131724010255383E-08
   509   -9.894371150741393E-09   -1.990669915358021E-08
   510   -1.023433617523785E-08   -2.184005671755707E-08
   511   -6.540203254214984E-09    2.370494442951349E-08
   512   -3.636046290333668E-10   -2.127187722108229E-08
   513   -1.008153119545232E-08   -2.417698980852250E-08
   514   -5.227488151339612E-09   -2.361410983089654E-08
   515    9.745629488363080E-09    2.977762087190306E-08
   516    8.423554087050684E-09   -3.055762196209567E-08
   517   -1.278212848806230E-09    3.093676101826267E-08
   518    1.085996218510027E-08    3.543080656642601E-08
   519    2.296487956787601E-08    3.411009816764587E-08
   520    1.479456628982033E-08    3.012377007248782E-08
   521   -1.405145305489804E-09   -3.847567011891358E-08
   522    1.647957027050252E-08    4.180867348655362E-08
   523    5.603201536141821E-09    3.413710036821894E-08
   524   -7.654198205772369E-10   -3.396573059741772E-08
   525    1.833239987722844E-08   -4.285718484097500E-08
   526    2.586643196857930E-08   -3.371800830720881E-08
   527    3.379818537471190E-08   -3.523659300539385E-08
   528    1.418350223051017E-08   -4.157631009554734E-08
   529    1.901919165120402E-08   -3.575042711101069E-08
   530    2.771874033719126E-08   -3.535673488878037E-08
   531    3.189801412027367E-08    4.850930644078992E-08
   532    2.035610789693725E-08    5.359367652119887E-08
   533    1.880278761960781E-08   -4.401793952815809E-08
   534    1.636337425822971E-08    4.620881611881163E-08
   535    2.233679944886171E-08   -5.463593364309999E-08
   536    3.086121857112939E-08    5.010865195759430E-08
   537    7.469969822585937E-13   -4.746145185715770E-08
   538   -1.563694302236801E-08   -5.304561327436771E-08
   539    1.626439940706685E-08   -5.544006337629200E-08
   540   -2.286652324397556E-08   -7.027213722978927E-08
   541   -1.726299919225723E-08    7.675972311326831E-08
   542    1.755596544408120E-08   -7.020755330171657E-08
   543    3.831473154900751E-08    8.542812614227051E-08
   544    3.909216828122572E-08    7.414298715996687E-08
   545    1.363708257627056E-08    7.152467935407008E-08
   546    1.326442332151190E-08    6.886475047142107E-08
   547    6.231594139170065E-09   -8.073202283623619E-08
   548   -2.278944905667825E-08    9.364271062625069E-08
   549   -1.978736986389543E-08    9.123216612850128E-08
   550   -1.402121154005280E-08   -9.044773548393554E-08
   551   -3.013956008426627E-08   -9.038813148802746E-08
   552   -2.405435248041363E-08   -7.701833910871432E-08
   553   -6.423593911398776E-09    1.058493292405981E-07
   554    1.382862931806131E-08   -1.031923296918859E-07
   555    2.127294370589935E-09    1.245194921438911E-07
   556    2.591997913280895E-08   -1.535591578420704E-07
   557    4.455726883074737E-08   -1.402694757470378E-07
   558   -2.155927898688266E-09    1.231187221334913E-07
   559   -3.211195487818239E-08   -1.233200118802839E-07
   560    1.652052713391572E-08   -1.390399508872298E-07
   561    2.013243170486250E-09    1.274429887725215E-07
   562    2.010411794045587E-08    1.630996586576126E-07
   563    7.547401594878101E-08   -1.647770655343697E-07
   564   -2.819334922385792E-08   -1.266165213896078E-07
   565    4.722131624435195E-08   -1.346340133171166E-07
   566    4.878132439177545E-08   -1.914366516297100E-07
   567    3.370282096485026E-08   -1.627869207172268E-07
   568    2.015342541893341E-08    1.679403848929153E-07
   569   -1.239060920469702E-07   -2.076119360378657E-07
   570   -3.846489056316069E-08   -1.625731016623775E-07
   571    7.793589080119276E-08    1.532045463479585E-07
   572   -1.786304378291862E-08   -1.530163647748848E-07
   573    1.433009963587097E-08   -2.125759759257885E-07
   574   -7.439456754595386E-08    2.746167511113012E-07
   575    6.448399064299023E-08   -2.788462457775837E-07
   576    1.192323777475117E-07   -2.727363271752847E-07
   577    9.555918465242625E-08   -2.397129191007246E-07
   578   -1.819199343952328E-08   -2.573769998529817E-07
   579    6.272230969679641E-08   -2.819878931845821E-07
   580    2.218840022881067E-07   -2.766016259113613E-07
   581    8.086776326199006E-08   -2.893266735218996E-07
   582    6.283344301332085E-08   -3.168452933181427E-07
   583    9.638383955439858E-08    2.642274159791691E-07
   584    4.678517538804568E-08    2.361256067461153E-07
   585    1.308785127372369E-07    3.455285580243174E-07
   586    2.354426698277131E-08    3.400067664461328E-07
   587    8.683195537619803E-08    4.310684205801709E-07
   588   -1.730658236161345E-07    5.185813555442429E-07
   589   -2.228565079789941E-07   -3.437274250536219E-07
   590    2.119356058271486E-07    3.329995830135718E-07
   591   -8.766202808926846E-09   -4.373497276309049E-07
   592   -2.098505461803686E-07    4.291025300688739E-07
   593   -1.601785490505737E-07    4.195208083511795E-07
   594   -1.787397238007148E-07   -5.154306130005733E-07
   595   -2.216660028569091E-07   -5.234786970268214E-07
   596   -1.623499176087861E-07   -3.758547884711878E-07
   597   -1.446991170069917E-07    3.801150836410917E-07
   598   -8.617739918322265E-08   -5.770541421350921E-07
   599   -1.767056872712385E-07    5.668107890148281E-07
   600   -8.110583182979696E-08    4.783254479802555E-07
   601   -4.364238384084065E-08    5.140778619882445E-07
   602   -2.208133877797949E-07   -5.887764994888750E-07
   603    1.131483745340937E-07   -8.970161577840525E-07
   604    5.803545006122762E-07   -7.767415780987880E-07
   605    1.369326800870045E-07    5.699862710547382E-07
   606    1.484233568034063E-07    7.480204244804318E-07
   607    4.259470454348507E-07    8.165492570882665E-07
   608    3.925100201667338E-07   -8.980198133972538E-07
   609    5.262188472713302E-07   -8.903518318526890E-07
   610    4.299019474322852E-07    6.565900703972879E-07
   611    1.221897433687967E-07   -8.118631559369338E-07
   612    3.138541858915243E-07    9.726374764990947E-07
   613    2.187437249748389E-07    7.962100495496966E-07
   614    1.267122144872334E-07   -7.515872422643257E-07
   615    1.601008696839583E-07    9.968175261637092E-07
   616    7.666937221972567E-07   -1.024238216841893E-06
   617    7.755837491322313E-07   -9.598599731527648E-07
   618    9.152929037852291E-07   -1.276530253434199E-06
   619    7.076430271122575E-07    1.290364632236135E-06
   620    1.012948897232576E-06    1.283905974589028E-06
   621    6.529639822130068E-07   -1.179732693815114E-06
   622    8.577940217503584E-07   -1.379946101613614E-06
   623    4.625695282856892E-07    1.070946042174962E-06
   624   -4.214812173451757E-08   -1.213730172703076E-06
   625    4.576248598702016E-07    1.333412954568268E-06
   626    9.743301724390787E-07   -1.446354048383578E-06
   627    1.378683776676351E-06    1.501971838776245E-06
   628    1.117745984428552E-06    1.488351990059910E-06
   629    7.999312140051723E-07   -1.399667007335345E-06
   630    9.082052251803377E-07   -1.904237418753114E-06
   631    1.373474181484866E-06   -2.218299975739910E-06
   632    1.502102654851883E-06    1.900825973059565E-06
   633    9.055626165830051E-07   -1.888662358990500E-06
   634    1.558180892552998E-06   -1.858951144254600E-06
   635    1.195860337021571E-06   -2.145357746847257E-06
   636    1.764412312201936E-06    2.929959583945889E-06
   637    2.089287488425028E-06   -2.332883473139316E-06
   638    7.886186346189360E-07   -2.085628093795295E-06
   639    1.941248519262075E-06    2.632307593187437E-06
   640    2.500688743978225E-06   -2.452800845782750E-06
   641    1.635545855799186E-06    2.384875261181207E-06
   642    1.648432224786350E-06    3.466757350840907E-06
   643    1.430235243432795E-06   -2.876046169672264E-06
   644    6.654703636670615E-07    2.425011853738213E-06
   645    1.177758712584837E-06   -3.464480798096792E-06
   646    2.946517873482215E-06   -3.316109766606018E-06
   647    2.285778852509710E-06    3.840235311678418E-06
   648    4.349650374655709E-06   -3.426324164679509E-06
   649    1.844154945882712E-06    2.507341050891811E-06
   650    1.881729258783278E-06   -2.954763562884220E-06
   651    1.765676027557104E-06    3.574623007085751E-06
   652    2.866805861554179E-06    3.497574729970454E-06
   653    2.445472244508646E-06    3.958196450146115E-06
   654    2.107247122110817E-06   -3.146950925039342E-06
   655    2.045867335238466E-06   -3.461146956905098E-06
   656    1.227577318927697E-06    3.646187737163893E-06
   657    1.599320784051140E-06   -4.881904856150188E-06
   658    6.451255731150589E-08    4.705073664231496E-06
   659   -1.122700489772245E-07    4.054236194185977E-06
   660    1.724143756421180E-06   -4.389754720009030E-06
   661    4.515458020652306E-06   -5.056036987533126E-06
   662    3.817139037006666E-06   -4.217603138087462E-06
   663    3.311675145586675E-06   -4.271321682157363E-06
   664    2.739602862060119E-06    5.563972597987188E-06
   665    1.613190713510891E-06    5.830804987616347E-06
   666    3.640883436883756E-07    5.111138017261904E-06
   667    3.766471973935161E-06    5.314220573303288E-06
   668    2.864894279622372E-06   -5.471193342814961E-06
   669   -4.258071250026422E-07    8.907681725459649E-06
   670   -7.126819780129008E-06    7.144886577896439E-06
   671    2.108021174115701E-06    6.409491546476578E-06
   672    4.384562118134101E-06    4.925303246388134E-06
   673    2.780426508947767E-06   -6.221554816408191E-06
   674    2.559892953781587E-06   -1.032890698655422E-05
   675    7.437254934718644E-07    1.019019416012389E-05
   676    2.641745726972144E-06    8.386407258285168E-06
   677   -2.914269837281597E-07   -8.157865865408820E-06
   678   -3.369647465570321E-06   -1.112076905990463E-05
   679   -7.284875857098572E-06   -1.210184700187924E-05
   680   -3.441585292276899E-06    9.827057824154748E-06
   681    1.802262246340015E-06    1.004768972024512E-05
   682   -7.405442681490655E-07   -1.021415743961455E-05
   683   -4.583153648180520E-06   -1.208302283970274E-05
   684   -7.775467881620991E-06   -1.752400238907792E-05
   685   -7.663611079485942E-06    1.425457188441516E-05
   686   -5.890162684299993E-07   -1.261510676053503E-05
   687   -1.212886926063985E-05    1.636222154840809E-05
   688   -6.350185742723646E-06    1.306076001127734E-05
   689   -8.061130364103774E-06    1.676079735938506E-05
   690   -1.645400503526036E-05   -1.520462743097175E-05
   691   -1.057946711886602E-05    1.596106954266008E-05
   692   -1.157276977812886E-05    1.620513644703980E-05
   693   -4.983947804036015E-06   -1.563109991105262E-05
   694   -1.282367538764851E-05    1.490900155348616E-05
   695   -4.551817785108122E-06    1.518936005623649E-05
   696   -6.706715524399972E-06   -1.839461761840281E-05
   697   -1.598004994540846E-05   -2.140162043622575E-05
   698   -6.200032121498707E-06   -1.597502578186067E-05
   699   -9.395928745563756E-06    1.871936445250135E-05
   700   -5.027536023917103E-06    1.608187400930450E-05
   701   -3.357431624344134E-07    1.789216331702545E-05
   702   -1.593407891619262E-05   -2.141122309318383E-05
   703   -7.201067205965806E-06    2.169979297740073E-05
   704   -8.602851890751793E-06    2.021701897925287E-05
   705   -8.969459021879573E-06    2.490077836753109E-05
   706   -2.353066149863152E-05    2.378422760894746E-05
   707   -1.019866952923735E-05    2.856559826708208E-05
   708   -1.705267079483393E-05    3.380057677418511E-05
   709   -3.119908707694646E-05   -3.948649294755885E-05
   710   -2.694435680496889E-05    2.102386076161425E-05
   711   -2.165865359635774E-05   -2.787487110877979E-05
   712   -2.439651602837280E-05   -2.944715925038766E-05
   713   -2.849315426266713E-05   -3.953613485762125E-05
   714   -1.927779159822644E-05   -4.825327490599958E-05
   715   -2.884024322278272E-05   -4.442349376893166E-05
   716   -3.103534321564308E-05   -3.273473850017513E-05
   717   -2.937593783667329E-05   -3.918177129090149E-05
   718   -1.879722931935220E-05    4.233545976889758E-05
   719   -8.940779266360883E-06   -4.431375732170579E-05
   720   -4.293240238927827E-06    3.495403516752615E-05
   721   -7.621891713067474E-06   -3.026293120511627E-05
   722   -1.172353225312596E-05   -3.657627805227623E-05
   723   -1.924398807108511E-05    5.214442394891082E-05
   724   -1.219320609445356E-05    4.752488317594470E-05
   725   -2.994565288485656E-05    6.406119216088372E-05
   726   -4.003482099105521E-05    4.237640789241273E-05
   727   -6.582195695846250E-06   -4.515433360960694E-05
   728   -3.161087670917159E-05   -5.490457498931780E-05
   729   -3.506644142252147E-05   -5.316506343287867E-05
   730   -2.814074159404759E-05   -4.406837460463733E-05
   731   -3.608262399520888E-05   -6.227684999449731E-05
   732   -3.256991405577095E-05   -4.856584065550740E-05
   733   -1.779155670298990E-05   -7.054899843052514E-05
   734    3.058905885187021E-05    1.064304630618460E-04
   735    1.683874349293338E-06    1.114822470323875E-04
   736   -6.872096123530588E-05    1.006313331649521E-04
   737   -3.712593327205507E-05   -9.181855403699195E-05
   738   -1.725020953729260E-05    7.696612487549803E-05
   739   -1.043157975617454E-05   -1.100413174843494E-04
   740   -2.731294733344331E-05    1.208194276835423E-04
   741   -5.205419150619101E-05   -8.534531106120506E-05
   742   -2.528699531230694E-05    8.715781578595887E-05
   743   -3.152242105285260E-05   -1.108001223081084E-04
   744   -8.131651766947290E-05    1.054964700522452E-04
   745   -3.051957219236755E-05   -9.133105203001968E-05
   746   -1.205966127853347E-05    1.072177802950586E-04
   747   -5.571254524360058E-05    1.151041423779338E-04
   748   -7.093509195546445E-05   -9.780909693659501E-05
   749   -7.302687790477870E-05    1.210070859648478E-04
   750   -1.163888592931519E-04    1.321603773361979E-04
   751   -3.485117493415259E-05   -1.238912672158841E-04
   752   -3.675929657559391E-05   -1.366496325706837E-04
   753   -1.738116978385493E-04   -1.626492621616604E-04
   754   -6.598162046575847E-05    1.386017520377724E-04
   755   -8.782711024768592E-05    1.478912738434517E-04
   756   -6.882588908905850E-05   -1.088693189657991E-04
   757   -5.524527263518377E-05    1.349567313685107E-04
   758   -1.751709168880287E-04    1.576172916069447E-04
   759   -1.945798115498327E-04   -1.900628152829259E-04
   760   -1.328058884559384E-04    1.546956244374210E-04
   761   -2.514268246478894E-05   -1.568349411456192E-04
   762   -1.571059729680241E-04    2.321687697291385E-04
   763   -1.286761876823676E-04    2.533076467821277E-04
   764   -1.983887407879475E-05   -2.115709389912499E-04
   765   -2.250752973769426E-05   -1.588290807945731E-04
   766   -9.835798771172497E-05   -2.457810167706400E-04
   767   -1.205974719206647E-04    2.722961501714659E-04
   768   -3.672292347096797E-05   -2.126451111125069E-04
   769   -4.729860127849233E-05    2.277920038945888E-04
   770   -1.479118342204004E-04   -2.842302102907429E-04
   771   -1.217341894079445E-04    2.689451999211107E-04
   772   -1.322899036130665E-04    2.826417734397123E-04
   773   -1.942999110646203E-04   -3.264969990726584E-04
   774   -1.308980304419315E-04    2.469188232685745E-04
   775   -8.775545157923837E-05   -2.670881797917398E-04
   776   -1.740622681150408E-04   -2.564388306456438E-04
   777   -9.580765792792285E-05   -2.907608972812914E-04
   778   -6.430742795562280E-05    2.976138869277746E-04
   779   -2.130901808299182E-04   -2.663567099922157E-04
   780   -1.857591846548715E-04    2.657924760532993E-04
   781   -1.041996322855475E-04    4.050885781378941E-04
   782   -8.841648157339963E-06    4.483218549305069E-04
   783    7.728102613560969E-05   -3.986817756222714E-04
   784    2.154253812187332E-04   -6.007261794904076E-04
   785    6.752885615647932E-05    5.292015022841811E-04
   786    1.025908198735456E-04    5.385688039177437E-04
   787    1.897435851430844E-04    4.964636881650855E-04
   788    8.465774763878863E-05   -4.863451305495167E-04
   789    6.120617198168753E-05    6.019818964153827E-04
   790    1.734601596060222E-04   -5.518579684302464E-04
   791   -1.307174192267950E-05   -3.613845760034334E-04
   792    5.963942089073451E-05    6.175101226766536E-04
   793    3.275428316864413E-04   -5.739642947564215E-04
   794    6.900698221938343E-05   -4.080433369308652E-04
   795    7.833453576073744E-05   -7.083552332686152E-04
   796    3.217868513666955E-04    6.499814615031346E-04
   797    6.459039797263858E-05    5.988755326803343E-04
   798    4.839765525005096E-05    8.564504212592185E-04
   799   -4.633970868198909E-04   -9.380084557691388E-04
   800   -1.917341561381390E-04    7.765770179475954E-04
   801   -3.457212659410786E-04    7.660179700910230E-04
   802   -7.833745078191995E-05   -8.264801933585056E-04
   803    3.047409994723107E-04    9.085787294013120E-04
   804    2.538731843303958E-05   -7.854105391196685E-04
   805   -7.111397995132637E-04    8.852002406771517E-04
   806   -3.260928991625613E-04   -7.125003148246887E-04
   807    9.872839438297743E-05   -8.293137225323198E-04
   808   -4.322936553062222E-04   -1.097152690535036E-03
   809   -3.084055084168938E-04   -8.864010038732421E-04
   810    2.505906782888191E-05    9.428246067483954E-04
   811    4.427135411032093E-04    1.371230422156290E-03
   812    4.225813717602753E-05    1.349492644129273E-03
   813    9.411054665542148E-06    1.030163971381731E-03
   814   -4.776301414254568E-04   -1.033962286726802E-03
   815   -4.273374643528917E-04    1.135076521915040E-03
   816   -8.915534217349549E-05   -1.649398941137854E-03
   817   -3.004911491517100E-04   -1.622088614633028E-03
   818    1.829736590357404E-04   -1.706893585320359E-03
   819   -3.560259118319696E-04   -1.795497932750531E-03
   820   -1.211253442295879E-03   -1.334771412834918E-03
   821   -5.696454738874813E-04    1.694731792945513E-03
   822    2.817754891205865E-04   -2.155576175854381E-03
   823   -1.729758909087651E-04   -1.885513625299048E-03
   824   -3.203085888817867E-04    1.761582678350253E-03
   825    5.861141910577323E-04    1.963175352173091E-03
   826    7.577986686297601E-04    2.240316703007215E-03
   827    7.272457777401815E-04   -1.616494889369541E-03
   828    1.217001960747246E-04   -2.171995807693118E-03
   829    5.593613971484754E-04    2.640656506117142E-03
   830    8.268778076537182E-04   -2.152582219617716E-03
   831   -4.643692499466828E-04    2.041591556710864E-03
   832   -7.220749823882843E-04    2.096478168867705E-03
   833   -1.115821878306959E-03   -2.732445328757412E-03
   834   -1.765727541509133E-03   -2.221695694597717E-03
   835   -2.447893798120224E-04    2.369793990998445E-03
   836    6.349389732297797E-04    2.763162450372668E-03
   837    2.692947286534456E-04    2.814230245820708E-03
   838   -2.035834303565969E-03    2.832888257202103E-03
   839   -7.767253067164530E-04    2.583356935704598E-03
   840   -1.007324483678049E-03   -3.427163951133830E-03
   841   -1.283744815773353E-03   -3.432243001417055E-03
   842    8.018750519918431E-05   -2.787906476465754E-03
   843   -1.342035034327851E-03    3.604212627570838E-03
   844   -7.447758624208290E-04   -4.097183152937764E-03
   845   -6.119191613335343E-04   -3.659116632013230E-03
   846   -1.896947567380548E-03    3.940912618547694E-03
   847   -3.216171448029036E-03    4.524559845000214E-03
   848   -1.386451648900438E-03    4.677215109946894E-03
   849   -5.943536982856942E-04   -4.409263266442916E-03
   850    7.348200498948560E-04   -4.712968574923267E-03
   851    2.649649051896442E-04    4.591135496084732E-03
   852   -1.349135980507736E-03    4.523784531506573E-03
   853    2.229124955665712E-05   -5.380458904490878E-03
   854    6.009276089025645E-04    6.270371754113861E-03
   855   -3.140191669036130E-04    6.287700219799996E-03
   856    4.777197751992112E-04   -7.999811397904394E-03
   857   -3.475458564973039E-03    7.192899208951188E-03
   858   -1.038994256226379E-03    5.218815783515096E-03
   859    3.608278093558484E-04    5.293628360522702E-03
   860    3.226500567505003E-04    6.953908855968017E-03
   861   -3.563286953420334E-03   -8.774500849574877E-03
   862   -6.261881150613963E-03   -1.127551284058359E-02
   863   -1.386452623187557E-03    7.706791235419019E-03
   864   -2.947469062160977E-03   -7.386772844013892E-03
   865    4.976914337433788E-04    9.592773549772527E-03
   866    9.631572367459501E-04   -6.794196414324659E-03
   867   -3.856568585919146E-03   -9.002107685127587E-03
   868   -9.222416362330309E-03   -1.096332768703660E-02
   869   -5.781523226132066E-03    7.931585911725304E-03
   870   -2.870237982190172E-03    1.287537916965282E-02
   871   -1.017905899401755E-02    1.342217190094048E-02
   872   -1.670383538661527E-03   -8.662541731842815E-03
   873   -7.994137232518309E-05    1.018811281153866E-02
   874   -7.645975303352039E-03    1.403649551390443E-02
   875   -1.017052743305120E-02   -1.036568071290957E-02
   876   -2.328473146190963E-03    1.355127269230035E-02
   877   -6.181374418168636E-03   -1.236489904049618E-02
   878   -5.661993764934837E-03   -1.133264647910478E-02
   879   -1.206348304158264E-02    1.299337912760725E-02
   880   -2.229081660025510E-03    1.066520343241696E-02
   881   -2.579951881390346E-03    1.497838472122478E-02
   882   -1.434017331519650E-02    1.364209346609024E-02
   883   -7.934265516405031E-03   -1.221364459710238E-02
   884   -9.840155236135142E-03   -1.563389606381951E-02
   885   -1.040754313548203E-02   -1.096773931605753E-02
   886   -1.786543951475135E-03   -1.308065583167773E-02
   887   -3.160127134970886E-03   -1.653079624018539E-02
   888   -5.296673320847693E-03   -1.656728249321143E-02
   889   -3.660930435388197E-03    1.568623717869965E-02
   890   -9.012895689410416E-03   -1.841311359978917E-02
   891    4.761266693199220E-03   -2.247224906043729E-02
   892    1.151251214469382E-02    2.299616701412220E-02
   893    2.275080568765017E-03    2.003291302785791E-02
   894    8.723840811122791E-03   -2.911492479205114E-02
   895    1.939043767751831E-02   -2.383122197344192E-02
   896   -1.272189267716032E-04    1.808503670740542E-02
   897    6.057797288987383E-03    2.448148213429430E-02
   898    1.341510548612079E-02    2.646654428296009E-02
   899    5.583733309669035E-03   -2.425073684254635E-02
   900    5.548337035104615E-03    2.975290248431417E-02
   901    7.229903442794301E-03   -2.763224621640489E-02
   902    1.067371634026450E-03    2.580299563708403E-02
   903    7.187788036085057E-03    3.170609454288825E-02
   904    8.749491895555043E-03    2.992095378122315E-02
   905   -8.647813280396259E-03    3.751703519787488E-02
   906   -1.747579141360415E-02   -3.890562031034512E-02
   907   -4.211385186225700E-03   -3.521946631343973E-02
   908    2.317018467770475E-03    4.563058828520451E-02
   909   -2.606288656196511E-02    4.985230448484570E-02
   910   -2.552059347661633E-02    4.156848225886332E-02
   911   -7.028482353012563E-03   -5.253789757637514E-02
   912   -6.095702011991879E-03   -5.145902202613090E-02
   913   -2.051893673884504E-02   -4.354567686930517E-02
   914   -9.999018453926400E-03   -5.580363163389526E-02
   915   -4.023913207060385E-02    5.550484095325631E-02
   916   -2.993783949079575E-02    3.381226258214649E-02
   917    9.791933033165338E-03   -4.632207481102388E-02
   918   -2.537344036094169E-02    5.429835038357714E-02
   919   -2.819654318155778E-02    5.172442951053673E-02
   920   -2.260823630934989E-02   -6.287667502882852E-02
   921   -2.383275995314898E-02   -4.651104961202563E-02
   922   -2.259165949715675E-02    5.382731940159970E-02
   923   -1.135628210486980E-02    7.172587452405527E-02
   924    2.770610461221576E-02    8.665428273795887E-02
   925    7.534492350567423E-02    9.862204396676237E-02
   926    5.662685952989859E-03    5.743568396261878E-02
   927    4.549906978185423E-03   -5.323095790088000E-02
   928    8.209442912733745E-03   -7.519379512969848E-02
   929    2.216356305495407E-02   -1.057922764462482E-01
   930    3.634519842829981E-02    6.358720331355248E-02
   931    2.046577675858335E-02   -8.023988017900230E-02
   932    6.729635098939035E-02   -1.109295448625394E-01
   933    4.098242911589647E-02    8.987931645841296E-02
   934    4.672428506638025E-02   -9.758130636220207E-02
   935    3.844531802763176E-02   -9.911355742101916E-02
   936    3.413254719147453E-02   -9.224139683063076E-02
   937    4.486125096609345E-02    9.791911020395290E-02
   938    3.183419848568809E-02   -9.959552409487035E-02
   939   -3.780790932401002E-03    8.969028018780310E-02
   940    1.032750316816195E-02    8.953934558393331E-02
   941   -1.017414738055224E-02   -1.500990604494327E-01
   942   -1.938824354544535E-02   -1.535462516987219E-01
   943    9.048899534617225E-04   -1.484372496531895E-01
   944    8.856000073748503E-02    1.538147907046147E-01
   945    2.566308675277060E-02    1.210538622964306E-01
   946    2.284668483569698E-02    1.402101414279711E-01
   947    1.187354230548194E-02    1.376632569884456E-01
   948    3.278800031022586E-02   -1.697889011550886E-01
   949    1.007898375191567E-02    1.565877504357945E-01
   950    3.718432550853675E-02   -1.189799970025190E-01
   951    3.808593465063789E-02   -1.741942847383096E-01
   952    1.544392816447529E-02    1.637769046009971E-01
   953   -1.299352744252422E-02    1.958043616452000E-01
   954   -9.927004931034777E-03   -2.632146076858569E-01
   955   -4.135878204506572E-02   -2.004926734097896E-01
   956   -1.107436270742328E-02   -1.863435706724443E-01
   957    2.055656453922219E-02   -2.019212380127096E-01
   958   -5.123430173993732E-02   -1.971975588785309E-01
   959   -5.030908017770625E-02   -2.203761850898064E-01
   960   -3.517613472784677E-02   -2.544080407676236E-01
   961   -8.336060935543245E-02   -2.562001060660724E-01
   962   -9.078166043066764E-02   -2.524143494480624E-01
   963   -1.499561116349890E-01   -2.141125833946233E-01
   964   -1.520748931861621E-01    2.335567631086569E-01
   965   -1.010547692073940E-01   -2.374520423489932E-01
   966   -1.215879286296571E-03   -2.803364458519614E-01
   967   -1.877333597967997E-01   -2.616197068595527E-01
   968   -9.999988524303122E-02    2.698251272032826E-01
   969   -3.718344695227369E-02    3.336804767484686E-01
   970   -4.268114759595186E-02   -3.011145952821162E-01
   971    7.162301528442311E-02    2.716537171260081E-01
   972   -6.540808668185973E-04   -4.444382553501948E-01
   973    3.461999374487675E-02    3.452602753698387E-01
   974    2.225999985563592E-02    3.164666374748670E-01
   975   -1.017601100471604E-01   -3.226273367502452E-01
   976   -1.177967648529833E-01   -3.024798708659303E-01
   977    7.535753843732171E-02    4.457097253210092E-01
   978    9.977849098599155E-02    4.509061116930948E-01
   979    1.337777867827400E-01   -4.523417513399416E-01
   980    1.522993873819376E-01   -3.694296953027868E-01
   981   -7.751483409440162E-02    4.035829052721855E-01
   982    1.002871587464530E-02   -4.998711569694316E-01
   983   -1.496337395346848E-04    3.750687864982613E-01
   984   -4.343999428809252E-02    4.022266139027406E-01
   985    1.373351418492468E-01   -4.093557253122847E-01
   986    1.443178019236233E-01   -5.112053025479699E-01
   987    1.063075045561750E-01    4.425155008778126E-01
   988   -7.810189022038121E-03   -4.425085983248659E-01
   989   -8.790868509595753E-02    3.972180763189452E-01
   990    5.175711769538704E-02   -4.586941966387131E-01
   991    1.830015296466353E-01   -4.684309758976535E-01
   992    2.957117061558045E-02    4.205645697056528E-01
   993    4.582860834100774E-02    4.659129461727683E-01
   994   -1.401873929182965E-02    5.693937851337049E-01
   995   -1.042011521543018E-02    4.347833505825550E-01
   996    6.593932025281625E-02   -5.961048211652855E-01
   997   -1.946777075305431E-01   -4.233651757640132E-01
   998    2.364612001632559E-02   -6.487344758879707E-01
   999   -4.164458907121654E-02   -1.019402759141781E-01
  1000   -2.128985851331653E-03    0.000000000000000E+00
