  1138
     1    9.149130990127473E+00   -1.995411480164282E-04
     2    5.324761094778300E+00   -1.046313765295506E+00
     3    1.439465090674997E+01   -3.170256318359794E-04
     4    2.169773793040665E+00   -8.294019890414498E-01
     5    5.547488796732274E+00   -1.201762696557948E-01
     6    2.005581603533813E+00   -2.900935511577697E-03
     7    9.132147447163014E+00    2.594300661953858E-01
     8    5.186055240699496E+00   -2.215063759893485E-02
     9    1.443821882220330E+01   -8.392196162007988E-01
    10    5.181082458568145E+00   -2.604023209884122E-01
    11    4.324328396576050E+00    1.240715808059356E-02
    12    4.592588841487824E+00   -8.912439293818472E-01
    13    3.207416251988953E+00    1.011618334402980E+00
    14    4.241233258836780E+00    3.788695687389249E-01
    15    5.175739007315352E+00    1.932357032735650E-01
    16    5.160227584182441E+00   -3.566801359016510E-01
    17    4.446873004215373E+00   -4.567328335002482E-01
    18    4.968366876941485E+00    1.627484707298167E+00
    19    4.928572658824828E+00   -3.220700723194781E+00
    20    9.819416952886764E+00   -4.213321602883175E+00
    21    9.199917432610793E+00   -1.479929119145676E+00
    22    8.074847874433955E+00   -1.593708533500092E+00
    23    5.050249271243259E+00   -6.298067723748091E-01
    24    2.666704196749429E+00    1.223816274706756E+00
    25    4.763522337672581E+00   -3.967800786688778E-01
    26    5.184092578079140E+00   -5.377161207705841E-01
    27    4.362851820996305E+00    3.703871574350192E-01
    28    5.129653149791904E+00    3.385456667067661E-01
    29    4.742594656891827E+00    5.239601739517376E-01
    30    4.593454228422996E+00   -5.338148873630064E-01
    31    5.110957753142047E+00    1.255034655510933E+00
    32    5.818341314713760E+00    1.891470937067305E+00
    33    4.777122706543746E+00   -1.500713828765978E+00
    34    5.423654385287933E+00   -2.082624276929589E+00
    35    1.323694265243254E+01    2.538035722404283E+00
    36    6.051749505802662E+00    1.395710958623715E+00
    37    7.000040479102744E+00   -1.855814002593339E+00
    38    5.668648243963264E+00    7.677072910133248E-01
    39    4.552012708051940E+00   -1.270455670898423E+00
    40    6.124067238844550E+00   -2.427587615961622E+00
    41    5.045191727916380E+00   -1.116546665644707E+00
    42    5.113914594684149E+00   -1.697961566272127E+00
    43    6.082174682220265E+00   -1.929716593368391E+00
    44    4.951942930145313E+00   -9.041030720554172E-01
    45    5.620240951281290E+00   -2.132347696536983E+00
    46    6.544903554657109E+00   -1.866923901464512E+00
    47    4.510499644329048E+00   -1.240333539012527E+00
    48    6.877877523444909E+00   -1.732751256504761E+00
    49    5.177814600560678E+00    7.526579582972190E-01
    50    6.082242383170494E+00   -2.048649908940642E+00
    51    6.173179173210931E+00    1.438482376433464E+00
    52    3.726138959210979E+00   -1.620352261180103E+00
    53    6.441559344687985E+00   -2.010413822823462E+00
    54    6.914654859383122E+00   -2.203527078372700E+00
    55    1.109741255707169E+01    5.499615004379841E+00
    56    8.476359365171719E+00   -2.371907051799425E+00
    57    9.816389851140165E+00   -4.699949002589565E+00
    58    9.750143394429363E+00    1.998384728848506E+00
    59    8.653152758288421E+00   -3.399608652895381E+00
    60    6.826430786577212E+00    2.478253885860922E+00
    61    7.076967369121450E+00   -2.709996544867727E+00
    62    6.871444311356441E+00    2.162385107098491E+00
    63    7.730219864345974E+00    2.802268394454660E+00
    64    5.281658904290031E+00   -1.799895671739541E+00
    65    6.298460399118074E+00    2.376919239772657E+00
    66    6.741725797433534E+00    2.147613049441495E+00
    67    6.537774102616444E+00   -2.756485196304328E+00
    68    7.025640349350411E+00    2.193571580723359E+00
    69    7.335541542624283E+00    2.476018458957282E+00
    70    6.992391975180418E+00   -2.204645071311790E+00
    71    5.282602970637054E+00   -2.744128962632540E+00
    72    7.983277307538327E+00   -2.423532964484722E+00
    73    6.284387077449855E+00    2.551986228427196E+00
    74    7.724701902187745E+00    2.396512195919672E+00
    75    7.316502527190953E+00   -2.775675098054486E+00
    76    6.850118483602310E+00    2.456639762284459E+00
    77    6.191172217178342E+00   -2.318575477253790E+00
    78    8.597262402448923E+00   -2.083127520692767E+00
    79    6.337337152047377E+00   -2.496396784415319E+00
    80    7.643571016545396E+00   -4.188648710597502E+00
    81    1.167728625222568E+01    4.176102620650652E+00
    82    7.870160416069560E+00    2.381569828118147E+00
    83    9.770565747734429E+00   -4.040329959033405E+00
    84    8.703262768165313E+00    3.065434333899427E+00
    85    9.726439057640013E+00    4.203056931600865E+00
    86    8.161451750414225E+00   -3.515446126985932E+00
    87    8.600202143470433E+00   -3.094011479088028E+00
    88    6.276967598511833E+00    2.976758211092009E+00
    89    1.134457188110034E+01   -4.206017319262088E+00
    90    8.800417403310542E+00   -3.781462369065363E+00
    91    9.379529351220405E+00   -2.128380635632652E+00
    92    8.132464521193961E+00   -3.795762886040742E+00
    93    9.385537747246198E+00   -4.380672031135623E+00
    94    1.145648262944848E+01    2.850118622377901E+00
    95    8.447546481064226E+00    3.779649569721000E+00
    96    8.909048358643821E+00    3.506684141487363E+00
    97    1.174381002748807E+01    4.778785548891018E+00
    98    1.011331843199771E+01    5.174098215771866E+00
    99    1.164963026328020E+01   -3.346462314104489E+00
   100    8.615351228937675E+00    4.747055080691982E+00
   101    1.194655897610455E+01    4.736089866120430E+00
   102    1.123307228932371E+01    3.275568787631959E+00
   103    6.878352010048522E+00   -3.979735815812626E+00
   104    1.137308014759669E+01    3.709284321111459E+00
   105    8.723537535536320E+00    3.231402740559826E+00
   106    7.029846592930403E+00    3.729362294287125E+00
   107    1.089955121364929E+01    4.582935390339125E+00
   108    8.674921477357200E+00    3.419280503777384E+00
   109    9.175836263203751E+00    3.281499278788559E+00
   110    9.949213140887363E+00    5.207305371410620E+00
   111    1.146566350629267E+01   -4.415945070626309E+00
   112    8.080231370462432E+00    3.186936668588702E+00
   113    8.966742835547951E+00    3.622878755144403E+00
   114    1.029500973429291E+01    4.620949372064373E+00
   115    8.950785564803590E+00   -3.979227891495539E+00
   116    1.188182960279415E+01    5.362375330555929E+00
   117    1.029161065093373E+01   -4.203913744609306E+00
   118    1.137482601891732E+01   -4.595321984166072E+00
   119    9.303660697527439E+00   -3.359737565169722E+00
   120    7.661430057732376E+00    3.773094683486877E+00
   121    1.020137984448754E+01    4.489339427331521E+00
   122    9.959527902677131E+00    4.842059590817004E+00
   123    1.004156237677977E+01   -4.289671134954132E+00
   124    1.051862482323583E+01   -5.931118216389883E+00
   125    1.075226104325267E+01    3.934228887694346E+00
   126    8.604647105396934E+00    4.154629398465477E+00
   127    9.831055605458220E+00   -3.211232606979142E+00
   128    1.131222582758565E+01   -4.750841596970226E+00
   129    9.637198672944475E+00   -4.458175911719547E+00
   130    1.101086990970096E+01   -4.722073008594222E+00
   131    1.007925756482160E+01    4.307920693553458E+00
   132    1.107095866447265E+01    4.555759291413107E+00
   133    1.163772156392810E+01   -4.348482455974408E+00
   134    1.022785523311155E+01    4.706053324846194E+00
   135    9.500044192683125E+00   -3.673568109148286E+00
   136    1.071766090140578E+01    5.106080144009003E+00
   137    1.099759258102513E+01    6.897048813252368E+00
   138    1.628497601001717E+01    6.214070255619330E+00
   139    1.204409748749258E+01   -4.681613611159912E+00
   140    8.539086873198478E+00    4.597898478856412E+00
   141    1.192487310347079E+01    4.495762196373707E+00
   142    1.099873293339821E+01   -4.965368594284111E+00
   143    1.003903897709948E+01   -4.145841720121705E+00
   144    1.012009264195832E+01    6.240711117094991E+00
   145    1.575502083274822E+01    6.413940167803679E+00
   146    1.237913127463482E+01    5.786750749876365E+00
   147    1.424315212441510E+01    5.222393225927582E+00
   148    1.089164285287078E+01   -5.285650193045691E+00
   149    1.296464124572923E+01    5.998399162650755E+00
   150    1.192016956902525E+01   -5.086819145419325E+00
   151    9.920853782813237E+00    4.940210937670397E+00
   152    1.081504106449022E+01   -3.484675791750901E+00
   153    1.060051053435188E+01   -6.785156066659185E+00
   154    1.207156414088084E+01    3.879735089521867E+00
   155    1.158521100866075E+01   -5.376091505244993E+00
   156    1.116408698904467E+01   -4.939315355209654E+00
   157    1.145602916668969E+01   -5.768903381154993E+00
   158    1.235567869126733E+01    5.172158073266917E+00
   159    1.097102159656265E+01    5.157919850781765E+00
   160    1.141977630803428E+01    4.801531947775976E+00
   161    1.119899429722699E+01    5.142961276726813E+00
   162    1.101355269665518E+01   -4.916272983052918E+00
   163    1.342669642039715E+01    6.387342672609261E+00
   164    1.275714574232016E+01    5.636603424215805E+00
   165    1.132028882768403E+01    5.535420296888519E+00
   166    1.237126250881648E+01    4.725608954550201E+00
   167    1.040746252124807E+01    5.186609425223283E+00
   168    1.166246008653829E+01   -5.116633006672537E+00
   169    1.392161762333951E+01    6.152318922758628E+00
   170    1.151596102217790E+01   -5.698360964818479E+00
   171    1.322342281518092E+01   -5.647853130276291E+00
   172    1.305852614608667E+01    6.950152343634261E+00
   173    1.655431970759079E+01    9.540181450477105E+00
   174    1.916891605271816E+01    6.870620254679339E+00
   175    1.156389806318875E+01    4.735212693945617E+00
   176    1.146798156931766E+01    6.010237288233822E+00
   177    1.124386467582481E+01   -4.308828818800141E+00
   178    1.194577796974089E+01    6.859142639521956E+00
   179    1.124794461856138E+01    4.898080655436686E+00
   180    1.266740926175952E+01   -5.729802591147634E+00
   181    1.280281707382844E+01    5.994008114343410E+00
   182    1.193127407946553E+01    5.356321218988978E+00
   183    1.007074740263265E+01    4.485770049409240E+00
   184    1.244886749817541E+01    5.992167832529237E+00
   185    1.238610681748451E+01    4.045345229196162E+00
   186    1.172156438707529E+01   -5.911956055157858E+00
   187    1.230284437559212E+01   -5.497883704273270E+00
   188    1.130394964010123E+01   -5.031814309824182E+00
   189    1.067860211065861E+01   -5.176424947938207E+00
   190    1.059632397320723E+01   -5.554781454097723E+00
   191    1.369168918477138E+01   -6.043152949143735E+00
   192    1.267254478735665E+01   -5.342591353924714E+00
   193    1.232042983733538E+01    6.568110838060744E+00
   194    1.348775152248650E+01    5.205988513927969E+00
   195    1.338519699657340E+01   -7.141079936982563E+00
   196    1.462960757009910E+01   -6.087263230805487E+00
   197    1.622140436510904E+01   -7.621577049956932E+00
   198    1.386717433981209E+01    6.749779898443458E+00
   199    1.512577227347315E+01    6.522308252825906E+00
   200    1.309498763880248E+01    5.789567094354400E+00
   201    1.229994892233362E+01    4.955817019711069E+00
   202    1.060609357188517E+01    6.256099350048578E+00
   203    1.480466689994778E+01   -8.034678330954661E+00
   204    1.434076189416717E+01    6.967064212512096E+00
   205    1.857259571443177E+01   -8.902066037372057E+00
   206    1.670287936354938E+01    7.188174806248828E+00
   207    1.278355156257318E+01   -4.852088934082740E+00
   208    1.359463117073875E+01   -7.894170542869436E+00
   209    1.441152516502768E+01   -7.173885563517912E+00
   210    1.695471535127707E+01   -6.815297887675700E+00
   211    1.410828730620181E+01    6.594770109320550E+00
   212    1.309331348803945E+01    6.238538841612727E+00
   213    1.348827792114133E+01    6.398980633722043E+00
   214    1.422376540250653E+01   -7.540997803986335E+00
   215    1.643211651463986E+01    7.482798693799099E+00
   216    1.411096120671791E+01   -6.377147577624655E+00
   217    1.349013243103400E+01   -6.541903291056997E+00
   218    1.451712371638941E+01   -7.638006401128597E+00
   219    1.632013970551581E+01    8.206138764928237E+00
   220    1.877456250690054E+01   -8.120538442455130E+00
   221    1.360073803291279E+01   -5.580084670062288E+00
   222    1.256701539692076E+01   -6.543554827284822E+00
   223    1.540552827751912E+01    5.987149400538866E+00
   224    1.459214776084963E+01    8.188306325160292E+00
   225    1.597503418541221E+01   -6.887485209980922E+00
   226    1.430057570991021E+01   -6.949616149336841E+00
   227    1.534363797609463E+01    6.768557385054648E+00
   228    1.884541880222982E+01    9.024139843077679E+00
   229    1.447937025231329E+01    6.748766071395812E+00
   230    1.463920560230322E+01    6.614550433332036E+00
   231    1.500019416077305E+01    7.728015284487395E+00
   232    1.609020953872562E+01    6.674561842753542E+00
   233    1.591589050366349E+01   -8.597134294889266E+00
   234    1.524232584322601E+01    6.224978649452003E+00
   235    1.534366326300034E+01   -7.759554110830967E+00
   236    1.651272491217276E+01    7.845435496322077E+00
   237    1.524086703700266E+01    6.682021734617200E+00
   238    1.400974068907101E+01   -7.379328487919671E+00
   239    1.539622669202100E+01    7.755199782877289E+00
   240    1.771720341748311E+01   -7.447328502170831E+00
   241    1.355632158283938E+01   -6.882451423362883E+00
   242    1.662358988719201E+01   -8.299798803093855E+00
   243    1.511879725182983E+01    6.659549545059241E+00
   244    1.692391455504725E+01    8.178359032021037E+00
   245    1.695289981309064E+01   -7.450092861050340E+00
   246    1.566386694057070E+01   -7.993608221554265E+00
   247    1.672521255189538E+01    6.591559427439631E+00
   248    1.788197477093996E+01   -8.844422734281045E+00
   249    1.638263733964229E+01    8.221450818506188E+00
   250    1.751474088338675E+01   -8.266746329066887E+00
   251    1.508849296297815E+01   -6.829246013085375E+00
   252    1.609372974287333E+01   -7.304905129054175E+00
   253    1.535343415760357E+01   -8.298200291600397E+00
   254    1.804368302102792E+01   -6.376002858384028E+00
   255    1.494936583485793E+01   -8.431674484224157E+00
   256    1.533436522362559E+01    7.560081257618853E+00
   257    1.779789557166781E+01    9.301616289394259E+00
   258    1.644813511262946E+01   -7.035351837638381E+00
   259    1.797009999258005E+01    8.896115849975322E+00
   260    1.640546570678748E+01   -7.656917728244953E+00
   261    1.663813163916815E+01    7.413240776960460E+00
   262    1.437329923314982E+01   -7.176388951774435E+00
   263    1.683224624823969E+01   -8.393802939453861E+00
   264    1.578940190403612E+01    7.033348483964496E+00
   265    1.532425380136057E+01   -6.942797084714890E+00
   266    1.512491488513314E+01   -8.176797327321177E+00
   267    1.903305114154841E+01    7.784676285894008E+00
   268    1.646968284538798E+01    8.926786169041344E+00
   269    1.798676860927095E+01    7.968062357050202E+00
   270    1.654954336433556E+01   -7.402752535093824E+00
   271    1.613000090422232E+01    7.493609328644785E+00
   272    1.722289313935172E+01   -8.885293050814830E+00
   273    2.050669251785902E+01   -1.003817745135584E+01
   274    1.892234951522305E+01    8.548079291100125E+00
   275    1.767463535501841E+01    9.476815587669465E+00
   276    1.620464679997891E+01   -7.558942268468932E+00
   277    1.617409926865503E+01    7.474360788378856E+00
   278    1.627645316324716E+01   -8.268596333651155E+00
   279    1.668397912070670E+01    7.265240881578493E+00
   280    1.391526133807782E+01    7.532990926424762E+00
   281    1.997244102081777E+01    9.978899493879878E+00
   282    1.761904887049626E+01   -8.706747886429406E+00
   283    1.773948993516646E+01   -9.817327317815270E+00
   284    2.288943350789021E+01    8.763071825977294E+00
   285    1.639818775306025E+01    7.881224937413652E+00
   286    1.447369870067204E+01    8.952812271892125E+00
   287    2.016992052916503E+01    7.454763754832312E+00
   288    1.610234118328711E+01   -7.961595528418924E+00
   289    1.714035703866815E+01    9.350604518812045E+00
   290    1.865564185393430E+01   -8.775821780205522E+00
   291    2.040820830400562E+01   -9.630139619333109E+00
   292    1.732159685515662E+01    9.022150937313393E+00
   293    1.880532609799486E+01   -8.081445688594943E+00
   294    1.620691141424962E+01    8.128436515526982E+00
   295    1.718550613668312E+01    8.526892420345687E+00
   296    1.726747337325486E+01   -8.293284177107102E+00
   297    1.853855226066330E+01   -1.000807515371172E+01
   298    2.156709057618162E+01    8.346494024884546E+00
   299    1.533520386220265E+01   -9.074436466476458E+00
   300    2.096454729686765E+01   -8.937741769728044E+00
   301    1.513895710762101E+01   -7.779920903258721E+00
   302    1.769651584322713E+01   -7.680706814157730E+00
   303    1.562216765736971E+01    8.649557485686852E+00
   304    2.113925543407252E+01    9.875417470821191E+00
   305    2.066590067581297E+01    8.610532165273771E+00
   306    1.498313883997573E+01   -8.679044281144659E+00
   307    1.945925494881454E+01   -8.588648068163756E+00
   308    1.812893954166482E+01    8.554139636398197E+00
   309    1.859238449983252E+01    8.643700715144316E+00
   310    1.672359208408908E+01   -9.063959908891958E+00
   311    1.896764840835498E+01    8.873009571887112E+00
   312    1.988183444598436E+01    1.067160205746356E+01
   313    1.911880238205998E+01   -8.256076247369743E+00
   314    1.598770840001634E+01    7.907283104816016E+00
   315    1.601259760967891E+01    7.523698944255921E+00
   316    1.760090242067965E+01   -8.067594964255409E+00
   317    1.485882464685175E+01   -8.540459156256613E+00
   318    2.104915083127282E+01   -9.077831625525667E+00
   319    1.773725782372341E+01   -9.988288948887703E+00
   320    2.109762922957249E+01   -8.585652096147896E+00
   321    1.664022362144465E+01    8.651875647420512E+00
   322    1.652437064836912E+01   -8.117148792411101E+00
   323    1.672656638022386E+01   -9.079176342338670E+00
   324    2.021984753334242E+01   -8.316040543549519E+00
   325    1.854391220057182E+01   -9.990623044235512E+00
   326    1.885687018665044E+01   -9.152548368828024E+00
   327    1.826207590102095E+01   -8.747148476769997E+00
   328    1.762216408800818E+01    7.292928962069927E+00
   329    1.586497510735384E+01    8.881491413732098E+00
   330    2.267851262156578E+01   -1.054868158152749E+01
   331    1.900217151968461E+01   -9.280093727526017E+00
   332    1.668069589892050E+01    8.148281220763185E+00
   333    1.770640207887669E+01    8.936926974788978E+00
   334    2.057751151419899E+01   -9.449037934312830E+00
   335    2.060622307087721E+01   -1.000826596209282E+01
   336    1.824013552060791E+01   -8.080915686599109E+00
   337    1.817339457323082E+01    9.151339570983474E+00
   338    1.935891373129668E+01    9.453715305458632E+00
   339    1.904098047363860E+01   -1.014000494214086E+01
   340    2.451989534666049E+01   -1.216885133988080E+01
   341    2.460097541868350E+01    1.059760150420651E+01
   342    2.047388607306352E+01    1.032277641748571E+01
   343    2.004251017380710E+01    9.245481072691552E+00
   344    1.870516676070162E+01   -1.039039623914436E+01
   345    1.930182823420885E+01    8.862391832709820E+00
   346    1.946399292610425E+01    1.012506526142758E+01
   347    2.038894841207388E+01   -1.079618216114135E+01
   348    2.629899699328177E+01    1.127943288076436E+01
   349    2.021837075564988E+01   -9.471465930678352E+00
   350    1.914607417294228E+01    9.811085229871150E+00
   351    2.111376050201383E+01   -1.038090085882586E+01
   352    2.098421130718611E+01    9.124382106029421E+00
   353    1.952072783853288E+01    1.071809438645684E+01
   354    2.519746688180638E+01   -1.193917286076329E+01
   355    2.066036167789096E+01    9.447385905003349E+00
   356    2.194504843233246E+01    1.040977776170337E+01
   357    2.097504006891173E+01   -1.031508261374151E+01
   358    2.375869839222050E+01    1.211199179153343E+01
   359    2.177483785990201E+01   -1.019998399955010E+01
   360    1.900010684655382E+01   -7.699608645021456E+00
   361    1.546522454407473E+01    9.317746072870344E+00
   362    2.199173211896138E+01   -1.082076324254608E+01
   363    2.235903992535226E+01    1.012166429497130E+01
   364    1.950164891221878E+01   -1.006668085590590E+01
   365    2.497449290336488E+01    1.310408728936580E+01
   366    2.226498031183251E+01    1.090094582566213E+01
   367    2.208762772298622E+01    1.129097808586970E+01
   368    2.621015200721999E+01   -1.104198465785626E+01
   369    2.051735529310082E+01    1.082855548664031E+01
   370    2.113363831388581E+01   -1.070216633124707E+01
   371    2.372159410420945E+01    1.202429815697239E+01
   372    2.411564475582675E+01   -9.954002110579808E+00
   373    2.003775884888386E+01   -1.040593669874863E+01
   374    2.162981761856550E+01   -9.906002509566315E+00
   375    1.986882136426621E+01   -9.537953397845367E+00
   376    2.140530286122483E+01   -1.089203131880400E+01
   377    1.985948691854681E+01   -1.048984517739590E+01
   378    2.167700714627899E+01   -1.080553145749680E+01
   379    2.286234060157097E+01   -1.074374588185056E+01
   380    2.111699621426298E+01   -1.169698926740010E+01
   381    2.394565921954196E+01   -1.159245763129015E+01
   382    2.346306027672380E+01    1.049086389245955E+01
   383    2.280873642501999E+01    1.147663947316017E+01
   384    2.242274421491332E+01   -1.025806520365871E+01
   385    2.188544715825585E+01   -1.233262136725923E+01
   386    2.471429268823927E+01   -1.062965118010420E+01
   387    1.977008921724613E+01   -1.040861362410205E+01
   388    2.375616700419391E+01   -9.956880193506006E+00
   389    2.015734104169112E+01   -1.216880382785371E+01
   390    2.613048284902716E+01   -1.172300975266682E+01
   391    2.061516263167084E+01    1.006418007139473E+01
   392    2.288324717750471E+01   -1.047001030035663E+01
   393    1.937337806511704E+01   -1.086414382952825E+01
   394    2.454152343861016E+01    1.180300527770732E+01
   395    2.584456276230015E+01   -1.281562674483547E+01
   396    2.803021833067857E+01   -1.366476484403088E+01
   397    2.338118538808040E+01    1.264250960489816E+01
   398    2.906540238638958E+01    1.198731923636677E+01
   399    2.018598004310423E+01    1.084352584815541E+01
   400    2.402461031128555E+01    1.136424929903771E+01
   401    2.376305757577324E+01   -1.158543718112876E+01
   402    2.235429476213701E+01    1.317211057397537E+01
   403    2.570395987553603E+01   -1.147847424548751E+01
   404    2.936377199221450E+01    1.536903908105289E+01
   405    2.581244531053423E+01    1.313113999202124E+01
   406    2.647437416413070E+01   -1.231288744457260E+01
   407    2.106354361090594E+01   -1.086857212020682E+01
   408    2.732478472652971E+01    1.333768476040281E+01
   409    2.858501683317429E+01   -1.461914367857693E+01
   410    2.984905266677480E+01    1.338978311002739E+01
   411    2.639237399921062E+01    1.178064818403031E+01
   412    2.287774060229720E+01    1.156181621881319E+01
   413    2.698652641292337E+01   -1.523277952601444E+01
   414    3.094553260470141E+01   -1.403602438876238E+01
   415    2.296110880565769E+01    1.288250734574368E+01
   416    2.696120649199545E+01   -1.204194777246563E+01
   417    2.484135286746558E+01    1.269784818725038E+01
   418    3.225299406157632E+01   -1.493382638664731E+01
   419    2.696428037411432E+01    1.452446390034401E+01
   420    2.446411527983148E+01   -1.087986460945911E+01
   421    2.668312972117539E+01   -1.314662858796369E+01
   422    2.827546592379456E+01    1.473428450516926E+01
   423    2.995887464289930E+01   -1.507207694021266E+01
   424    2.911177517834908E+01    1.412614483456542E+01
   425    3.097204186923897E+01   -1.584017488329655E+01
   426    3.221074302235146E+01   -1.422780661653776E+01
   427    2.689857186812451E+01   -1.412532341808550E+01
   428    2.915583874649485E+01   -1.421976997124967E+01
   429    3.702772545377874E+01   -2.343554856717040E+01
   430    4.512626565931594E+01   -1.657421882175771E+01
   431    3.154563255571306E+01    1.793878571437863E+01
   432    4.019497315769263E+01    2.156008378983561E+01
   433    4.164782616187497E+01   -1.910577378605640E+01
   434    3.579505252349490E+01    1.604779648924548E+01
   435    3.152849972859197E+01    1.557683235576833E+01
   436    3.270080033462546E+01   -2.201015362669486E+01
   437    5.157734931756465E+01   -1.887027727453028E+01
   438    2.847267591580021E+01    1.378909673462429E+01
   439    3.254595734185786E+01   -1.873810659072834E+01
   440    4.196759279294555E+01    2.134471917338687E+01
   441    4.335200136622437E+01    1.907672815576880E+01
   442    3.182978205193590E+01    1.426847247291388E+01
   443    2.857208088007441E+01   -1.810410313865204E+01
   444    4.290672813149103E+01   -2.218059717303923E+01
   445    4.361949127297348E+01   -1.841349823982480E+01
   446    3.819348741017641E+01    1.964106551820318E+01
   447    4.363827125123738E+01   -2.378365154639066E+01
   448    3.935840254140682E+01    1.702448218035077E+01
   449    4.283104497023159E+01   -2.282759598226347E+01
   450    4.220948722163450E+01    1.807266742122491E+01
   451    3.771090886601885E+01    1.846968569692706E+01
   452    3.485151742542742E+01   -1.635593224106620E+01
   453    2.818368735352358E+01    1.604143941487850E+01
   454    3.970715942938356E+01    2.084146269504441E+01
   455    4.444304110290344E+01    2.228306259025925E+01
   456    4.291381205200783E+01   -1.896822912132361E+01
   457    3.904211171871029E+01    1.937660819143720E+01
   458    3.527393756726179E+01   -1.733850068834318E+01
   459    4.147118769908764E+01   -2.415383593149746E+01
   460    4.548954075425249E+01    1.749338786010405E+01
   461    2.872514351852612E+01    1.617058165333352E+01
   462    4.030636475742649E+01   -1.744767658958970E+01
   463    3.846676027051245E+01    2.054588252527115E+01
   464    4.033215434538577E+01    1.918770146036890E+01
   465    3.598708128701388E+01   -1.794702128715689E+01
   466    3.799817715242641E+01   -2.127769661624860E+01
   467    4.554550417494078E+01   -2.101101613884661E+01
   468    3.626983844205959E+01    1.864880152317738E+01
   469    4.145645744711511E+01   -2.228917080947332E+01
   470    4.619740891920051E+01   -1.937207755473068E+01
   471    3.879274095815062E+01   -1.945647248465975E+01
   472    3.823962801804264E+01   -1.817400547513685E+01
   473    3.819474105196662E+01   -2.059307305480235E+01
   474    3.808699575843588E+01    1.945671333724595E+01
   475    4.373802612886127E+01   -2.114016346373064E+01
   476    3.715631402717937E+01   -1.874144632832807E+01
   477    4.658581626498266E+01    2.283815201192301E+01
   478    3.929905655164363E+01   -1.804326221161806E+01
   479    3.603177066486421E+01   -2.118513476244717E+01
   480    4.400176295419530E+01    1.755085279030060E+01
   481    3.190352851593723E+01    1.620068102609731E+01
   482    3.762757780491004E+01   -2.338071558731826E+01
   483    4.964158920388127E+01    2.207108083821415E+01
   484    3.783273105958277E+01    1.838305553938139E+01
   485    3.934418918009743E+01   -1.931972175607619E+01
   486    3.737555167296366E+01    2.114998754093824E+01
   487    4.599001811328998E+01   -2.081997540586692E+01
   488    4.548051717742845E+01   -2.574519250344001E+01
   489    4.688708855259040E+01   -1.968841945246570E+01
   490    3.977611851032964E+01   -2.055646115244780E+01
   491    4.408236896779299E+01    2.046589326820341E+01
   492    3.926236689306158E+01    1.952129651698345E+01
   493    3.848602691269888E+01    1.983680028483990E+01
   494    3.946672541297684E+01   -2.120423644156672E+01
   495    4.560644328821584E+01   -1.858232604595882E+01
   496    4.169769732299620E+01   -2.227839872663733E+01
   497    3.813281080283491E+01    2.081963204731198E+01
   498    4.354989649836554E+01   -2.023526889995875E+01
   499    4.176403683455334E+01    2.225652129603976E+01
   500    4.813178031880764E+01   -2.261848644415922E+01
   501    5.387769576473882E+01    2.613765474244582E+01
   502    4.194471511494345E+01    2.087488634474579E+01
   503    4.367174399539167E+01   -2.117339211565953E+01
   504    4.452107506430497E+01   -2.049134036349856E+01
   505    3.850328299919713E+01    2.361056784118893E+01
   506    6.272223887935447E+01   -3.187183662648746E+01
   507    5.923385115922213E+01    2.820893327407043E+01
   508    4.987439007557437E+01    2.407554636855614E+01
   509    4.587270141345943E+01   -2.002496247668301E+01
   510    4.593386466905599E+01    2.340738580669511E+01
   511    4.409520150966252E+01   -2.271651603135016E+01
   512    4.629191834187020E+01    2.064273262206095E+01
   513    4.751752013388008E+01   -2.886557875378857E+01
   514    6.087469140737512E+01   -2.566670353282475E+01
   515    4.847426990983442E+01    2.519539442926522E+01
   516    4.995489105061989E+01    2.385162824944513E+01
   517    4.984165704944298E+01    2.384539883739260E+01
   518    4.513458100953712E+01    2.390178956041188E+01
   519    4.828416200380146E+01   -2.313201801342644E+01
   520    5.770497539633165E+01   -2.999647616666148E+01
   521    5.003264260878700E+01   -2.191912621969365E+01
   522    4.299848267447624E+01    2.095405782809472E+01
   523    4.654735949319254E+01   -2.354723232530394E+01
   524    4.233043019371298E+01    2.170741881622810E+01
   525    4.779159568107532E+01    2.256305566698898E+01
   526    4.562378008952431E+01   -2.533781950647279E+01
   527    5.268167525912261E+01   -2.776451495990606E+01
   528    5.374198865333544E+01   -2.383639277214293E+01
   529    4.419385875699317E+01   -2.272781727091516E+01
   530    5.423101573081813E+01    2.593589356604656E+01
   531    5.098096089744408E+01    2.592001905494736E+01
   532    4.608581901523670E+01    2.156799285772298E+01
   533    4.498024120539907E+01   -2.110806886986132E+01
   534    3.853056261506572E+01    1.823113488731641E+01
   535    3.859853151310510E+01    2.379709678061010E+01
   536    4.806639916980769E+01    2.579001777601471E+01
   537    5.714655147619808E+01   -2.743889462484512E+01
   538    5.605302500465061E+01    2.686586716863361E+01
   539    5.291941007724270E+01   -2.559168976044034E+01
   540    4.564926750724312E+01   -2.078894243105143E+01
   541    4.591902274889058E+01    2.642569332130957E+01
   542    5.336406562032411E+01   -2.633916407546817E+01
   543    5.132140615950848E+01    2.239365141360691E+01
   544    4.559730950011402E+01   -2.300731573725323E+01
   545    4.880970900385045E+01   -2.885154278383187E+01
   546    5.179168059577061E+01    2.404131375461233E+01
   547    5.955881018384768E+01   -2.938491401009191E+01
   548    5.521416692966081E+01    3.177410758131699E+01
   549    6.834713829757992E+01   -2.932170281429125E+01
   550    5.183223479587398E+01   -2.508027607970002E+01
   551    5.437181743906660E+01   -2.850217684314045E+01
   552    5.320845892343943E+01   -2.711078301504748E+01
   553    5.847204160736781E+01   -2.863257404609961E+01
   554    5.536672972536923E+01   -2.649647763500875E+01
   555    5.019244791826277E+01   -2.365190840585690E+01
   556    6.006105882202974E+01    3.078198899694207E+01
   557    5.165613343776793E+01    2.503920811065818E+01
   558    5.021833906055680E+01   -2.621241431305635E+01
   559    5.597267125600116E+01   -2.639327311314317E+01
   560    4.905621677670112E+01    2.446892573193830E+01
   561    4.791998641971066E+01   -2.451359487291736E+01
   562    6.202724750944153E+01    3.079850274130180E+01
   563    5.326368785170408E+01   -2.629260686106864E+01
   564    5.414530213195018E+01    3.089475726804847E+01
   565    6.823994903828962E+01    3.036338278551829E+01
   566    5.437886036611077E+01   -2.586941405314605E+01
   567    5.222408860130403E+01    3.046308360157995E+01
   568    5.997490399930247E+01   -2.569882682942680E+01
   569    5.465581184024428E+01   -2.794965792149074E+01
   570    5.210998382703200E+01   -2.565429199453633E+01
   571    4.993569086222744E+01    2.400626215208627E+01
   572    5.264894369168729E+01   -2.595730416707420E+01
   573    5.347601791460215E+01   -2.919714226042013E+01
   574    5.478273853958517E+01   -2.663881664254555E+01
   575    6.187225511563494E+01    3.217445973390115E+01
   576    6.043444335251799E+01    2.945289219139288E+01
   577    6.104381925278211E+01    2.828080735818933E+01
   578    5.028737603893376E+01    2.614951453946485E+01
   579    5.596683571479841E+01    2.941618953864937E+01
   580    5.968215620268897E+01   -2.882635808557388E+01
   581    5.869748054250559E+01    2.951096219442903E+01
   582    5.253425659649231E+01    2.542500367021803E+01
   583    6.267824117314827E+01   -3.368367845181200E+01
   584    6.516209825660496E+01    2.878929283528132E+01
   585    5.073141499912828E+01    2.698451247375421E+01
   586    6.022984678995026E+01    3.085087497448077E+01
   587    5.998696485681386E+01    3.210536557802623E+01
   588    6.735215808976909E+01    3.232719508356593E+01
   589    6.595383009469303E+01   -3.221057138705324E+01
   590    6.050389181417992E+01   -2.605314269140377E+01
   591    5.648917755010795E+01   -2.910882962599217E+01
   592    6.081361387018943E+01   -3.307802354052001E+01
   593    5.943636936194017E+01   -2.719011407624568E+01
   594    5.598718756713131E+01    2.800031379025493E+01
   595    5.791485127990040E+01   -3.007703659413531E+01
   596    5.959613518287868E+01    2.856979564928497E+01
   597    5.724735697511557E+01   -2.869285721774233E+01
   598    6.332859818281454E+01   -3.206631562819664E+01
   599    5.866272502222836E+01   -3.197019874463608E+01
   600    6.478543961658015E+01   -2.924618144717129E+01
   601    5.475264269689430E+01   -2.867013588771384E+01
   602    6.063414969754641E+01    3.124463377614238E+01
   603    6.805837540880752E+01   -3.147033480007817E+01
   604    6.077386446007144E+01   -2.870796342924681E+01
   605    6.350157106813247E+01    3.388247289858892E+01
   606    7.356255956841242E+01    3.815634679392352E+01
   607    6.896368135474449E+01   -3.851598847180954E+01
   608    7.686348978001878E+01    2.668121415753124E+01
   609    5.381144098184292E+01   -3.114875267279328E+01
   610    6.641447428225025E+01    3.314929753369993E+01
   611    6.543795825118204E+01   -3.741527113663397E+01
   612    7.730079638590152E+01   -3.684471975193473E+01
   613    7.604697728016252E+01   -3.437834225136922E+01
   614    5.912678542097304E+01   -2.963822957904039E+01
   615    7.055709678367657E+01   -3.318912128293737E+01
   616    6.208858183173898E+01    3.378396637759119E+01
   617    7.104927558278959E+01    3.430680075311200E+01
   618    6.498531001899001E+01   -3.399828804171231E+01
   619    7.974114134525068E+01   -4.451572258337034E+01
   620    7.802329386754805E+01    3.169679389005140E+01
   621    6.319791518505591E+01   -3.374281738904225E+01
   622    7.195735985284048E+01   -3.962589349755421E+01
   623    8.043656309893404E+01   -3.734903594103902E+01
   624    7.003196511628725E+01    3.449517986837290E+01
   625    7.031153837578674E+01   -3.107338702880889E+01
   626    6.492775046321819E+01   -3.662112852247948E+01
   627    7.490287691132116E+01    3.892446813636715E+01
   628    7.244278136629288E+01   -3.449827279040746E+01
   629    6.995665868045609E+01    3.027098329740254E+01
   630    6.349626954113324E+01   -3.486431564638277E+01
   631    6.652079347255513E+01    3.329806210754167E+01
   632    6.538904200163884E+01   -3.537602772373445E+01
   633    8.011715405779445E+01   -3.515954107413540E+01
   634    6.925620721704253E+01   -3.847028620144236E+01
   635    7.800996149901128E+01    4.350910220734013E+01
   636    9.588708396878928E+01    4.427909847055155E+01
   637    8.926588534110390E+01    5.121036957637786E+01
   638    9.866977474455450E+01   -3.886364388585515E+01
   639    7.907836758063330E+01   -4.257409105826752E+01
   640    8.830458157175093E+01    4.415221128274657E+01
   641    8.190971656048823E+01   -3.429096637656582E+01
   642    6.504258662225591E+01   -3.514206006427160E+01
   643    6.873482287383855E+01    3.439566680522361E+01
   644    7.738222572874142E+01    4.349786827036574E+01
   645    8.726398101708051E+01    4.523670653516518E+01
   646    9.189270301739938E+01    4.513125467167648E+01
   647    9.372457139863707E+01    4.438931661780023E+01
   648    8.385026797360695E+01   -4.021247973670311E+01
   649    9.228143112441217E+01    4.828852128938146E+01
   650    8.945531260818504E+01   -4.198219308783144E+01
   651    7.553479898507256E+01    3.558755722959654E+01
   652    7.293638500053262E+01   -3.704045204953056E+01
   653    7.823308615024726E+01    4.186044284692980E+01
   654    7.270325717153274E+01   -3.335266921966243E+01
   655    7.950340379530284E+01   -4.417425668410381E+01
   656    8.800583140095259E+01   -4.202761844111031E+01
   657    8.188541597617876E+01    4.152600783806659E+01
   658    9.055859545694494E+01    5.163214225084788E+01
   659    9.943099607861589E+01   -4.317813021958316E+01
   660    8.333032721199518E+01   -4.200339093911457E+01
   661    8.561325009014485E+01   -3.762301843207369E+01
   662    6.658280690011665E+01    3.691801513484391E+01
   663    8.541376046455970E+01   -3.490764400254164E+01
   664    6.652547858083445E+01    4.560520716718307E+01
   665    9.204003258889477E+01   -4.292144940079749E+01
   666    9.413730500480074E+01    4.907895580639861E+01
   667    1.004026752754801E+02   -4.622534204887158E+01
   668    7.657543285186756E+01    3.144611015385114E+01
   669    8.144176347810634E+01   -5.214300434844042E+01
   670    9.781293112520456E+01   -4.511624189569918E+01
   671    8.754516658541580E+01   -4.441325950270121E+01
   672    9.292165382049646E+01    4.803129235870757E+01
   673    1.000839469723469E+02   -4.229357055394847E+01
   674    8.746430669570464E+01    4.408180343695716E+01
   675    8.731062701640461E+01    4.404091436018262E+01
   676    8.247420711723231E+01   -4.098535569199138E+01
   677    7.991742880012578E+01    3.952963389976639E+01
   678    9.118385089900977E+01    4.795117726381351E+01
   679    8.623098046322015E+01    4.201254396231870E+01
   680    8.185955225561374E+01   -3.753672177144557E+01
   681    8.083111422659145E+01    4.220975893212462E+01
   682    8.047356233114205E+01    4.017590019409027E+01
   683    8.303635589209271E+01   -3.799158201157547E+01
   684    8.503857640488332E+01   -4.893774462764755E+01
   685    9.512213876132539E+01    4.792478088279340E+01
   686    1.010654855870855E+02   -4.397222099957383E+01
   687    8.272874664958209E+01    4.283302919459090E+01
   688    8.746920889008418E+01   -4.589164257163137E+01
   689    8.969118871655174E+01   -4.024469841865763E+01
   690    8.565397868444037E+01    5.218100872272348E+01
   691    9.968349063687012E+01    4.286449528544065E+01
   692    8.864084058086718E+01    4.211737929681567E+01
   693    8.686982646910522E+01   -4.835428275532412E+01
   694    8.291009609640717E+01   -3.902866878075055E+01
   695    8.397486359098244E+01   -3.952943598485606E+01
   696    8.562520054677178E+01   -4.465667764512609E+01
   697    8.375534443012029E+01   -4.009631376962552E+01
   698    8.954535315959453E+01    4.993363679438455E+01
   699    9.911545738270291E+01   -4.583456945496425E+01
   700    9.136785835306381E+01    4.484585676699477E+01
   701    8.803885826941712E+01   -4.605381771909547E+01
   702    8.754777243505715E+01   -4.158572838570268E+01
   703    9.220976717715173E+01    5.026211964074376E+01
   704    9.954052554355799E+01    4.309078015908797E+01
   705    8.587424032815619E+01    4.780902271823402E+01
   706    9.009668549945680E+01    3.702931487632360E+01
   707    7.531878404424883E+01    4.304430106296345E+01
   708    8.556325907396598E+01    3.981350535686906E+01
   709    8.895280210574111E+01    5.281249790055671E+01
   710    1.050468110452983E+02    4.705945246458197E+01
   711    8.724601693496869E+01   -4.362224996159442E+01
   712    9.620243321352029E+01   -4.583491929613801E+01
   713    9.642203191899270E+01   -5.187084507989398E+01
   714    8.649564683205955E+01   -3.914395363082104E+01
   715    9.497296655140238E+01    5.383729461793352E+01
   716    1.050389682336547E+02    4.937818772984770E+01
   717    9.430629433972442E+01    4.419165512074024E+01
   718    9.404154278484252E+01    5.477450861051542E+01
   719    1.031559657161165E+02    5.180389247656203E+01
   720    1.046647877821159E+02    4.688572250377580E+01
   721    1.018888364751494E+02    5.136742318874535E+01
   722    9.811446793868103E+01   -4.342244776630095E+01
   723    8.259701583932339E+01    4.652825066869235E+01
   724    9.069280207881168E+01    4.164939496960831E+01
   725    9.528296397884266E+01   -5.152543298244538E+01
   726    1.013430592824644E+02    5.049998527211733E+01
   727    1.032914883977073E+02   -4.892463119856674E+01
   728    9.658272268917445E+01   -4.830082642796987E+01
   729    9.504561307690960E+01    5.134698415857529E+01
   730    1.033262023479958E+02   -5.387613127894397E+01
   731    1.153909794527564E+02    5.832870947931530E+01
   732    1.354566423448026E+02   -7.232831309865374E+01
   733    1.278306448320062E+02    4.859378271512684E+01
   734    1.008147926551469E+02    5.585696097386337E+01
   735    1.034728722175260E+02    4.558806340037405E+01
   736    8.631522555010568E+01   -4.353814107826091E+01
   737    8.425905294416427E+01   -4.269580205462080E+01
   738    9.528147841057942E+01   -5.236864053293451E+01
   739    1.048750980695432E+02   -4.724609159761531E+01
   740    9.888856416672242E+01   -4.395993872435455E+01
   741    7.918835528569753E+01    4.864969432988007E+01
   742    9.890183856042349E+01   -4.136772602498528E+01
   743    8.615960305681284E+01    5.409071333521760E+01
   744    1.082303103372792E+02   -5.151183737505920E+01
   745    1.121457297327167E+02    4.865115787279353E+01
   746    8.899875339382298E+01    5.221697106408541E+01
   747    1.018160647469557E+02   -4.603410201313313E+01
   748    9.002709400723063E+01   -4.202123284105449E+01
   749    9.771352754663373E+01   -5.179976987071931E+01
   750    1.003347208042491E+02    4.943938292681645E+01
   751    1.038164974937998E+02    4.780877977451233E+01
   752    9.072324428928168E+01    5.016243970088568E+01
   753    1.098134995808351E+02   -4.911093615316847E+01
   754    8.880411005364449E+01   -4.615845108689744E+01
   755    9.297775285504855E+01   -4.411100351412436E+01
   756    8.808612685141603E+01    5.112378640741260E+01
   757    1.097594139739127E+02    5.047602127551292E+01
   758    1.013620342966409E+02    4.941179596094563E+01
   759    1.045322957996453E+02    5.355923579229606E+01
   760    1.057285371934984E+02   -4.891693809609360E+01
   761    8.742379321732844E+01    4.787628637780053E+01
   762    1.134235294330264E+02   -6.012952784988373E+01
   763    1.181248027960903E+02    6.270974335543651E+01
   764    1.357524558037795E+02   -5.420635848646860E+01
   765    1.020824438385874E+02   -5.264556309794268E+01
   766    1.118975606553168E+02    6.275398164484988E+01
   767    1.220193087976082E+02    5.312266445913387E+01
   768    1.042669094688031E+02   -5.883075246187377E+01
   769    9.590869564658617E+01   -4.647712377726396E+01
   770    1.110653575088173E+02   -4.960170344357434E+01
   771    9.941711449200069E+01    5.650445237208440E+01
   772    1.183880309079612E+02    5.922140630449329E+01
   773    1.194215273492526E+02    5.842598848911123E+01
   774    1.237533388427133E+02   -5.903745748549990E+01
   775    1.070705582923057E+02    5.113393249018841E+01
   776    1.015206432395457E+02   -4.800199966363162E+01
   777    1.000637545764207E+02   -5.832077851691690E+01
   778    1.207845090401084E+02    6.474300436508231E+01
   779    1.286629515765811E+02   -6.303860695050390E+01
   780    1.179877510505195E+02    5.779909885870850E+01
   781    1.275023026893725E+02   -5.009324030041667E+01
   782    9.319470118832371E+01    5.203076814272553E+01
   783    1.225348772422509E+02    5.553861021255668E+01
   784    9.009516406128682E+01    5.236198653291651E+01
   785    1.176274308945683E+02   -5.983646287343676E+01
   786    1.240603286881816E+02   -7.030444014878194E+01
   787    1.373059294877235E+02   -5.256444674540532E+01
   788    9.373633976443641E+01    4.472171863806573E+01
   789    1.019859195074921E+02   -6.348914386114338E+01
   790    1.348437870516810E+02   -6.215306543739180E+01
   791    1.215472290769905E+02    6.919946420380212E+01
   792    1.787780558886258E+02    1.031459501432171E+02
   793    1.806189898404660E+02    8.440009395133644E+01
   794    1.917989635005168E+02    1.046442592493661E+02
   795    2.107524156090564E+02   -9.325481819279172E+01
   796    1.636899449860013E+02   -7.197933012472593E+01
   797    1.352952255508944E+02    7.182489000920377E+01
   798    1.340225663553657E+02   -7.368236206511619E+01
   799    1.858919786670479E+02   -9.899268915289923E+01
   800    1.829394274985835E+02   -6.174320163267000E+01
   801    9.879580935723628E+01    5.561736396036114E+01
   802    1.437365211032388E+02   -7.439952153609235E+01
   803    1.342128033120023E+02    6.759470334419895E+01
   804    1.270883751980198E+02    6.036298056252662E+01
   805    1.471498816867351E+02    8.681534518841656E+01
   806    1.960758702957788E+02    8.255610244071100E+01
   807    1.484136693389237E+02   -7.820618441914490E+01
   808    1.429618076863102E+02    6.588680756923037E+01
   809    1.197534257402393E+02    7.147479975590886E+01
   810    1.928406104347688E+02   -1.009814134437862E+02
   811    1.720407260350133E+02   -8.273584903736517E+01
   812    1.411928666912417E+02   -7.291969702238578E+01
   813    2.198303488331952E+02   -1.106725080638821E+02
   814    1.998677924325362E+02   -8.260340568874183E+01
   815    1.630486492489616E+02   -7.536171389687637E+01
   816    1.548133028891635E+02    9.862942743536462E+01
   817    2.181263700888660E+02    9.748427525084084E+01
   818    1.696226200821660E+02   -7.771882082209741E+01
   819    1.669985201441139E+02   -8.768234091575825E+01
   820    1.805565541050319E+02   -8.756376383518861E+01
   821    1.770092157206828E+02   -8.712089831150134E+01
   822    1.595476839713812E+02   -8.867095493476518E+01
   823    2.032014644577928E+02   -9.495355057920827E+01
   824    1.757487180367929E+02   -9.780345613604324E+01
   825    1.998046165360588E+02    8.405240369288485E+01
   826    1.595403301970014E+02    7.318658635689937E+01
   827    1.345894057404326E+02    5.703332407702315E+01
   828    1.323238940760359E+02   -8.269766060469999E+01
   829    1.420578957000899E+02   -7.878539319208207E+01
   830    1.957491327256710E+02   -1.037569687318253E+02
   831    2.082956088242759E+02   -8.419939578508807E+01
   832    1.485847167997323E+02   -6.903622164948759E+01
   833    1.371374970542026E+02   -8.373917550001327E+01
   834    1.845316279302446E+02   -8.769512824688870E+01
   835    1.807267886202837E+02   -9.515335941645489E+01
   836    1.816568852686416E+02   -8.550218912420225E+01
   837    1.767985466608783E+02   -1.052192567502168E+02
   838    2.043389217955318E+02   -8.151272393193213E+01
   839    1.400669255870174E+02   -6.476951581979228E+01
   840    1.617130085981472E+02   -9.093299001945911E+01
   841    1.812551033905986E+02   -7.695395734727447E+01
   842    1.570442600714259E+02   -9.306422671010903E+01
   843    1.756641955258728E+02   -8.121171275872254E+01
   844    1.766898271564449E+02   -9.830195153031643E+01
   845    1.995710741367769E+02   -8.396004728310918E+01
   846    1.297308837182228E+02   -7.243158602328005E+01
   847    1.839776942956177E+02   -9.292811887136823E+01
   848    1.822561367808069E+02   -8.604966660598959E+01
   849    1.687076382001918E+02   -8.062241126915275E+01
   850    1.733465127800755E+02   -9.052154716692014E+01
   851    1.681579777299447E+02   -7.417545004293891E+01
   852    1.438601008237943E+02   -9.199113244367042E+01
   853    2.064684026116497E+02   -8.778208379981258E+01
   854    1.722410640174293E+02   -9.995996482625718E+01
   855    1.761109086369996E+02   -8.302616447105494E+01
   856    2.023345538043147E+02   -9.109371483863748E+01
   857    1.656155483634872E+02   -8.399333778392669E+01
   858    1.540914636954464E+02   -7.034284763307410E+01
   859    1.730740986031088E+02   -1.101449724965239E+02
   860    2.002785315881904E+02   -7.276932159470635E+01
   861    1.505974559951731E+02   -9.777891797601757E+01
   862    2.132734631901476E+02   -9.145925935102125E+01
   863    1.676499999115601E+02   -8.954398797347028E+01
   864    1.897334195025757E+02   -9.529357756781583E+01
   865    1.790941708843540E+02   -8.017864805875735E+01
   866    1.693449940088288E+02   -9.698797221629253E+01
   867    1.913767923170683E+02   -8.073063545673477E+01
   868    1.689389701901477E+02   -9.305355906389624E+01
   869    1.778482157134178E+02   -1.003307854914526E+02
   870    1.955265221100446E+02   -7.646233874980030E+01
   871    1.450377062537837E+02   -7.454584157693188E+01
   872    1.589185514431548E+02   -8.528668805113426E+01
   873    1.854586729886842E+02   -1.002953878085426E+02
   874    1.980155105584213E+02   -9.116603372906016E+01
   875    1.844318192148349E+02   -9.997677964209647E+01
   876    1.768435512575725E+02   -8.946753078406508E+01
   877    2.003596143561040E+02    8.195995800861229E+01
   878    1.525361194171500E+02    8.358196242559622E+01
   879    1.852968298706877E+02    1.095189688957496E+02
   880    2.353140449029303E+02    9.993166265389274E+01
   881    1.921147939468819E+02    1.051574155955204E+02
   882    1.935898209260580E+02    9.635094376045879E+01
   883    2.137315844095932E+02   -1.080180750285992E+02
   884    2.024046569974051E+02    9.403625909360662E+01
   885    1.772972139501303E+02    8.694710501976022E+01
   886    2.190132796992373E+02   -1.422582822174082E+02
   887    2.847083868316145E+02   -1.176133619661683E+02
   888    2.245781318781473E+02   -1.095993631472619E+02
   889    2.150503813415231E+02   -9.587767900782440E+01
   890    1.662450272814854E+02   -1.022062680737763E+02
   891    3.678677722477420E+02   -1.996748537251486E+02
   892    2.849258637564205E+02   -1.099258679134968E+02
   893    2.040088475554365E+02   -9.197786079950134E+01
   894    1.545224444831572E+02    8.428816728588752E+01
   895    1.873375134824342E+02    8.633060891539856E+01
   896    1.725680696707246E+02    9.117496166163440E+01
   897    1.950062551402443E+02    8.821446240254355E+01
   898    1.529212713730124E+02   -8.071609383772417E+01
   899    1.656471364973322E+02   -9.463594105704283E+01
   900    2.062617124730379E+02   -9.509499180717347E+01
   901    2.021500232760292E+02    1.348037122839988E+02
   902    3.037371512559439E+02    1.017717410943807E+02
   903    1.959937839598533E+02   -9.495148890367264E+01
   904    1.992366765878466E+02   -1.083500725290254E+02
   905    1.804525475551754E+02   -8.849617644733526E+01
   906    2.231013702337314E+02   -1.284034087570022E+02
   907    2.457014231233274E+02   -1.141284843923965E+02
   908    2.396387928212349E+02    1.220997055450090E+02
   909    2.358548475984888E+02   -1.062491930577958E+02
   910    2.025834088417683E+02    1.115661961315599E+02
   911    2.331682134104961E+02    1.104995442176072E+02
   912    2.145940049337839E+02   -9.530023939701060E+01
   913    1.816511875263433E+02   -1.112494762872726E+02
   914    2.985254860270110E+02   -1.736603924657772E+02
   915    3.414043412178887E+02   -1.450933355846682E+02
   916    2.282570621083673E+02    1.113466935172274E+02
   917    2.628969405027881E+02   -1.285421084695023E+02
   918    2.538150968617978E+02    1.412318970695073E+02
   919    3.160887012364522E+02   -1.885717035976637E+02
   920    3.474486338496530E+02    1.473727569140690E+02
   921    3.026149385820827E+02   -1.288332452283155E+02
   922    2.566762420715100E+02    1.412536762941662E+02
   923    2.819084576248387E+02    1.296981017176832E+02
   924    2.178632185639345E+02    1.109269229254256E+02
   925    2.719103787991010E+02    1.607288072722388E+02
   926    3.418376821093094E+02    1.359025654995868E+02
   927    2.366979576719936E+02   -1.591424304894144E+02
   928    3.209770355844288E+02   -1.126466101052196E+02
   929    2.132490717970626E+02    1.230613099824178E+02
   930    3.061898555780463E+02    1.917124046582959E+02
   931    3.946377457313059E+02   -1.537151802705856E+02
   932    2.385091581299551E+02   -1.193807375104172E+02
   933    3.028466533881755E+02   -1.441820290190823E+02
   934    2.567435615671481E+02   -1.301338073439127E+02
   935    2.321575680194540E+02   -1.040677834465475E+02
   936    2.378672308457634E+02    1.673669517339674E+02
   937    4.234518448729227E+02    2.052901335977319E+02
   938    3.872319622184311E+02    1.894973159514324E+02
   939    3.487721154613441E+02    1.837939190310942E+02
   940    3.454462592589515E+02    1.422228657477684E+02
   941    3.247934335878680E+02   -1.455770736008413E+02
   942    2.388722095020108E+02    1.218143901406978E+02
   943    2.709098712781592E+02   -1.330190071071680E+02
   944    3.578567734567806E+02   -2.135322907278600E+02
   945    3.532242209249353E+02   -1.939219325890770E+02
   946    5.391738087748171E+02   -2.473167106682059E+02
   947    3.453912012872961E+02    1.527653635029515E+02
   948    3.252628798660231E+02   -1.294658808828072E+02
   949    2.731272100263491E+02   -1.570684348643870E+02
   950    2.583339971014858E+02    1.089883853238868E+02
   951    3.173100942417024E+02    2.173696573742536E+02
   952    4.943803434394192E+02   -2.435202919708667E+02
   953    5.702666652350898E+02    3.542694519458701E+02
   954    5.361184070910746E+02    1.938654980480263E+02
   955    3.698447687253398E+02   -1.536628739917367E+02
   956    3.399092293227324E+02    1.886189904873855E+02
   957    3.283954544096314E+02    1.260265475383651E+02
   958    2.491854909415061E+02    1.657245267503876E+02
   959    4.373401538044611E+02    2.218901862825991E+02
   960    4.292081800307558E+02   -2.485489405448355E+02
   961    6.240662579764526E+02    2.927838441368177E+02
   962    4.766816587546226E+02   -2.184679437677736E+02
   963    4.070735789271624E+02   -2.041029995814595E+02
   964    3.933669282559648E+02   -1.538425105232599E+02
   965    3.484739564499253E+02   -2.491013270394100E+02
   966    4.951945375116075E+02   -1.922169372986768E+02
   967    3.285317161921580E+02    1.554777035466203E+02
   968    4.637005338564864E+02    3.011108288451350E+02
   969    5.803914097964627E+02   -1.851206350933398E+02
   970    3.148556232532846E+02    2.533289814961180E+02
   971    7.611292967495100E+02   -3.872464352512021E+02
   972    5.640777845653050E+02    2.890699109868356E+02
   973    9.043803266792729E+02    3.608142401601323E+02
   974    4.887180134155522E+02   -2.738120880796455E+02
   975    5.560137409891062E+02   -1.763161720607525E+02
   976    3.280022483766832E+02   -2.093340634736080E+02
   977    4.347844492910930E+02   -2.626854791035974E+02
   978    6.241976575769702E+02   -2.887974053142327E+02
   979    4.977676605297312E+02   -1.969013324987741E+02
   980    4.657166819404501E+02   -2.601377637955381E+02
   981    3.959134677851568E+02   -2.095013797652194E+02
   982    5.966547449111630E+02   -3.402314955315327E+02
   983    5.308036963915461E+02   -1.542812707706452E+02
   984    3.812820036754841E+02   -2.989194668914840E+02
   985    5.887281876330436E+02   -2.263554304583369E+02
   986    4.026373529893330E+02   -1.908392759067335E+02
   987    3.743175156990121E+02   -1.596617214937690E+02
   988    5.278815749492702E+02   -3.004377315356638E+02
   989    6.215195364192687E+02   -2.937178918408995E+02
   990    4.196971133842507E+02   -2.528246877448750E+02
   991    5.079112558787010E+02   -2.474682520605521E+02
   992    6.732231968270157E+02   -3.231141762221188E+02
   993    7.302518746348243E+02    2.915178146400929E+02
   994    4.235613255179709E+02    2.705572249613811E+02
   995    6.902727020656504E+02   -3.078542772036958E+02
   996    5.410187981086177E+02   -4.389248247535775E+02
   997    1.110732828316950E+03   -2.964379507433190E+02
   998    5.719673381264795E+02   -2.999611454790202E+02
   999    6.104576779856383E+02   -3.656510488520237E+02
  1000    8.475409282829883E+02   -4.704143783781610E+02
  1001    6.300258502692077E+02   -2.007417899737246E+02
  1002    5.127692622492566E+02   -2.470969698118569E+02
  1003    5.728911835037003E+02   -3.883922604667472E+02
  1004    8.207461840194721E+02   -4.344329727182496E+02
  1005    9.110998188135763E+02   -3.650877347749175E+02
  1006    4.439186243022932E+02   -2.119854770972097E+02
  1007    8.406655802945151E+02   -6.173178809121056E+02
  1008    1.523602809689207E+03    4.527130878108443E+02
  1009    7.594754723684377E+02    4.654782931146966E+02
  1010    9.368058943422427E+02   -3.844128979790212E+02
  1011    4.951160643650079E+02   -2.227592084292852E+02
  1012    6.060949944138499E+02   -3.375402511424238E+02
  1013    8.403870644553182E+02   -4.646284771833605E+02
  1014    7.290599677381747E+02   -3.046606136816889E+02
  1015    5.908178987925794E+02   -2.818299008440775E+02
  1016    5.624192329692080E+02   -2.804727409630638E+02
  1017    8.006246760647077E+02   -4.538740480199035E+02
  1018    7.168293037750235E+02   -3.367579586237445E+02
  1019    5.574627372294788E+02   -4.988687612451974E+02
  1020    1.597276853989338E+04   -7.835167445030253E+03
  1021    4.705646442985081E+03   -4.807894061483499E+02
  1022    9.952124156929755E+02   -5.281513252951324E+02
  1023    1.530268266544369E+03   -2.749623654088623E+03
  1024    1.835184969629319E+04   -4.677424222675530E+03
  1025    2.552592615951098E+03   -4.413751406848810E+02
  1026    4.877509392527670E+02   -2.168876895988987E+02
  1027    1.573682332282042E+03   -4.561437177798823E+03
  1028    1.882453986351001E+04   -1.013183865524086E+03
  1029    1.059885151813169E+03   -5.072291615135436E+02
  1030    7.594208967371773E+02   -3.220312252562979E+02
  1031    1.876689012638643E+03   -4.444580486726018E+03
  1032    1.866234148068402E+04   -2.256054128217581E+03
  1033    1.093808507680291E+03   -3.008439142706578E+02
  1034    4.949273432823098E+02   -2.756539773008159E+02
  1035    1.096216052643957E+03   -7.242000971445531E+02
  1036    5.892994574189428E+03   -8.323514380183937E+03
  1037    1.509618853874923E+04   -6.992780047737992E+02
  1038    8.928790027380312E+02   -4.904815887100396E+02
  1039    7.290020850722125E+03   -9.156186059805081E+03
  1040    1.344675666860813E+04   -6.811402124698415E+02
  1041    6.823082917159729E+02   -4.731742994280810E+02
  1042    1.133437340594740E+03   -2.697577715261998E+02
  1043    1.191022286191152E+03   -3.463050490246489E+03
  1044    1.906660668591861E+04   -2.488597197809910E+03
  1045    2.187948418661654E+03   -8.169152101327622E+02
  1046    8.447174520274177E+02   -8.642616459097272E+02
  1047    1.710863266363341E+04   -6.880303506971282E+03
  1048    3.480625306425913E+03   -4.088813907945834E+02
  1049    1.065711148823839E+03   -6.222856393447288E+02
  1050    1.517409429478438E+03   -6.595810082298343E+02
  1051    1.164277522104491E+03    5.109162306835061E+02
  1052    3.240263101816669E+03    6.320539910563994E+03
  1053    1.746304481563185E+04   -1.753088798835007E+03
  1054    1.999260940266584E+03   -8.282703627618461E+02
  1055    4.523660361220291E+03   -7.461855780236648E+03
  1056    1.646227695623670E+04   -1.644097458147492E+03
  1057    2.173868496815479E+03   -1.643529803826349E+03
  1058    1.465933188166582E+04    8.182799661961682E+03
  1059    7.977473387639527E+03    9.204318116358210E+02
  1060    8.902943509775758E+02   -1.064559331391239E+03
  1061    1.557916826381656E+04   -8.183510561543791E+03
  1062    6.476583857726947E+03   -1.536328235171005E+03
  1063    3.169858059982429E+03   -1.259362888198314E+03
  1064    6.002364063908777E+03   -8.244237623805764E+03
  1065    1.511238992794694E+04    1.351076022274517E+03
  1066    5.077226240813763E+03    4.372449995595521E+03
  1067    6.464839508579265E+03   -2.401154064010321E+03
  1068    1.568308470468988E+04    7.334578185683039E+03
  1069    6.205779542342425E+03    1.044784472660358E+03
  1070    1.759025747558961E+03   -1.118975981421258E+03
  1071    5.928682772847894E+03   -5.995384695739614E+03
  1072    1.113965943874762E+04   -5.484314161685889E+03
  1073    1.569523053604088E+04   -2.222807198370275E+03
  1074    1.880370861252243E+03   -2.602014110323793E+03
  1075    1.450340556927060E+04   -8.061814284790599E+03
  1076    7.791274929347362E+03   -4.153026466671195E+02
  1077    9.554938231007746E+02   -1.215412022505404E+03
  1078    7.994911242858911E+03   -4.016502159409486E+03
  1079    4.505171915541346E+03   -4.455127967517185E+03
  1080    1.842666082748878E+04   -1.855455275826596E+03
  1081    1.843087246007756E+03   -8.308922721857036E+02
  1082    1.268571511185182E+03   -1.407560337518254E+03
  1083    1.359210294769321E+04   -9.046762419848374E+03
  1084    8.417280380351725E+03   -7.479967775027640E+02
  1085    2.633346411933086E+03    1.962654980840780E+03
  1086    1.205331759457735E+04    9.295719426055419E+03
  1087    9.038574842452714E+03   -6.732462196765084E+02
  1088    9.350300311436367E+03   -4.717892177149333E+03
  1089    8.411458135671199E+03    8.239170586522037E+03
  1090    1.362532444825577E+04    1.578085209532211E+03
  1091    1.804436757132744E+03   -9.799215891630582E+02
  1092    1.476835670344487E+04   -9.083202998688726E+03
  1093    7.418279877356918E+03   -7.690775840959313E+02
  1094    1.211518259369836E+04   -9.453215511934339E+03
  1095    8.878623518426850E+03   -1.171305455042749E+03
  1096    1.654352944719581E+03   -7.643130979760484E+02
  1097    5.892510255587666E+03   -6.054500417779010E+03
  1098    1.422301839575977E+04   -6.695115696931432E+03
  1099    1.321783389348707E+04   -1.852455439419908E+03
  1100    4.851035697571929E+03   -7.515505836181220E+03
  1101    1.596751913669486E+04   -2.012497575319625E+03
  1102    9.838190225990265E+03   -3.735124709529456E+03
  1103    2.213652237024067E+03    5.021199293591724E+02
  1104    5.269081952523998E+03    7.789984945577378E+03
  1105    1.519956737195346E+04   -4.343171976713514E+03
  1106    1.602115796521210E+04   -9.388458355830007E+03
  1107    2.149131154016739E+04   -6.041300738183741E+03
  1108    4.654625393485741E+03   -1.854900723986560E+03
  1109    3.123366192482667E+03   -5.704578600087127E+02
  1110    1.971290836283068E+03   -3.259368104529044E+03
  1111    1.664905971953482E+04   -5.207653092455762E+03
  1112    8.988669322547030E+03   -4.472465568789068E+03
  1113    5.082711552664620E+03    2.056788721536562E+03
  1114    2.744995344519967E+03    9.777879055571719E+02
  1115    6.851419278699872E+03   -7.554977510764476E+03
  1116    1.546162477045579E+04   -1.867473192383704E+03
  1117    2.983582363086572E+03    1.136320703957742E+03
  1118    5.962569551078437E+03    4.853289742452886E+03
  1119    2.006871111293729E+04   -1.312093408432641E+04
  1120    1.123607240792815E+04   -2.700544164607956E+02
  1121    5.239381366810379E+03   -3.811064089518827E+03
  1122    5.309983002661146E+03   -3.273181290918468E+03
  1123    8.306508390702122E+03   -8.564866374650701E+03
  1124    2.647108586352585E+04   -1.522423034990908E+03
  1125    3.589839109229530E+02   -5.865040414602520E+01
  1126    3.872838601281731E+02   -2.615263094074303E+02
  1127    1.118466668444002E+04   -9.731898418270177E+03
  1128    9.252721307971377E+03   -2.571266137504326E+02
  1129    2.637472527827395E+02   -1.203446735190201E+02
  1130    1.786372916335803E+02   -1.847352392882044E+02
  1131    1.893525733853926E+03   -8.292942234248201E+02
  1132    1.432170425328291E+04    8.935188103988627E+03
  1133    5.922123239821016E+03   -3.076479896737978E+02
  1134    7.179603291658532E+02   -7.899878908243835E+01
  1135    8.638130254715718E+01   -5.254726954217858E+01
  1136    1.073739000000000E+02   -1.883239000000000E+01
  1137    1.364794000000002E+02   -1.176470000000000E+02
  1138    1.176470000000000E+02    0.000000000000000E+00
