   420
     1   5.6333898711341949e-05   4.1710528408036131e-04
     2   4.1054234270420358e-03   1.0833417485175895e-03
     3   1.3790023777471051e-03   3.0816775581746491e-04
     4   7.2263411321067835e-04   2.3109403150313912e-04
     5   4.1435509035271016e-04   2.0273123846404253e-04
     6   6.9797394709398078e-04   4.1657692239422582e-04
     7   6.0723906927252248e-04   2.6720853169036736e-04
     8   4.8735376029552743e-04   1.8312316527040914e-04
     9   5.6829934228809530e-04   2.5662244536063175e-04
    10   3.8407340108721424e-04   2.3735692669273742e-04
    11   4.3302967495968458e-04   2.3185069370758039e-04
    12   6.0970542404428459e-04   1.6402546804719902e-04
    13   2.4510917400279083e-04   3.0524032281201613e-04
    14   2.6836118825197186e-03   2.0215912065934477e-03
    15   2.2532033340914282e-03   2.6472422726724363e-04
    16   3.1089633818249412e-04   8.5533396848888978e-05
    17   2.7977297936486223e-04   1.6966487962730300e-04
    18   1.9391499916015712e-04   4.3542937774355603e-05
    19   2.1237495432151269e-04   1.3258886431700138e-04
    20   1.3933982474345107e-04   3.3110807727613933e-05
    21   4.4280009521869055e-05   1.6366145370601274e-05
    22   5.6565329020591247e-05   2.4535310973426721e-04
    23   4.0714125331622331e-03   1.1347523518657426e-03
    24   1.5357726544199168e-03   3.7387251558878166e-04
    25   1.6219615865286911e-04   2.2147698398133697e-05
    26   3.7553131797710777e-05   5.7025607877457853e-05
    27   1.0536214112188919e-03   3.0599552182635235e-04
    28   1.4977916689519607e-04   3.1048945753199007e-05
    29   3.9108136382757476e-05   3.6740245684689129e-05
    30   7.2536254646734816e-04   3.3632205544107405e-04
    31   1.9941257683833238e-04   1.2000496058920286e-04
    32   3.7998894886000041e-03   1.5131085305839049e-03
    33   1.3144324752080441e-03   2.6747841097591598e-04
    34   1.5887784478587190e-04   1.0679854885557736e-04
    35   7.1031322382901258e-04   1.5529092540546240e-04
    36   8.8600277744627806e-05   8.6200294348552024e-05
    37   5.9139351398364022e-04   1.2712805561040428e-04
    38   1.1802026554941328e-04   1.6029949922901357e-04
    39   4.8984771699947278e-04   6.5672971620762448e-05
    40   2.6120764366079687e-04   4.5259327585113392e-04
    41   1.0011684617922231e-03   1.3387503550697487e-04
    42   2.3291644999045747e-03   2.0948494278791468e-03
    43   2.5051486484198664e-03   1.9733573342848028e-04
    44   1.1842019879461388e-04   3.9945486430452278e-05
    45   2.5271041300462254e-04   1.9151365504164336e-04
    46   2.0822296758341493e-04   3.4312589427200617e-05
    47   2.2769936781778260e-04   2.7705727938147031e-04
    48   9.1729307436046713e-04   3.5846331191090997e-04
    49   2.9012262566276744e-04   3.4877755252935656e-05
    50   8.7231844237914378e-05   9.8166676802624302e-05
    51   7.4097009213450204e-04   1.3427391051335155e-03
    52   4.0367403270462126e-03   1.7601002111238711e-04
    53   5.8673553372244321e-05   8.9848204018634870e-05
    54   8.4353499583591162e-04   1.7422530685965671e-04
    55   1.1316759725723299e-04   7.8134607862720941e-05
    56   1.8112064759583582e-04   4.4486235808939562e-05
    57   5.5529530338810395e-04   5.5982413661054698e-04
    58   6.6973825515760394e-04   1.8778925908830593e-04
    59   7.9140962931668348e-04   9.6958720284883511e-05
    60   1.0216243314876602e-04   2.2339597043360805e-04
    61   2.1737973983481647e-03   1.8972903019948667e-03
    62   2.9776752235966680e-03   9.8995885284932340e-05
    63   2.8040896911360377e-05   1.4970579576706398e-05
    64   2.3971421217731847e-04   2.9172363198716889e-04
    65   4.3259963829082122e-04   2.6084588176242231e-05
    66   1.4256951097727506e-04   3.1767282740066021e-04
    67   9.6753140253792367e-04   2.1395197040783385e-04
    68   5.8878590976014773e-04   8.2452792796125355e-05
    69   3.5586660139016077e-05   8.7698024884389105e-05
    70   4.4460036950549090e-03   5.6429256278780527e-04
    71   1.6688645516945504e-04   1.4436979815034479e-04
    72   3.0787018861894877e-04   2.8841064318991302e-05
    73   8.5152398187931006e-05   2.4800509955631196e-04
    74   1.1193989317729875e-03   1.6343341124322371e-04
    75   5.5004478833303836e-04   2.8399977953606450e-04
    76   5.3186312210628302e-04   3.1921797355593693e-04
    77   3.0477133680886927e-04   1.3196019538544680e-05
    78   2.6916568647475798e-05   1.4400026850695284e-04
    79   4.3811075217076072e-03   7.4450578983906916e-04
    80   4.1735712130013805e-04   1.3277098160882742e-04
    81   3.2346450455026721e-04   3.3854724037262379e-04
    82   5.1033433493472078e-04   4.7608905102725680e-05
    83   1.2017385733782079e-04   1.4737532560132440e-04
    84   5.9790797316437174e-04   1.5335184940885226e-04
    85   1.9723826894912553e-04   1.1787690985140472e-04
    86   1.7675604561482515e-04   2.1534203234248677e-04
    87   1.0969404808518731e-03   7.6158452144809222e-05
    88   1.9983754734546788e-04   8.7289380940226203e-04
    89   4.3433321784544007e-03   7.0779633227243042e-05
    90   3.3409104972762437e-04   3.0399405975953784e-04
    91   3.9248897546903630e-04   2.0044986077217308e-04
    92   1.0034402839256215e-03   3.7297429058986558e-04
    93   3.7689781138032383e-04   5.0958412785756093e-05
    94   4.3049844672605834e-05   7.5311080853811044e-05
    95   5.1330722464801120e-04   7.4192975148661551e-05
    96   3.7304436069051813e-05   7.6648538368870970e-05
    97   9.0492510686286654e-04   4.2167423004876707e-04
    98   3.9772127225989728e-03   1.3975160451624423e-03
    99   5.7138075824362720e-04   3.4350907337123419e-05
   100   7.1101434994999245e-05   7.5282600520697258e-05
   101   3.4563386819207366e-04   7.6261904262465180e-05
   102   4.1958853110761315e-05   2.4369889585499600e-05
   103   6.5634168195576829e-04   2.8531803178531630e-04
   104   1.4556509767875723e-04   4.9534400104069054e-05
   105   1.0836874178492078e-03   2.4238583130411476e-04
   106   3.6230728180624845e-04   7.5061785101816650e-04
   107   3.9936364680649089e-03   1.2059217489913344e-03
   108   7.9003561322860670e-04   2.2374998828117172e-04
   109   9.2852324626190464e-04   3.0006276432446480e-04
   110   7.8931736188003580e-04   2.2492733214133815e-04
   111   1.0786675742152878e-04   1.7989623746742851e-05
   112   1.4951508793615005e-04   1.4150167606026979e-04
   113   1.8900939866963414e-04   3.5780391423485759e-05
   114   6.2182428767062093e-05   2.5028766475323662e-05
   115   3.2304756927268728e-04   4.3656802393763039e-04
   116   2.4213489070151056e-03   2.0659263351969592e-03
   117   2.4430556741397271e-03   2.4734546291108301e-05
   118   2.2306600452448908e-04   3.5193750307541160e-04
   119   6.7930702988303786e-04   1.3305658789358315e-04
   120   2.5571613693552961e-04   5.3258160166011236e-05
   121   2.6712098917880715e-04   2.3581589104028315e-04
   122   3.1815814442663187e-04   4.6679871372136818e-05
   123   2.3695705272531371e-04   4.4045013772868501e-04
   124   1.0254356524462885e-03   3.5005300808540269e-05
   125   8.8944030671605568e-04   1.7572680428009817e-03
   126   3.6611195140021850e-03   1.8281245585356008e-04
   127   9.2963730405836657e-04   3.7871351038307205e-04
   128   3.8181236304578564e-04   2.3732543662054341e-04
   129   6.3991985061080789e-04   2.3368378369513553e-04
   130   2.4795293934061973e-04   5.1257631074371926e-05
   131   1.4745838212715693e-04   1.5576776966960102e-04
   132   2.7893383211516218e-04   5.7498623695263666e-05
   133   5.3193971102311857e-04   2.7276985460578221e-04
   134   1.7203699566835064e-04   3.3801113885026013e-05
   135   3.5264786165298784e-03   1.8601902974214857e-03
   136   1.0401979023787011e-03   3.1028745603153330e-05
   137   1.1196877714993168e-04   1.6235609605079877e-04
   138   3.4731418802945267e-04   1.6832027019187276e-05
   139   1.4689062162853787e-04   3.3464918394385045e-04
   140   8.9163029058699308e-04   1.8099456868351656e-04
   141   1.0404750293739890e-03   1.8870490060506583e-04
   142   2.2332308332581762e-04   2.5351609628250266e-04
   143   5.0588079894459625e-04   8.7337609599506501e-05
   144   5.2625393474740043e-04   1.1576936424656503e-03
   145   4.1255089875988265e-03   5.0629980353414307e-04
   146   2.3034273091899818e-04   5.4557147848415686e-05
   147   1.0644966346031255e-03   2.9250778154352218e-04
   148   1.1359349216954403e-04   3.6708616719002853e-05
   149   1.4995259320034444e-04   1.7565803926856567e-04
   150   4.5541973427490882e-04   4.6915429359218156e-05
   151   2.8036722293068764e-04   3.6139433199746876e-04
   152   5.1978905978601088e-04   1.3821542302953690e-05
   153   3.7142732795516001e-04   1.1974240946472027e-03
   154   4.1727181298876429e-03   1.0765512825860170e-04
   155   1.7846608405740877e-04   1.5709115429719423e-04
   156   4.0476768114167756e-04   2.6098127351480594e-04
   157   4.0059542433309634e-04   7.1186497722378427e-05
   158   1.0758707199887607e-03   3.8547629174246254e-04
   159   1.6303963091469825e-04   6.1009105465852839e-05
   160   3.6761809684173819e-04   4.1459833400366802e-05
   161   2.8631497748823486e-05   3.3331980806010766e-05
   162   1.0574942457332835e-03   1.4114344599192375e-03
   163   3.6313683650213121e-03   1.0859507830215710e-03
   164   7.6859753921158726e-04   4.8200010832335218e-05
   165   7.1540551604027552e-04   4.8466776649139649e-04
   166   5.8523553335491181e-04   1.3534664404997722e-04
   167   1.1558886126210324e-04   1.0093457927773021e-04
   168   4.1503869798631431e-04   8.1892655695988643e-05
   169   4.5709703236746743e-04   2.5516669763224183e-04
   170   2.2162087716112315e-04   4.4088851369078218e-05
   171   4.2413835821346408e-05   4.5635329992851362e-05
   172   4.3116503619612615e-03   9.1624124244092111e-04
   173   4.6756998607971634e-04   3.6300271671670651e-04
   174   5.4683695010078893e-04   7.1618846484530952e-05
   175   7.1143280404066056e-04   5.1564680249869112e-04
   176   6.5533585024131989e-04   1.9710131723317298e-04
   177   2.2377728592497175e-04   7.2390767476496936e-05
   178   5.0038685417171666e-04   9.2599076672830776e-05
   179   2.9461891380900605e-05   1.1545563049108304e-05
   180   5.5654630124858000e-04   2.7442878725292166e-04
   181   3.8558302545416156e-04   1.0073080014580303e-03
   182   4.2740855162885227e-03   3.6922459036877150e-05
   183   5.7695299805282207e-04   5.6873071112774744e-04
   184   5.8380271505744643e-04   2.6030858658969604e-05
   185   8.2138949092659089e-04   2.3738241647161106e-04
   186   9.9377742406400388e-05   7.9796493707554554e-05
   187   3.5759402652844408e-04   5.0177705775357222e-05
   188   5.2815333295542832e-05   4.7592039179789961e-05
   189   2.2580025235792724e-04   1.6599335993930915e-04
   190   3.0794228816027050e-03   1.9318780340462111e-03
   191   1.7991343891595112e-03   6.6154915966981284e-04
   192   9.0853234902121469e-04   5.2089099607646908e-05
   193   3.6747303898052139e-04   2.9206058575550884e-04
   194   3.3531205340145333e-04   3.7659460445895130e-05
   195   1.0674813131827059e-04   1.7746534448514331e-04
   196   4.6176473278285017e-04   1.7642178953782448e-04
   197   6.6542166672220666e-04   6.1864389555931488e-05
   198   2.2072273209331980e-05   2.7312095687485989e-05
   199   6.1584395783854994e-04   1.3096468934772820e-03
   200   4.0703494075649228e-03   2.2256731640552148e-04
   201   1.4889091416708122e-04   1.7278732243760668e-04
   202   1.0143056940689979e-03   2.9499667530611648e-04
   203   2.5540277408132747e-04   2.3043247898571950e-04
   204   4.4648817838336579e-04   6.7660809124394695e-05
   205   6.1358441002449702e-04   1.5339306130612691e-04
   206   1.2226190467852602e-04   1.1450203397861320e-04
   207   3.0670531634749220e-04   1.9701308309665437e-04
   208   7.3367482596756000e-04   2.8091135622382356e-04
   209   2.7988003723453174e-04   4.4334008767773895e-04
   210   3.5063216885217671e-03   1.5215806226910407e-03
   211   2.1271386764213462e-03   9.8258761679143904e-05
   212   3.4113124418783731e-05   1.7832776612120120e-05
   213   2.6144529089292400e-05   1.0059767068090796e-05
   214   4.2058796914560013e-05   3.6688721006717524e-05
   215   1.8414080684551782e-04   1.6996792062389557e-04
   216   2.3575000697564620e-04   4.2368042650067510e-05
   217   7.8351501235041836e-04   7.5456294349357089e-04
   218   3.9803760228354123e-03   1.2411116809034582e-03
   219   5.4510006940363049e-04   1.7453521185773597e-04
   220   6.5831362618609776e-04   1.0476404761918037e-04
   221   5.9195153488421294e-04   5.4085635033775429e-04
   222   6.0205779479806300e-04   2.9468332003368058e-05
   223   4.1057979336607066e-05   4.0633903610374678e-05
   224   6.8344374477729175e-04   4.9471649708433569e-04
   225   7.1019317158682593e-04   2.3747212234419090e-04
   226   2.4935997578519179e-04   1.2234696594635774e-04
   227   3.2055444308071699e-04   3.9221408407243239e-04
   228   4.4199376899631704e-03   5.0398569094965327e-04
   229   5.4774178335548565e-04   3.2870219244714351e-04
   230   2.9893950660047106e-04   1.5275944344825726e-04
   231   7.8893571948530873e-04   1.6269879044286813e-04
   232   8.4514944845936907e-05   6.0588150714313300e-05
   233   5.0139111801297766e-04   1.1410954458973964e-04
   234   6.4486060791473261e-05   2.0235956800468033e-05
   235   5.0903534726733538e-05   4.4798318657162608e-05
   236   4.0151312704016500e-04   1.0098371243661166e-03
   237   4.2087284316906911e-03   5.2445468117519399e-04
   238   2.6472965764743906e-04   3.4811021678246975e-05
   239   2.1423477838154322e-04   1.9801839173963081e-04
   240   9.1684096319243459e-04   4.3985932171981080e-04
   241   2.8917310161108076e-04   8.1971391239136254e-05
   242   1.1633050181894145e-03   1.5852867530532030e-04
   243   1.8924968713713561e-04   2.9093210768366313e-04
   244   6.5373710999924522e-04   3.4609161686091396e-05
   245   2.7157911327308062e-05   1.1669080262422172e-04
   246   3.2735027742050648e-03   1.8370733003658258e-03
   247   1.8031158139948942e-03   1.5467130340329036e-04
   248   3.9430078283774454e-04   1.5190708549791957e-04
   249   7.5043573001978839e-05   1.3590342920068943e-05
   250   5.6630932255255680e-04   4.1935524377127069e-04
   251   3.5216780283205850e-04   2.0978087744060635e-05
   252   2.2452153568908880e-04   3.0452342774549474e-04
   253   4.8395094593589805e-04   2.6449029478331560e-05
   254   1.1668204588957624e-04   5.1815297225654190e-04
   255   4.3572543887570002e-03   6.4196476396869210e-04
   256   5.0594299227944991e-04   1.0699150336560231e-04
   257   4.7649105893856643e-04   5.6605350949004961e-04
   258   7.7899506069264339e-04   7.3050795981141189e-05
   259   4.9453900505334501e-04   1.3736040571099781e-04
   260   8.6124404612681376e-05   1.1637626686271304e-04
   261   1.0557586246494359e-03   2.6199971092136297e-04
   262   3.0038130371407733e-04   8.4978392403953554e-05
   263   4.8820774832509084e-05   2.3666799582315418e-05
   264   3.0066891180506121e-03   2.1188936318048295e-03
   265   1.5539732352691810e-03   8.1009842428369586e-05
   266   7.3683909309223226e-04   1.6512720525253295e-04
   267   1.1322982130627108e-04   8.5938717293290793e-05
   268   2.5625509476197707e-04   8.5386067937317961e-05
   269   8.0968325754223253e-05   4.5791865436549684e-05
   270   5.1396374982980262e-04   4.0030944097473097e-04
   271   4.1691212449893625e-04   1.0915931802933086e-04
   272   6.4592101859951986e-04   9.8831957843568665e-05
   273   1.1680759080336482e-03   1.8912469950574185e-03
   274   3.3806640432319408e-03   4.9144508000773153e-04
   275   1.1892935665385931e-03   1.8791731584221060e-04
   276   2.5570470875864616e-04   6.4522818699699577e-05
   277   2.2465547721789290e-04   1.8503607669925832e-04
   278   2.7490747390898005e-04   1.8127859463654491e-04
   279   5.8389367746619072e-04   6.1786364729056535e-05
   280   1.8380543778119502e-04   3.7711988289441804e-04
   281   9.9616942388372292e-04   7.9282318040649932e-05
   282   6.2973555109298407e-05   6.9603030617731445e-05
   283   4.4237770592753635e-03   6.5088842320388694e-04
   284   1.1089592683263058e-04   3.0976578185750589e-05
   285   4.4842418958146858e-04   1.3941331603357083e-04
   286   1.3184308755234401e-04   1.4692595871398042e-04
   287   4.1013010620364172e-04   4.2986324870918529e-05
   288   6.3892520665735018e-05   1.7275214043911279e-04
   289   7.4944920613862094e-04   9.2160514608103931e-05
   290   7.6604154722508726e-04   5.6004244357215672e-04
   291   5.1501429956475988e-04   1.6736271725947539e-04
   292   4.3295514574320428e-03   8.8313625126358467e-04
   293   2.7420578146701796e-04   2.2381498660372487e-04
   294   8.2846260660664282e-04   6.4384290714769219e-05
   295   4.0905680620411446e-05   1.6920249033224876e-05
   296   1.6082754695415048e-04   1.4658580593395596e-04
   297   3.3212306372307730e-04   2.6349838271912232e-04
   298   5.6953305444765482e-04   2.7176055091908131e-04
   299   9.5780239543913348e-04   2.0833162261539928e-04
   300   1.2746483017116647e-04   1.0296261377300153e-04
   301   1.4950111315956930e-03   1.9276568112409685e-03
   302   3.2847745337651365e-03   1.7388086008700082e-04
   303   2.8470308391395660e-04   2.7921785792006627e-04
   304   4.8083980459867414e-04   4.1097302819330100e-05
   305   2.8168616056098884e-05   2.3103314747675611e-05
   306   3.0079892256656293e-04   1.6569037265752351e-04
   307   2.7649554901280188e-04   4.0284538345242236e-04
   308   1.0459154699802289e-03   2.6797342046857883e-05
   309   2.2701224369684753e-05   1.0158282822505012e-04
   310   4.3199248390168093e-03   9.1414652061235695e-04
   311   3.1115931910433365e-04   1.3251248200276872e-04
   312   5.7708366370696248e-04   2.6239614580505393e-04
   313   3.7511225004934715e-04   1.1502920753264679e-04
   314   4.3156751697276846e-04   2.4892647031252721e-04
   315   2.9496873094784793e-04   2.8274368241224408e-04
   316   7.1246690430859560e-04   3.4721369015387076e-05
   317   1.3949333582748618e-04   1.8643936962251412e-04
   318   4.3660379693927990e-04   2.8202911893214874e-04
   319   1.0246467041897958e-03   2.4442176217852590e-04
   320   2.9262131693420612e-03   2.1245200113004627e-03
   321   1.6596481646591677e-03   2.4361505649307455e-05
   322   1.6400770841587503e-05   5.4198584843989239e-06
   323   3.8754971124285720e-04   4.2450808340388003e-04
   324   6.5655885113029082e-04   3.6752638281566715e-04
   325   8.3566832633015715e-04   5.9094730139334586e-05
   326   1.0751874284828893e-04   1.7430937372200835e-04
   327   6.2552493321990296e-04   5.1949947974290843e-05
   328   3.0549216815570901e-04   1.0702059804456156e-03
   329   4.2469707410372837e-03   9.9117930067518071e-05
   330   9.0419508802437969e-05   1.1267716387625792e-04
   331   2.5770282327154974e-04   1.9876776305253974e-05
   332   4.8416703534013448e-05   1.0233606237640573e-04
   333   4.3241675225542302e-04   2.4689570890272993e-04
   334   7.0572716703104737e-04   1.7508064864522950e-04
   335   3.8612708708301538e-04   3.2246697119797251e-04
   336   7.8982291276327862e-04   3.5234629840623165e-04
   337   4.2587301465054820e-04   3.7011064954544043e-04
   338   2.7617312057046928e-03   1.8918336298440735e-03
   339   2.4388070872817698e-03   1.8665552116546209e-04
   340   1.1100015484286467e-04   2.1248231234403801e-05
   341   5.5637951244594842e-05   1.9893283933022191e-04
   342   1.1348787223098371e-03   1.8787970198661376e-04
   343   5.7069754076728729e-04   9.2118643390586726e-05
   344   2.7374577008902341e-05   9.3200194457122851e-06
   345   1.5541748408505766e-04   1.9524131247700786e-04
   346   3.3775504813479223e-04   4.3006204379158081e-04
   347   4.4721483824655649e-03   1.4118453874813373e-04
   348   6.7122658191839869e-05   1.4872991748351842e-04
   349   5.4654789006219808e-04   1.8960369177899462e-04
   350   3.0415478197662560e-04   3.9768301815425011e-05
   351   5.3275424811579405e-04   2.4658915445474405e-04
   352   1.2700786146352847e-04   1.3239460572543332e-05
   353   3.4792658301004272e-04   4.9443192211415981e-04
   354   8.4043524803524008e-04   5.6283718032460126e-05
   355   1.1651622353132662e-03   1.6570124963839186e-03
   356   3.4914727189968488e-03   8.8555427553920841e-04
   357   8.0364014588565750e-04   7.4089760912635609e-05
   358   9.6470313236496775e-04   4.7625237449230282e-04
   359   2.9740491717169084e-04   4.7622536558910908e-05
   360   4.4610946040495221e-04   3.6981134426521573e-04
   361   3.7483077735535065e-04   3.2830111034195024e-05
   362   2.9561566021115278e-04   9.6441271055519752e-05
   363   9.2310717539717126e-05   9.3486278683371633e-05
   364   2.9465926799019504e-04   2.0638497523369677e-04
   365   3.2463329495822260e-03   1.9938466408051651e-03
   366   1.3770954995690956e-03   8.7992677008539785e-06
   367   9.1142326925316235e-05   1.9000718440942348e-04
   368   4.5218100537297183e-04   3.2738637212598060e-05
   369   4.7737881471400551e-05   2.9113898017890305e-05
   370   2.7764940306660281e-04   2.3597067898679957e-04
   371   9.1493251021806899e-04   3.9474936426260008e-04
   372   3.9797082066873353e-04   2.8735796880458416e-04
   373   6.2366720585036719e-04   3.3620536311526736e-04
   374   3.7349855112904875e-03   1.4706378856605890e-03
   375   1.6029328144641676e-03   4.9731802093034021e-04
   376   4.0464781443277161e-04   1.7645906131308098e-04
   377   3.7201437900127583e-04   5.6832504889040353e-05
   378   2.7356326694897296e-04   3.2765938637629928e-04
   379   5.6677417625904580e-04   1.5508537159561388e-04
   380   6.8770045994740023e-04   1.9067276082867482e-04
   381   8.7096791939747200e-05   1.1963207950049582e-05
   382   2.3435698388910547e-05   7.9730954106415304e-05
   383   1.6503174071875175e-03   1.5863062728156149e-03
   384   3.6407383235723036e-03   1.1950360003773941e-04
   385   1.7206584074344338e-05   2.6617226248638676e-05
   386   2.1191691273922804e-04   4.0366457923830771e-05
   387   3.7721156276986699e-05   3.5881616542941332e-05
   388   5.0166818298304856e-04   5.6907647064080428e-04
   389   7.7091648533985822e-04   4.8009176004229190e-05
   390   3.2470719630807280e-04   1.8822278691172902e-04
   391   5.6814210513754970e-04   6.9610852134028190e-04
   392   2.4249803600472400e-03   1.8673764955920954e-03
   393   2.7530149577582744e-03   5.1341497016648299e-05
   394   1.6979780317828708e-04   1.4558857835699924e-04
   395   2.2335524856149791e-04   1.1282131117744611e-04
   396   4.2505424925842864e-04   1.6551863757919430e-04
   397   1.5010526408874806e-04   1.2253336289595827e-04
   398   7.4664962951882807e-04   1.9864316100234915e-04
   399   2.8236704330940652e-04   3.0716097008575538e-04
   400   5.6760538438849672e-04   3.7038731051129626e-05
   401   3.1957332780343080e-04   1.0593032036172534e-03
   402   4.2508790688803033e-03   1.1344523309780372e-04
   403   1.4172297107818490e-04   2.4198724724338840e-04
   404   5.2932641652410470e-04   1.6900112011749493e-05
   405   5.0970209308380911e-04   3.7513884572889855e-04
   406   3.2567901791223701e-04   1.6085214976593057e-04
   407   1.1477459020307068e-03   1.9580839006135055e-04
   408   1.9900634995883830e-04   1.8100451528415821e-04
   409   2.9520631486825517e-04   6.0024194551258438e-05
   410   2.9202809365601204e-04   4.3025445017637521e-04
   411   4.3970138241517668e-03   5.9382272476131784e-04
   412   1.2060061057107133e-04   2.2394090835284274e-05
   413   3.2587834549964217e-04   4.9639484221340898e-04
   414   8.5082302018437328e-04   1.8787415465561475e-05
   415   3.8699161976270582e-05   2.2698402364760097e-05
   416   3.9878548739949408e-05   7.3489177748059300e-05
   417   8.3324143486700794e-04   2.0371028962582903e-04
   418   1.0703330923975439e-04   1.9233131705277719e-04
   419   3.8955847436077432e-03   1.4757636556924423e-03
   420   9.8877367118201218e-04   0.0000000000000000e+00
