  1473
     1   2.2729311150770167e-06   5.0886717531959623e-06
     2   3.8470463656325996e-05   5.5320052711290077e-05
     3   1.8418385106152644e-04   8.6770134145501427e-05
     4   1.6022756236951186e-04   5.2598473912755461e-05
     5   1.2783105513978156e-04   6.0181313843124109e-05
     6   1.1419479059787703e-04   9.0385770011839077e-05
     7   2.0823371346433164e-04   5.8215071299471783e-05
     8   1.0348492016696103e-04   5.9695965304281424e-05
     9   1.1576018349021689e-04   4.3791210789624648e-05
    10   4.2643588737736132e-05   1.2025453255365682e-05
    11   2.7114728385345730e-05   1.4376569002130919e-05
    12   1.7671351358856100e-05   5.2107991909002960e-06
    13   1.8069215205671957e-05   5.8109454722028546e-06
    14   1.0864788545734683e-05   6.7144486610485221e-06
    15   1.1598816723020112e-05   9.3370272075234984e-06
    16   1.1076001885783119e-04   1.1541705977180251e-04
    17   2.0862654065369700e-04   1.7371864334194281e-05
    18   4.9215779769457807e-05   9.7389538503646743e-05
    19   2.3204517924096000e-04   1.3322260048972875e-05
    20   1.8108435015285187e-05   3.2285130516917715e-05
    21   1.7050172306359957e-04   2.1557251675260768e-05
    22   2.8882399353338334e-05   3.0732723679101714e-05
    23   1.2223205872650549e-04   5.3798982891127648e-05
    24   4.9900303677936394e-05   7.9241165820440240e-06
    25   1.7939751033633073e-05   1.3223640029273463e-05
    26   4.5658327115659764e-05   4.0111491207258668e-05
    27   5.8016452330728715e-05   7.1064760629539322e-06
    28   1.4173983669879566e-05   2.3719948250169935e-05
    29   2.6786936322183911e-04   6.7572492604491360e-05
    30   3.5602569023603460e-05   9.8080239391671531e-06
    31   1.4918073098556240e-04   1.3077579533956064e-04
    32   1.3185674487007929e-04   1.9731140381154297e-05
    33   6.0936571700384442e-05   6.7008539435668615e-06
    34   4.9256233415485256e-06   6.6361567393810166e-06
    35   1.4322592444127236e-04   7.0942322558341608e-05
    36   4.4659354507459182e-05   5.4439304615719369e-06
    37   1.7679585219097203e-05   2.1053027379626649e-05
    38   1.2386341010332729e-04   5.7137271690719624e-05
    39   4.2996142171649954e-05   5.9794351461673247e-06
    40   4.2370458593823014e-05   9.0770611656848556e-05
    41   2.5424567073365845e-04   1.0984848810342605e-05
    42   1.0817051686983532e-05   1.7556953432938834e-05
    43   2.6123164694310662e-04   4.8742457800284683e-05
    44   2.9107906599016977e-05   3.5716183895267762e-05
    45   7.7385864058491022e-05   3.4354718777425209e-06
    46   1.0565614373060341e-05   9.1912670328649962e-06
    47   2.4087023087222284e-05   1.6102302899130409e-05
    48   4.1506858043653604e-05   5.3613181069967291e-05
    49   1.5887880971557217e-04   1.1534927923202071e-05
    50   6.5140920718049343e-06   6.3101987246956785e-06
    51   1.8239784814420889e-04   1.3000235041214588e-04
    52   1.2565500389246734e-04   2.3699965111535307e-05
    53   6.0892365658828079e-05   5.5535476554956863e-05
    54   1.1944921482565717e-04   2.4847166916362748e-05
    55   7.7735555881625737e-05   8.8587064143500513e-05
    56   2.1423525523104763e-04   6.0614506712757927e-05
    57   5.5222026613908540e-05   6.6164399896845771e-06
    58   5.0249291069875111e-06   3.7483818020181797e-06
    59   3.2707932666613974e-05   1.0908680042533808e-05
    60   6.7693805358360708e-06   2.9204628559520319e-06
    61   1.4285764746872332e-05   2.6856386782021015e-05
    62   1.5530234433254152e-04   6.7301280927133767e-05
    63   1.9115290102709486e-04   7.8161396047386034e-05
    64   1.6860643904951611e-04   7.2452561130277135e-05
    65   4.5375791073050136e-05   4.2306185773972336e-06
    66   1.2850237516019118e-05   2.1213296711163002e-05
    67   2.6472919798044422e-04   3.9523486860120904e-05
    68   9.8847964010064592e-06   3.4504484028744506e-06
    69   2.6407390926696697e-05   3.0803892557919260e-05
    70   1.3782693700613842e-04   3.8644599852120203e-05
    71   1.8266113963405347e-05   3.1572757353479633e-06
    72   1.9682280606974975e-05   7.7324081235649216e-06
    73   1.7866800164519145e-05   5.0929165476924745e-05
    74   2.5565778895643361e-04   6.8602065015954092e-05
    75   8.3428727506229820e-05   3.5177969068863336e-06
    76   5.8847074801552745e-06   1.5828096083239457e-05
    77   1.5172882390794006e-04   7.9591888743851358e-05
    78   1.0068364502427412e-04   7.8344500820621188e-05
    79   2.2008960170213140e-04   1.3295476174964541e-05
    80   8.6498471527738100e-06   1.1413417197082000e-05
    81   5.9258911335995351e-05   3.4929442096995816e-05
    82   5.2933406388480277e-05   1.5767669278107730e-05
    83   2.8237377620433235e-05   9.7363684670061568e-06
    84   1.3656870921880867e-05   1.0177287708661221e-05
    85   8.7677305561342458e-05   1.2102099941565663e-04
    86   2.1025839938172152e-04   2.5153385945253629e-05
    87   1.5578571697668240e-04   1.7951082905477047e-05
    88   2.7190066836894630e-05   1.8657453408178943e-05
    89   1.6053524573481597e-05   2.6066869290259212e-06
    90   1.9332822522796095e-04   1.2099796029139936e-04
    91   8.3360581990125256e-05   2.0414031697331024e-05
    92   1.4597060422428883e-04   6.1845117175998181e-05
    93   6.8746611977234197e-05   5.4213480566151949e-06
    94   2.9849960325625199e-06   3.1299351059896856e-06
    95   4.7879721203860738e-05   2.7017483572085148e-05
    96   4.8356594656221999e-05   7.5631807712243302e-05
    97   2.6221546798343228e-04   2.2787317157701374e-05
    98   1.1060473873565548e-05   8.5340349398035037e-06
    99   4.7719617468146792e-05   3.5169383816872621e-05
   100   6.8421526153432131e-05   1.6167297488315980e-05
   101   1.0592134147871547e-04   6.9885948905108920e-05
   102   5.3366023427437491e-05   1.5504449143234407e-05
   103   2.6982745559897336e-04   1.8815380284587066e-05
   104   3.5544875383292772e-06   5.9689524230489058e-06
   105   1.5265786010512254e-04   6.3108610293077894e-05
   106   3.6718647038167799e-05   4.4095548860335418e-06
   107   1.0743132128245535e-05   2.9992186005646077e-05
   108   2.7733491151738621e-04   4.5650264312520708e-05
   109   1.6321310888182234e-05   2.8803947088897427e-06
   110   7.4170076051062720e-06   3.8439714239427258e-06
   111   1.6582693659410620e-05   1.7960920427141487e-05
   112   2.8998271936651968e-05   2.6894884911546651e-05
   113   2.4537213103534761e-04   5.4167517395611752e-05
   114   1.3441955204560659e-04   5.2459493007356314e-05
   115   9.7232887804104003e-05   2.9613708377793055e-05
   116   1.4815526558684806e-05   9.9163136118628426e-06
   117   7.5967106897389811e-05   3.7472024147989601e-05
   118   7.9471048797891995e-05   6.2010198692643092e-05
   119   1.5414728262770416e-04   4.4723996047862000e-05
   120   2.4199415157443423e-04   8.2892681904766653e-05
   121   4.9363640166400760e-05   1.4845536577303429e-05
   122   2.4646985601066443e-05   1.0528004209414370e-05
   123   1.4533771771066716e-05   6.4727840263846626e-06
   124   2.0978238995677867e-05   1.0006754763898189e-05
   125   2.3388081188909901e-05   1.3256630478100793e-05
   126   6.5878935690122167e-05   9.9884240436780302e-05
   127   2.2305802344927235e-04   1.5267779945499134e-05
   128   8.9621621123219286e-06   3.4241172336715139e-06
   129   3.1092807087776067e-05   6.5486527215225906e-05
   130   2.0345417694058994e-04   7.0000494678492891e-05
   131   2.1523983327753697e-04   1.6122101148660373e-05
   132   2.2739696432892641e-05   4.9533805962005639e-05
   133   1.6010563705127516e-04   2.6650327585980857e-05
   134   2.1760797076631388e-05   3.5736212246769274e-06
   135   1.7698936234632114e-05   2.5628825276769082e-05
   136   7.8704469653804302e-05   2.1289033403818590e-05
   137   2.0882952637296722e-05   1.0235903673145933e-05
   138   3.9971358142242873e-05   3.6442393557668145e-05
   139   1.7331718625661016e-04   1.1216044830923323e-04
   140   1.3701123658833522e-04   1.3378830440772093e-05
   141   8.5992395040296291e-06   4.6999598682862290e-06
   142   1.9836478222046047e-04   1.3180469769218751e-04
   143   9.4732958717646314e-05   3.4004751515877791e-06
   144   2.0183856529185959e-05   4.0299561583564416e-05
   145   1.4909272691411270e-04   2.6028778354842007e-05
   146   4.5679975527099694e-05   6.6206729861685571e-05
   147   1.3803481121415055e-04   2.2866214028177110e-06
   148   7.0700763654416608e-06   8.9778194308509820e-06
   149   3.0036903137664425e-05   1.3691949191183626e-05
   150   2.5453410633929219e-05   5.7260224287077731e-05
   151   2.5869781337953116e-04   1.0187635898802484e-05
   152   1.3644109941398213e-05   2.3408466753040705e-05
   153   1.0794195421995417e-04   6.7320303770314390e-05
   154   2.5107781239070239e-04   5.3847702634609737e-05
   155   3.9994908420577473e-05   1.8631312357123380e-05
   156   1.6302002919802025e-05   2.4391163663458498e-06
   157   3.4330521178147959e-05   2.0873457869612056e-05
   158   9.8754469395889220e-05   7.6800946371051752e-05
   159   9.6672332905577696e-05   2.7856042137415694e-05
   160   6.1077321135880053e-05   3.8474535210713298e-05
   161   1.1269859890154264e-04   5.5901282819897959e-05
   162   5.1226031950184130e-05   5.0404703907232770e-06
   163   2.7811106613143832e-05   3.3207000801287858e-05
   164   2.6063374336724387e-04   4.3971023084702989e-05
   165   1.0085388997124764e-05   7.5163504965761202e-06
   166   2.8584543655710840e-04   2.4497302377737249e-05
   167   3.4998081808603165e-06   1.1418895494066619e-06
   168   1.0681707406821861e-05   5.5785404513312004e-06
   169   2.7569131454479717e-05   3.9606189293278257e-05
   170   7.0468750248500400e-05   9.8449955866821373e-06
   171   1.3875117050062325e-04   7.0752580146254986e-05
   172   5.6971284616534734e-05   9.5286139091795253e-06
   173   3.4807186226276208e-05   5.3096304617360627e-05
   174   1.3492141586321098e-04   3.0852753938499050e-05
   175   1.6149603357859855e-04   1.2591881015898621e-04
   176   1.2058083937573077e-04   7.0816462136530174e-06
   177   1.5776046491035520e-04   1.3275234432467541e-04
   178   1.5105440167957504e-04   1.2659807402975812e-05
   179   3.8514780037735316e-05   2.9654463234920767e-05
   180   2.8812470621637250e-05   2.1476731561636606e-06
   181   3.8512009833923138e-06   4.0907286301612255e-06
   182   3.4815514259559725e-05   8.7378948236488918e-06
   183   1.4874911969790087e-05   1.3158985912863197e-05
   184   5.5947069996233519e-05   7.3937656195314673e-05
   185   1.3655063680844374e-04   7.0155970043222672e-06
   186   2.1864506232096632e-04   1.1624071088059099e-04
   187   8.7074254970684309e-05   2.9904954054775632e-05
   188   1.0261250381145169e-04   5.2007892093460150e-05
   189   1.1711481504675108e-04   7.7657419207057514e-05
   190   1.7918978371982995e-04   8.4022245585512758e-05
   191   1.2621228516678656e-04   3.7702479929777986e-05
   192   3.0043199528824686e-05   5.0212593619094753e-06
   193   2.3686057138030272e-05   9.6439097582339202e-06
   194   2.1443964639694327e-05   1.2390164577908002e-05
   195   1.9558602399497399e-05   1.0176409683158868e-05
   196   1.3236310949331278e-05   2.6019163998302862e-06
   197   1.5756993523405337e-05   4.8876055164192283e-05
   198   2.7527091868990186e-04   3.0353372164296270e-05
   199   5.0160525833881667e-05   5.1772362028425750e-05
   200   1.2628625144467907e-04   6.0160475794820921e-05
   201   8.1789001060891960e-05   2.5072221571994249e-05
   202   2.1284046583111996e-04   1.0712068428943114e-04
   203   6.6448404787890528e-05   4.5737859292947550e-06
   204   7.6718876750141610e-05   7.5766207483893083e-05
   205   8.3521588162147460e-05   1.1945132629776206e-06
   206   1.9291950279789659e-06   9.5931188190005382e-06
   207   9.2432249868273044e-05   5.4848774602039899e-06
   208   5.0276943745386717e-06   1.2597118719015531e-05
   209   2.6100950390673273e-04   8.2495848294215663e-05
   210   3.3053198574416083e-05   2.5814301863536028e-06
   211   1.1986555875062753e-05   3.7669174683540820e-05
   212   2.6024780689465332e-04   3.1007745564643887e-05
   213   8.4074839417453741e-05   8.4927950761646884e-05
   214   1.1219031942082904e-04   1.3672504082863792e-05
   215   2.5119101643589458e-05   1.4623625017573210e-05
   216   2.8434967997306730e-05   3.1619864829402383e-05
   217   1.4193296282673823e-04   2.6546431755577999e-05
   218   3.7404108005313301e-05   1.9991097807876160e-05
   219   4.4520095465544901e-05   1.9986152551329545e-05
   220   1.6832803170757713e-05   1.4777404948126426e-05
   221   2.6814390332361349e-04   6.8276609104423429e-05
   222   4.5706515762071478e-05   1.5287459788495815e-05
   223   1.4978407768852832e-05   6.0653302581132327e-06
   224   2.6131020087210034e-05   4.0172421362632226e-05
   225   1.9585834751171218e-04   9.0704595823505027e-05
   226   1.5337348905393753e-04   1.9316847727698117e-05
   227   2.3060332285145843e-05   1.9745447897061187e-05
   228   3.6983470259546196e-05   4.7161835171379413e-05
   229   1.6352052813754594e-04   1.4251313327984226e-05
   230   2.1401874226587739e-05   6.1033333662432905e-06
   231   8.8415444246021601e-06   1.8336151973422689e-05
   232   1.5350556824720343e-04   3.6090744263139320e-05
   233   1.4254578613155408e-04   1.3301311791825651e-04
   234   1.5733401212984698e-04   1.4355420266818131e-05
   235   1.7262673281066839e-05   3.9566881031163166e-06
   236   5.9573731946933539e-06   5.3091100665200482e-06
   237   1.3309049497690505e-05   2.9840405069420513e-05
   238   2.6754897809357667e-04   1.8031276636826226e-05
   239   4.1180206105841889e-05   2.9007350855722163e-05
   240   3.0143191014544733e-05   1.0329226025037530e-05
   241   8.0608455934341169e-05   8.1869812855414013e-05
   242   1.1107314867437080e-04   1.5177962399678177e-05
   243   5.2606051047406439e-05   4.3667497419192120e-05
   244   1.0455691185651837e-04   9.1482736036516908e-05
   245   2.4018862777760926e-04   1.0347120346514466e-05
   246   3.8201877882344143e-06   5.0599516177679184e-06
   247   1.3910298455536581e-04   4.6808597781808154e-05
   248   2.4200414714786907e-05   1.0710179370761285e-05
   249   1.9467149328758626e-05   2.7068436701979633e-06
   250   2.8928716079456359e-05   7.4699868414362418e-05
   251   2.4889567568285332e-04   1.2095939411648763e-05
   252   2.6996757278787516e-05   1.6454222734044711e-05
   253   1.5629927508061544e-05   8.0041629913958046e-06
   254   1.8952691012365542e-04   1.1988596459636284e-04
   255   1.1185043175306667e-04   5.8401972229288293e-05
   256   1.7318665144126555e-04   2.7801146724944904e-05
   257   3.2230005106063448e-05   1.3937495224238787e-05
   258   1.2487902943009498e-05   2.7889638613554332e-06
   259   7.6077079081389451e-05   2.5691362674941174e-05
   260   3.2681886905501278e-05   3.6609902144217743e-05
   261   6.8559523659778062e-05   3.7342687286728732e-05
   262   1.3732227474936770e-04   6.2851452697492353e-06
   263   1.7711631567688955e-05   2.6264504025442054e-05
   264   1.9492847354877677e-04   1.1285095023758796e-04
   265   1.0197357239213543e-04   1.2775062491556767e-05
   266   2.6012798977377590e-05   5.7432625182399653e-05
   267   2.7519648023727097e-04   9.1751996077209595e-06
   268   2.0454294664561386e-06   3.4574133100981562e-06
   269   1.2363010302674494e-04   8.0417719847131311e-05
   270   6.6808224805562120e-05   2.3896312172589761e-06
   271   5.8760848298300341e-06   8.8334057249533186e-06
   272   1.8985768417050278e-05   4.5889973639219110e-06
   273   1.7227874558891455e-05   2.3530912205198700e-05
   274   1.4422827614141238e-04   4.0190020167943927e-05
   275   7.9947606931370300e-05   1.0954292839788161e-04
   276   2.1752204012944571e-04   4.1947735301030855e-05
   277   9.7217790245976974e-05   1.7553698230682961e-05
   278   1.6168497448287489e-04   1.2605800934820349e-04
   279   1.2685694749450932e-04   1.4117473670256937e-05
   280   2.1521311621113360e-05   2.3398208200013093e-05
   281   5.0841341658926563e-05   5.7403823595575308e-06
   282   1.3166510481516002e-05   1.4934847773192288e-05
   283   1.5905080753981658e-04   5.6041923010504556e-05
   284   2.4793476299226149e-05   4.2039503381880684e-06
   285   3.4151769341065821e-05   6.0775312205101298e-06
   286   1.9337239596901768e-05   1.9589096188946390e-05
   287   1.6537586221138654e-04   1.3723289588285666e-04
   288   1.3294986654884360e-04   5.9822373412869806e-06
   289   5.4682818206147857e-05   5.3760674375955320e-05
   290   1.8358392961527719e-04   7.0232995281032016e-05
   291   1.7648859222974561e-04   8.0986836572564477e-05
   292   5.8678260435493893e-05   2.2573255225187332e-06
   293   3.9181657898511143e-06   7.9344183941343481e-06
   294   3.9018890636191735e-05   3.3352643602086910e-05
   295   7.2510529628919316e-05   8.7864377459439059e-06
   296   4.1406022775517966e-05   6.3133821612177578e-05
   297   1.4704555498075945e-04   2.6150888040030050e-05
   298   3.4865015670473171e-05   1.1580649346664508e-05
   299   2.7142853862198031e-05   6.5642094401225897e-05
   300   2.7085963702135220e-04   1.4662430096161380e-05
   301   2.9374535276449654e-05   2.7481298348181321e-05
   302   5.0731728357023998e-05   4.1924333284725502e-05
   303   2.5392286140545143e-04   5.1422857904643942e-05
   304   1.9439656264172913e-05   4.3155176797336456e-06
   305   3.0296317800504892e-05   4.9065883479155053e-05
   306   1.3249611910536575e-04   2.4028914695691776e-05
   307   2.2755364595295166e-05   3.4373931724113257e-06
   308   7.3541473890883712e-06   6.1997481504617317e-06
   309   1.0907555929272500e-05   1.6345803987090797e-05
   310   1.8092811772888685e-04   4.0322494971819253e-05
   311   1.3073794024821104e-04   1.3518518994809492e-04
   312   1.5955317064015630e-04   6.0105403547413342e-06
   313   9.2549665822342462e-05   1.2535301348318863e-05
   314   5.8589829239096664e-05   1.0952664982455522e-04
   315   2.1595799446188821e-04   5.7024077572426943e-06
   316   1.2850216013442081e-05   4.0263023986345203e-06
   317   2.6619433522433461e-05   1.6075863165625348e-05
   318   3.4296197693570436e-05   4.6083426673663624e-05
   319   1.3481966476687775e-04   1.9326248787622533e-05
   320   4.0326408398706488e-05   2.9936990106522986e-05
   321   3.0076249855090205e-05   5.7269373443936011e-06
   322   6.9127180681814526e-05   8.7743694917373526e-05
   323   2.4994479375826419e-04   2.8794193164354902e-05
   324   2.0916014998133196e-05   1.9062553787909472e-05
   325   1.6926668942600535e-04   3.9711131304915549e-05
   326   2.6272836967842728e-05   4.2390070024898002e-05
   327   2.4747367380855339e-04   6.3928431331799571e-05
   328   3.4098110849474562e-05   2.8644099807568759e-06
   329   9.2257849521907784e-06   5.4267119306595006e-06
   330   3.5452527977553447e-05   3.1135665790675581e-05
   331   6.1939911926733553e-05   2.8634040051054457e-05
   332   3.8729001570326993e-05   8.0274131765669936e-06
   333   2.6541697476027416e-05   3.2115159702600306e-05
   334   1.4534466158559005e-04   4.6498784391189440e-05
   335   1.1925294529740667e-04   1.3019929168337172e-04
   336   1.7772431733332805e-04   2.9213955519625841e-06
   337   1.2408125600356191e-05   6.0221659903222183e-06
   338   1.7999817464871046e-04   1.2654059259353069e-04
   339   9.5452090194476108e-05   1.7895590908231540e-05
   340   1.7698423565577887e-04   2.3449469848295543e-05
   341   2.1912902642212520e-05   2.6371771256032731e-05
   342   4.9678437153701579e-05   4.5024236529148414e-06
   343   6.1569054587847773e-06   6.2922429622685716e-06
   344   2.1393227431254293e-05   7.3795780570243344e-06
   345   1.1548424842499373e-04   1.3770814429866503e-04
   346   1.7817960962725603e-04   6.4764043760539799e-06
   347   2.8249727989994913e-05   2.4271486304942884e-05
   348   8.7447937720761641e-05   2.8082684569194744e-05
   349   7.9571207861193590e-05   7.0993905336464680e-05
   350   7.7465747248444834e-05   4.7950887788744876e-06
   351   2.0184876905239734e-04   1.1426440902077680e-04
   352   8.6252797227167352e-05   1.3693309128179071e-05
   353   3.0878691028780257e-05   9.8249266028245115e-06
   354   1.1205168189447428e-04   8.6067798183791605e-05
   355   7.1135391181652868e-05   6.3029703991248606e-06
   356   3.6904383029720820e-05   8.9435644608766321e-06
   357   1.6125081155547212e-04   1.3919920372797189e-04
   358   1.3497366733225113e-04   9.2008476161825407e-06
   359   9.8518958660720754e-06   3.0063683420321655e-06
   360   5.3028867844517286e-05   2.2981708408712488e-05
   361   1.6134699045183824e-05   1.0187775144402091e-05
   362   2.5265835470000531e-05   2.5258139903291013e-05
   363   2.6111053923642033e-04   4.2983001590338719e-05
   364   4.8960005102260091e-05   4.0201771106016845e-05
   365   1.2175248746891293e-04   5.0060762908796939e-05
   366   3.6398859408455133e-05   9.4730145158039495e-06
   367   8.9791654649785344e-05   1.8901162502432836e-05
   368   4.2105664839409001e-05   9.0727616306206848e-05
   369   2.3804118359773210e-04   3.9658167078151219e-05
   370   1.9168383481897694e-04   1.9022530603476939e-05
   371   1.0618615106328049e-05   4.7514050516160680e-06
   372   7.0963208838566050e-06   4.0862406692174672e-06
   373   6.4715591498099269e-06   1.8986358941949314e-06
   374   1.9672897601273210e-05   9.2126692571760614e-06
   375   1.0558865549153131e-05   3.4646952597053607e-05
   376   2.6530098173912581e-04   2.5914020343999471e-05
   377   2.3877090701706022e-05   2.0266827162982655e-05
   378   2.1883673102699602e-04   1.0060347001809737e-04
   379   1.1740665791933222e-04   5.9576208653252418e-05
   380   1.0879562471635196e-04   5.0245680831467373e-05
   381   6.7381838787906032e-05   1.3050947727225218e-05
   382   2.1370105664672769e-05   3.5081595429076004e-05
   383   1.7112197940381143e-04   1.5437208284579228e-05
   384   2.1946501665486617e-05   3.0503471501142823e-05
   385   7.4406881755293704e-05   2.0341244448830288e-05
   386   3.0463142640479712e-05   1.4673515695214238e-05
   387   1.8657373774853402e-05   3.3780901053008859e-06
   388   1.7126222085260885e-05   1.5200203523712930e-05
   389   1.3955765327815627e-04   1.2602750242293051e-04
   390   1.7308853749089661e-04   1.7664079104263628e-05
   391   8.0322741858513891e-05   1.1796116946045900e-04
   392   2.0496555210485943e-04   7.3424050262235790e-06
   393   4.6857497815289042e-06   2.2629441141260119e-06
   394   4.8391826004271680e-05   6.4688477729269190e-05
   395   1.1719116366875389e-04   9.4646346055772157e-06
   396   3.7425792193920483e-05   6.3808260165885007e-05
   397   1.4749729008572195e-04   2.4036507312206680e-05
   398   3.7607733469505876e-05   6.4416970082777428e-06
   399   1.7987302129457682e-05   9.6809453558767022e-06
   400   2.0536276654386070e-05   5.5288966136639600e-05
   401   2.6836594410086520e-04   3.9914935077471465e-05
   402   9.1025957599386170e-05   2.3399736724848781e-05
   403   8.2200717708321829e-05   9.8083780678798424e-05
   404   2.0551743335610917e-04   5.8067090680792029e-05
   405   5.9542837068373370e-05   1.7452137834885556e-05
   406   2.6017665285829378e-05   3.4080869176869407e-06
   407   7.9447667052118518e-06   5.4486437552487205e-06
   408   8.6405151863466444e-06   4.2822149232321500e-06
   409   1.1890038214960463e-04   6.6029574290064642e-05
   410   4.2649906816615258e-05   1.0837524111164600e-05
   411   1.6638252238597743e-04   5.0409995670211594e-05
   412   4.0819267372156713e-05   7.3626448028364506e-05
   413   2.6419719126017022e-04   5.3652460238904354e-06
   414   5.1734881555231411e-06   1.9013448133360578e-05
   415   2.5778435930250121e-04   5.6864499115151684e-05
   416   2.8320769132352574e-05   1.3070169028258040e-05
   417   2.9530207668412499e-05   3.9927917704013493e-06
   418   4.8662552629084078e-05   4.5444015655477458e-05
   419   4.7189537600483836e-05   5.8755539396844890e-06
   420   2.6617159324195614e-05   1.3825168747439427e-05
   421   2.6119016673493940e-05   1.3300794174876349e-05
   422   7.5959130547630034e-05   8.5527223335360632e-05
   423   2.3342191617432750e-04   6.9708186036675774e-05
   424   4.6732423379300984e-05   1.5436149920061424e-05
   425   1.1672809402401703e-04   6.4151486144556661e-05
   426   7.0302895628607877e-05   2.1589001611076777e-05
   427   1.8094657430052581e-04   4.9767956219118792e-05
   428   1.4342548301195441e-04   1.2259775871331641e-04
   429   1.2371788519526501e-04   2.8916548650999358e-06
   430   1.0322393849439446e-05   1.0382263092790304e-05
   431   1.3896219288649675e-05   3.2484562056070094e-06
   432   3.0148566362606268e-05   1.2941297911939713e-05
   433   1.6169088771153691e-05   1.3989454582388075e-05
   434   1.5879958854571059e-04   1.3409435459619339e-04
   435   1.4819033402159503e-04   9.7865185575301991e-06
   436   1.8857492416940301e-05   2.6676893143526958e-05
   437   8.3684625468692742e-05   1.4055680038088683e-05
   438   1.4113476455078207e-04   1.3225353047880266e-04
   439   1.3675233126290290e-04   1.2090320448833702e-05
   440   1.4819878376135038e-04   5.9132885359364512e-05
   441   3.4644319532331329e-05   2.9302312236339253e-05
   442   1.5785855868544947e-04   1.0798068271213819e-05
   443   1.2649239703801757e-05   8.7011479938027648e-06
   444   3.6836303292599095e-05   2.9293725957275196e-05
   445   3.2213316325872341e-05   4.4021380757350585e-06
   446   2.6222446867768843e-04   8.1515797630804770e-05
   447   3.1919617411729189e-05   6.8830799502093634e-06
   448   9.9852454615998359e-06   5.1303544602680457e-06
   449   8.6234898342216575e-05   1.0376346936723453e-04
   450   2.1319295178700049e-04   1.8362419344583951e-05
   451   2.3970213998565622e-05   1.1451123013906784e-05
   452   1.1773817146720983e-05   2.5892637448570415e-05
   453   1.7471074206321146e-04   1.2772821695220469e-05
   454   8.0591583538362950e-05   3.6680587404324984e-05
   455   3.2697803089048227e-05   3.9240228998767543e-05
   456   1.3642206902523429e-04   2.5070044276015650e-05
   457   4.0063093656769317e-05   3.1220223048369944e-05
   458   2.4195188900483360e-04   9.9001029515534571e-05
   459   5.6272132851139668e-05   7.7632724769545532e-06
   460   2.1939264504795499e-05   6.3198725539812759e-06
   461   1.2810094682746801e-05   4.0263030809775138e-05
   462   2.6474608943069647e-04   1.9257489356787109e-05
   463   1.0970561128410272e-05   8.1825400803305763e-06
   464   4.6084956672477437e-05   2.7364322407036392e-05
   465   2.1490859568696748e-05   2.4520050865884660e-06
   466   9.6243573771837232e-05   7.9642851823409654e-05
   467   1.0241725236310668e-04   2.2417668871184262e-05
   468   3.8534388317241854e-05   5.6931351360278228e-05
   469   2.6630931353454452e-04   4.8269666430170280e-05
   470   2.1824782990698296e-05   1.1792867959423962e-05
   471   1.5278878492511845e-04   1.8341487758442119e-05
   472   7.7258407872184833e-06   1.3082709008502633e-05
   473   1.1473356537454674e-04   8.4343230910499287e-05
   474   1.9718941810673306e-04   7.9020827039164528e-05
   475   6.3710409277470515e-05   2.3687517745379073e-06
   476   4.9916965878059082e-06   4.3667054849158993e-06
   477   8.7171983989530853e-06   6.0560197447228729e-06
   478   2.0767214131449767e-05   1.9035186086262579e-05
   479   2.5477862032977040e-04   8.6250412080137397e-05
   480   4.5542966443122367e-05   3.5715533522265571e-05
   481   1.6870823222146279e-04   3.0601233564429665e-05
   482   3.2711887737126653e-05   1.0531317364615673e-05
   483   2.0016663906493589e-05   1.5983188445227334e-05
   484   6.6150105799314861e-05   8.8024055606062015e-05
   485   2.1883466992481991e-04   5.2326378782153213e-05
   486   8.5863047062180963e-05   4.3632547500508151e-05
   487   1.2953682175695757e-04   2.6627724501117697e-05
   488   1.1264565863766312e-05   1.6458470529744570e-06
   489   3.7647433508499392e-06   1.1341098075908581e-05
   490   7.9901862513913542e-05   2.9040369989323982e-05
   491   1.1145250143242311e-04   1.0634113673946859e-04
   492   2.2162338485250534e-04   1.7435935081628554e-05
   493   2.3536653920502494e-05   1.2651153493200678e-05
   494   8.8840851337965544e-06   6.4687376857841761e-06
   495   1.6883478034435985e-04   4.4314809820096523e-05
   496   3.1095441750494406e-05   4.2848071381433391e-05
   497   2.6108940599021025e-04   2.8508169994912595e-05
   498   7.4537424990233362e-06   1.3053373715967052e-06
   499   7.8376362375322139e-06   1.9337368937641042e-05
   500   1.5063533791887822e-04   2.0706736634811961e-05
   501   7.6649954192419540e-06   2.0192545646967367e-05
   502   2.6464092114920136e-04   7.1143351118623373e-05
   503   5.9035695383303572e-05   1.1525430786072996e-05
   504   2.5836995112985623e-05   2.4412074852670096e-05
   505   4.5036921079336053e-05   1.1396836591323230e-05
   506   1.7282343504023445e-05   1.8835525581785621e-05
   507   1.0215737150852994e-04   7.1839722353739271e-05
   508   2.0658939250750094e-04   8.4293017879706844e-05
   509   6.9499804638036410e-05   1.1737405391459279e-05
   510   1.6694456306141580e-04   4.5456539403786536e-05
   511   1.9908146954537941e-05   6.5494003929207639e-06
   512   7.8639152443494697e-06   3.4486888475417148e-06
   513   1.2995319344359413e-04   1.2947314675836659e-04
   514   1.8125960878719131e-04   1.6850828660929951e-05
   515   1.6490207556558478e-05   1.6780557126394889e-05
   516   8.7879104478376176e-05   6.5030960582624178e-05
   517   9.1384618170191811e-05   9.7438407062319793e-06
   518   9.2598584496677343e-06   4.4877583246656371e-06
   519   5.8369704553158290e-05   1.0665270703502899e-04
   520   2.1923473910522140e-04   2.2160385314965652e-06
   521   7.8526711143588864e-06   1.5302868365083595e-05
   522   5.1435184540362414e-05   4.9942127343032858e-05
   523   1.5840853188516232e-04   1.9756412479437076e-05
   524   6.3129437731555347e-05   7.3124600324322073e-05
   525   2.1392650599742207e-04   9.1969401844308710e-05
   526   1.1910050934775066e-04   1.2669973478342995e-05
   527   5.2085300445957759e-05   2.6880398241599122e-05
   528   1.8435630529429550e-05   4.4454530246695557e-06
   529   9.1822799633352052e-06   5.5958872759772708e-06
   530   1.9994147894703434e-05   3.9937348808790114e-05
   531   2.4855944490373509e-04   4.9464004314643057e-05
   532   1.0446596541243867e-04   7.2998847680555545e-05
   533   8.4627588703112112e-05   6.8596388826724482e-06
   534   6.8744884048951333e-06   5.4141870070188386e-06
   535   3.7291375498470268e-05   6.5109171931678316e-05
   536   2.6806984988059787e-04   2.9811411244486174e-05
   537   1.1900540017298988e-05   2.3207967165792329e-05
   538   1.7300849967538207e-04   2.6577231365396873e-05
   539   2.2410764546650362e-05   1.3132418146506826e-05
   540   3.0413871349741480e-05   6.7246926589344362e-06
   541   6.7944390292182852e-06   1.5418027791593087e-05
   542   9.6136810777192226e-05   3.4810672787391425e-05
   543   2.4216379502803119e-04   7.5323877708401209e-05
   544   2.9313660477141534e-05   2.5719167604851361e-06
   545   2.4688644198029344e-05   2.5040395544008433e-05
   546   5.8267286937729127e-05   5.6437419273770198e-05
   547   2.3895444888905062e-04   7.1802160392259846e-05
   548   1.2079827721420907e-04   6.2386148782596183e-05
   549   1.0517353418366160e-04   1.5901842179138225e-05
   550   5.1881576610916136e-06   2.9121626705871219e-06
   551   2.7280049100014066e-05   2.8130420276070225e-05
   552   1.6741111517260709e-04   3.6142681464760382e-05
   553   1.6782683134161990e-05   6.6248436658212916e-06
   554   1.3750598946350630e-05   2.5996991324036924e-05
   555   2.6833010178405932e-04   1.9301839906214332e-05
   556   1.7743263422992735e-05   1.7272236105008679e-05
   557   2.4761745277733589e-05   8.1957409367063022e-06
   558   1.3642988736515280e-04   1.3664117809819215e-04
   559   1.6455144271880604e-04   1.0309562574585619e-05
   560   6.7764497106804583e-05   4.0929804678558514e-05
   561   2.9219132776231540e-05   7.1415429857939067e-06
   562   1.3666457163604383e-04   4.6898688028492737e-05
   563   3.9258894745803228e-05   4.7376232214536044e-06
   564   7.1751855279058128e-06   1.3697927565774524e-05
   565   1.5683034206821937e-04   6.0712375803283523e-05
   566   3.8316004518771727e-05   4.3003677011480752e-05
   567   2.5432280079291383e-04   4.2413369034765117e-05
   568   7.0670412097770377e-05   1.1094954274854208e-05
   569   9.4324769015662880e-06   7.7319132238950316e-06
   570   1.7377648012320438e-04   1.3577518782538364e-04
   571   1.2664164549819031e-04   8.1048784315720915e-06
   572   2.0386706843764700e-05   8.8448707136388329e-06
   573   1.4031326133689138e-05   1.3644031684921768e-05
   574   2.9589252360161252e-05   6.5768098104620887e-06
   575   1.7238703797902464e-05   4.0763030687321346e-05
   576   1.4316484696967965e-04   9.4694380936509155e-06
   577   1.0993228989725872e-04   8.2211856099509699e-05
   578   2.0236197907759623e-04   7.4542090986000911e-05
   579   7.1566499876040503e-05   2.7526426153847742e-05
   580   6.1586756240019353e-05   6.6552179490375222e-05
   581   1.4173760712910522e-04   4.5694472013637484e-06
   582   1.1335868133029694e-04   1.3870104494248463e-04
   583   1.7769133660274427e-04   1.0889936815178687e-05
   584   2.0011349516526295e-05   7.2608581090554334e-07
   585   1.4606656446691468e-05   1.2013714368217983e-05
   586   1.7419787256604748e-05   1.5734461902738164e-05
   587   5.4154431829843209e-05   1.5227738689211392e-05
   588   3.4395328702588814e-05   6.4527472779062360e-05
   589   2.4803951642424514e-04   3.9467531850493252e-05
   590   4.1686191103828014e-05   1.5440806939123311e-05
   591   1.1899639085486425e-04   6.3814145569079952e-05
   592   4.4066838336710084e-05   1.5595816538916867e-05
   593   2.3691377941158630e-04   7.9937139111779581e-05
   594   1.0336608508349312e-04   9.5089685958664311e-05
   595   1.3136075480448052e-04   2.2640503679739368e-06
   596   9.7415284920762586e-06   2.0876049596520045e-05
   597   8.5033930782419398e-05   1.6803201689239659e-05
   598   1.4225318766623486e-05   2.1363235222146036e-06
   599   5.9123799762766627e-06   9.2735641743429673e-06
   600   1.9730419616303027e-04   1.1965429470638747e-04
   601   8.0969016106359807e-05   1.5817353758960702e-06
   602   1.9608643273659210e-05   2.9684532139525037e-05
   603   2.3379594728499965e-04   1.0322314210952690e-04
   604   7.7991202086317819e-05   1.8300949108492107e-05
   605   9.7639946031109141e-05   7.1943436890659255e-05
   606   6.7196697997941616e-05   1.0216735837850711e-05
   607   1.2689422434623691e-04   6.8367263815827356e-05
   608   8.5471515380416480e-05   2.4955479402470362e-05
   609   3.8444635611651236e-05   2.1675755105715502e-05
   610   2.8633696279622333e-05   1.1378357624747883e-05
   611   2.9147217543054535e-05   7.4234585498260253e-06
   612   8.5219577995767742e-05   1.1856515735162517e-04
   613   1.9675491910732832e-04   1.1076259123061604e-05
   614   1.2297995195487491e-05   1.6583734370166847e-05
   615   1.0369322361174697e-04   5.2114194233528705e-05
   616   2.6445555433031632e-04   4.8956499173096490e-05
   617   2.1253541732112621e-05   9.8251932188125012e-06
   618   1.1056089516805890e-05   4.2359738228071816e-06
   619   1.5868155623478217e-05   1.1905410921294857e-05
   620   1.6191781019131500e-04   3.8881354304501485e-05
   621   3.5633000346098132e-05   4.4261839859179370e-05
   622   1.3719074740584843e-04   3.8276446576370654e-05
   623   4.3104001297216531e-05   1.0173627371965595e-05
   624   5.3552656017491684e-05   1.0221911596210619e-04
   625   2.2456780452583954e-04   1.5333532614665125e-06
   626   1.9518648451694791e-05   5.9906094396916308e-05
   627   2.6883417409135756e-04   3.9773144381118667e-05
   628   2.6345774806673399e-05   8.6039708217394971e-06
   629   3.6310757329641886e-05   2.8408509028346708e-05
   630   3.4398155630500496e-05   1.7087277167566147e-06
   631   3.4788311873429940e-05   4.0601306474255926e-05
   632   6.3111122338030791e-05   1.4203012393654214e-05
   633   2.0417868047580384e-05   1.3512894879592197e-05
   634   1.8412489371630319e-04   5.2755252813577329e-05
   635   1.3791665247149006e-04   1.1899578605346858e-04
   636   1.2938154291057644e-04   2.5106174462726560e-05
   637   1.4167199592590325e-04   4.9787842455194211e-05
   638   3.9701255176453147e-05   2.7300199527417188e-05
   639   2.3733232523371267e-04   1.0070486593230925e-04
   640   7.5174674734510786e-05   9.2253038705803288e-06
   641   1.2447898458709225e-05   9.6792561343724990e-06
   642   1.9164550343130498e-05   2.4381185542968094e-06
   643   6.6920488591145976e-06   1.2011900431476330e-05
   644   3.3362039825810018e-05   6.6062416138731237e-06
   645   1.4583020895639761e-05   1.1937800745756604e-05
   646   2.3686685709146458e-04   9.0354732307118844e-05
   647   4.0729464380806516e-05   7.0334804020826064e-06
   648   1.9462051323872133e-04   1.1336977947068901e-04
   649   1.2208620539661520e-04   6.3737557241581251e-05
   650   1.2442903329333227e-04   5.7350230269553769e-05
   651   1.1141183416103089e-04   2.5022426445762883e-05
   652   5.6687087643326584e-05   3.6988921130444746e-05
   653   5.0396773765352724e-05   4.4710209331504330e-05
   654   1.3414199040294878e-04   6.0649920521700384e-06
   655   1.2675063734647554e-05   5.8153668854525031e-06
   656   2.0614557842261129e-05   1.7811117047348887e-05
   657   2.0641648185267959e-05   2.0675799971362868e-06
   658   8.3478588972018701e-05   1.2388867278862131e-04
   659   1.9621976282674578e-04   9.0103371286280198e-06
   660   2.1910928209451099e-04   1.1876167235338778e-04
   661   6.9137916999191830e-05   1.0583926038518965e-06
   662   7.0881259710331777e-06   2.9872591640016809e-05
   663   1.7417941524279805e-04   1.3937862280559049e-05
   664   2.3256901494060193e-05   9.4743467222238140e-06
   665   1.7658572512782759e-05   2.6949068208657342e-05
   666   1.1468246380712870e-04   5.4243535016238725e-05
   667   6.5863460299679695e-05   2.4634896675587600e-05
   668   8.0113961809319401e-05   2.4789394699648351e-05
   669   2.6043470755095815e-05   2.7566936193703767e-05
   670   2.6055180383853337e-04   7.1403176326402407e-05
   671   5.1252529814741046e-05   3.0125854623357031e-05
   672   1.5356834561861256e-04   1.1346235070688086e-04
   673   1.6360069715751373e-04   2.6297313378867133e-05
   674   1.8809020318599690e-05   2.2567048693034632e-06
   675   4.6954127117969521e-06   5.6043154407771764e-06
   676   1.4979232205169050e-05   1.4370178946263773e-05
   677   6.7734966337043857e-05   6.2892246724372819e-05
   678   1.4471001574925215e-04   8.4476727940312655e-06
   679   3.9343922386873096e-06   4.3082372047605123e-06
   680   9.7232783352412024e-05   1.2707963967953777e-04
   681   2.0290076408516935e-04   7.8963552335007727e-06
   682   6.1748850670258294e-05   9.2753869956856673e-05
   683   2.0797597689251198e-04   5.1398511498655983e-05
   684   1.5080925121227929e-04   5.3732056757309220e-05
   685   3.3729667049019850e-05   5.8260928456214895e-06
   686   9.6344533143069814e-06   1.1572726013180159e-05
   687   5.3065763730942665e-05   3.3276781206938431e-05
   688   6.3347375443054387e-05   1.1327344486914631e-05
   689   3.1394979065835476e-05   1.1560893857351120e-05
   690   6.8116811551887679e-06   8.5330517909793195e-06
   691   1.8771172432588857e-04   6.1306406451931667e-05
   692   1.6500683316899063e-04   1.0800747653453858e-04
   693   1.4492931317774689e-04   4.1939033658512832e-05
   694   4.3993823179538203e-05   7.8701990045563209e-06
   695   1.6822337021742665e-04   1.3009538008556905e-04
   696   1.0923302131653930e-04   9.5921550097714937e-06
   697   2.2061084333142558e-05   2.7921360779649436e-06
   698   6.6366735239479249e-06   2.4645840074020806e-05
   699   1.4854535661155079e-04   2.1301134852431293e-05
   700   2.1302832609907520e-05   9.8275358851143215e-06
   701   2.9436860241269989e-05   9.3357082842977467e-06
   702   2.2474520687672027e-05   6.6683379770740949e-05
   703   2.7120874564155799e-04   8.8080034170808402e-06
   704   8.1777572437628826e-06   8.6313949582067859e-06
   705   2.1446065352111201e-04   1.0854924410764708e-04
   706   6.7338620000046933e-05   1.2159520628359014e-05
   707   8.0059751126683245e-05   3.0533463037840696e-05
   708   1.9162882105457472e-05   2.7486787045350418e-06
   709   3.6482787329384334e-05   4.5328595006150806e-05
   710   1.4058000604111481e-04   5.9133839362644464e-05
   711   4.4442749455552820e-05   4.1672600554309123e-06
   712   6.0862336196867452e-05   2.4850225811025055e-05
   713   1.1463955526682721e-04   1.1752339722269268e-04
   714   1.6896858612149273e-04   6.8306312250247068e-05
   715   1.6633004527712427e-04   1.2443147155608306e-05
   716   1.2345604458407558e-05   5.4967196782499940e-06
   717   1.3820679018104534e-04   1.3421737851843570e-04
   718   1.3801609315363297e-04   3.6440769949504033e-06
   719   3.2557453060190913e-05   1.2856763524953101e-05
   720   1.0090775367155064e-05   7.9351574568376560e-06
   721   1.9184901787018579e-05   2.7566820093534114e-06
   722   6.5240754995101240e-06   1.0697914870294518e-05
   723   2.4580563243138562e-04   9.8304190241665790e-05
   724   5.5166771009082832e-05   2.0580208074466663e-05
   725   1.3104793719502343e-04   7.0722257799991347e-05
   726   6.5195131858654029e-05   2.5932879802166408e-05
   727   9.8760623211475315e-05   3.9590377986947418e-05
   728   1.2313024557917293e-04   8.6027871901377305e-05
   729   1.4824286465862878e-04   8.7955032487051021e-05
   730   1.6365577346059022e-04   8.6966236998223178e-06
   731   2.0025371400253582e-05   1.7469278660766972e-05
   732   1.8666011648629070e-05   3.4045470151717924e-06
   733   1.6144855791829976e-05   1.3822628983779612e-05
   734   5.3298366580804154e-05   1.8909241349490511e-05
   735   2.1286523421187712e-05   3.7403827690814725e-05
   736   2.7144870974144805e-04   5.5012632514607064e-05
   737   2.5487430852104558e-05   5.3539718954370979e-06
   738   1.2268040482313341e-05   8.1379090832491341e-06
   739   2.1862583432749787e-04   1.0616585260566432e-04
   740   5.8375670502789991e-05   1.8108891408672232e-05
   741   1.7761834281422654e-04   1.5314119802964718e-05
   742   2.9311999011716333e-05   4.0360301523262203e-05
   743   1.3207363850615815e-04   3.9480812774063277e-05
   744   2.6036797496177297e-05   7.3943113249104610e-06
   745   3.4331079846788531e-05   9.3018124433311771e-06
   746   6.7025072088241449e-06   1.8469759404653529e-05
   747   2.7636505678408968e-04   4.8172791953018869e-05
   748   6.2742374910423524e-05   4.3338017732330142e-05
   749   4.9867556927801574e-05   7.4460119575463409e-06
   750   1.4100094886000924e-05   1.8103323923011633e-05
   751   2.0633615958268376e-04   1.1107265670963800e-04
   752   8.1929712986530392e-05   5.6507043539415220e-06
   753   9.6427179041846504e-06   1.0949761191904049e-05
   754   3.9360533616562818e-05   2.4085166685914905e-05
   755   1.6073321340057402e-04   4.5431554914280006e-05
   756   4.0330208148730438e-05   3.1337387754347404e-05
   757   4.8159030280481076e-05   2.5317422444644195e-05
   758   1.4931910925030756e-04   2.0491724283645121e-05
   759   1.1351459877913276e-04   1.3500167966814513e-04
   760   1.8190823199833579e-04   6.5600507283590768e-06
   761   6.1172211697091975e-06   2.9472448052961068e-06
   762   2.9468235127864251e-05   5.1889341897498320e-05
   763   2.3484702962406871e-04   7.7206901967434192e-05
   764   4.7302971664841939e-05   2.8123290281883407e-06
   765   1.1327041083476063e-05   5.7117224964038731e-06
   766   3.3232620074040382e-05   4.1805801723518313e-05
   767   6.4734783350618998e-05   2.5612640530276157e-06
   768   1.2315428198527161e-04   8.9206829903628389e-05
   769   8.2167261928811161e-05   5.9219143435642612e-05
   770   2.6535848474429049e-04   1.2285838517306044e-05
   771   3.7916553224057664e-05   6.4016684061909268e-05
   772   1.2134155548229638e-04   7.8386632798650192e-06
   773   2.0416494160561970e-05   1.5310374715100180e-05
   774   2.3266408116287446e-04   9.2113850831827468e-05
   775   5.2433083969058544e-05   1.7398255093798866e-05
   776   5.5997929998451980e-05   1.0599348600123509e-05
   777   2.6532626473806756e-05   1.9300845692006903e-05
   778   1.7712111731677264e-05   1.9465716389469214e-06
   779   1.4160387218780574e-05   1.8751688175259105e-05
   780   2.6521580099408119e-04   7.4410586291761478e-05
   781   3.3279798736110738e-05   9.1467754972329584e-06
   782   1.6301140408301951e-05   2.2576495376855430e-05
   783   1.6154334907176500e-04   4.6706859059164621e-05
   784   3.6121310999084126e-05   2.7099100528468341e-05
   785   1.6251446987483641e-04   8.8780587696870404e-05
   786   1.6702489417970502e-04   6.8826703082762794e-05
   787   1.0770897211273596e-04   4.9318517943958140e-05
   788   9.1455769242801643e-05   3.2094356259872475e-05
   789   2.7766486906821233e-05   1.0467517485610615e-05
   790   2.1716609359349045e-05   2.1045662826718602e-06
   791   3.4443815377371595e-06   6.9651663604499648e-06
   792   2.0839241150401045e-04   1.2351686092341540e-04
   793   9.5886389655261856e-05   1.5180454925954458e-05
   794   2.7092271758217211e-05   7.6930896063168063e-06
   795   9.4392942414031633e-06   6.7756320511377253e-06
   796   1.4413215705124080e-04   1.2955043081823076e-04
   797   1.3821132838219541e-04   2.5823596636402948e-05
   798   6.1501996105107028e-05   1.4255342794994796e-05
   799   1.7453409586370544e-04   2.0336190966591925e-05
   800   2.3027122530285378e-05   5.1024584518509771e-05
   801   1.3787753762868087e-04   1.2070193139356170e-05
   802   2.4075184471281704e-05   4.4845588574985131e-06
   803   4.8018340365228745e-05   9.0868945622581810e-05
   804   2.5014739979113324e-04   2.8197430003603604e-05
   805   6.7024116397024710e-05   4.2196149375090531e-05
   806   3.2550249250169859e-05   1.5537373238250336e-06
   807   2.4314863103769246e-05   2.2762484425603787e-05
   808   2.4222803165704392e-04   8.1995644788380176e-05
   809   3.3077381279111015e-05   3.8016289935491300e-06
   810   2.1431458800246400e-05   1.2921651423276038e-05
   811   2.9177717099061652e-05   8.0277542411962490e-06
   812   6.1443587721021157e-05   7.7769373843886193e-05
   813   1.0869788580966206e-04   1.7283442132391578e-05
   814   1.9003468305595471e-04   5.5883035814615827e-05
   815   2.0032367311248849e-04   1.0898131488344615e-04
   816   7.4024569504762598e-05   5.5917551477707682e-06
   817   1.9488916037573419e-05   2.1863578015142959e-05
   818   5.0722638637520125e-05   1.0220996387739679e-05
   819   4.0127697595518654e-05   5.3428637094118594e-05
   820   2.3772161179454201e-04   7.2042091221833621e-05
   821   4.0302069447329358e-05   7.0305879548171939e-06
   822   1.2844393327531585e-05   1.4577475727044270e-05
   823   8.6912293698126648e-05   1.7529504747310789e-05
   824   1.8804672361207466e-05   1.1746368531208728e-05
   825   3.9799633226787903e-05   5.3790688993184464e-05
   826   2.6837807099420379e-04   4.6926388486490431e-05
   827   1.7589401916992665e-05   1.4822425050411614e-05
   828   1.6508388492467987e-04   4.3094326867713334e-05
   829   2.4820204523699693e-05   2.6794624865808379e-05
   830   1.4712096820317376e-04   2.9226757263544695e-05
   831   2.6040876118114964e-05   8.4816081947815625e-06
   832   2.3449587835678770e-04   9.3748364525972081e-05
   833   3.8778930481684623e-05   1.1494264566789477e-06
   834   1.0808967807032574e-05   3.9915248221188475e-06
   835   5.9388618334515939e-06   1.1418718161506544e-05
   836   2.4138016284358030e-04   1.0217084662119445e-04
   837   6.2255360686044772e-05   1.5426900328644135e-05
   838   5.1272297044350386e-05   2.0093738502145659e-05
   839   2.5710349882087319e-05   1.5830356634626954e-05
   840   9.9017081893142526e-05   6.3680346563124119e-05
   841   9.5050952540365669e-05   5.7217672246518615e-05
   842   8.6883261200463820e-05   1.5581564094814844e-05
   843   2.1173625810755729e-04   1.0010126479357582e-04
   844   8.1881834428595621e-05   5.2635297363564938e-05
   845   1.3900095908871840e-04   2.8048780702885423e-05
   846   2.4380962180615158e-05   5.0069438610830796e-06
   847   2.1676648230335390e-05   1.7559723152035540e-05
   848   2.2762702372104403e-05   2.2584561272986722e-05
   849   2.8339964387438148e-04   2.8748141298197064e-05
   850   4.5070922989494047e-06   6.5002319824243534e-07
   851   3.3885564511762129e-05   1.1743102360969303e-05
   852   6.2613769840154434e-06   1.2429237856931421e-05
   853   2.2900634067930697e-04   6.7793896617698754e-05
   854   1.1574090537258288e-04   8.1838615858976526e-05
   855   1.3416897061401136e-04   2.5653570240788040e-05
   856   1.3619518381488459e-05   8.6518179344256010e-06
   857   1.2593601731036085e-04   5.5269877717033435e-05
   858   5.2512384177563569e-05   8.2345521654928088e-06
   859   7.2965927650373052e-05   1.1731751554790457e-04
   860   2.2107212999645850e-04   2.5225864346999519e-05
   861   8.3908814053490995e-05   2.2013205256218856e-05
   862   2.8346598677445125e-05   2.9409503872133964e-05
   863   5.0240771558557109e-05   3.4592137479349108e-06
   864   8.2549589094959671e-06   8.6693152671978268e-06
   865   5.8507682578123710e-05   9.2803535420226654e-05
   866   2.3122883767093179e-04   1.4973569130274987e-05
   867   1.4235783609452686e-05   6.9722666967724894e-06
   868   4.0329138209490910e-05   6.9659468908987355e-05
   869   1.4584098913324336e-04   6.6533829006783039e-06
   870   9.8294354019233380e-05   1.3086849493543795e-04
   871   1.9704891511433060e-04   1.1509341812324970e-05
   872   1.1512942767663638e-04   6.6868277510576894e-05
   873   4.7560681763662294e-05   3.8735683645136557e-06
   874   9.7982189931226980e-06   4.2065936248109462e-06
   875   7.7105135190799003e-06   9.9193971264341808e-06
   876   1.3509678729972956e-04   1.2418170546698871e-04
   877   1.5794577592905833e-04   2.0632130850282288e-05
   878   3.9390093536435291e-05   2.9624871473117275e-05
   879   6.9132852707748312e-05   2.2848105142334945e-05
   880   2.9058825346147612e-05   8.8213562634622066e-06
   881   2.2725456568982498e-04   1.1220243891572985e-04
   882   7.5333733736679479e-05   3.1901734188514683e-05
   883   8.0818783553260359e-05   5.3441592647750115e-05
   884   1.4991713810980453e-04   1.3749892709652004e-05
   885   2.1607882548844926e-05   1.7403954592246269e-05
   886   2.2994568688361132e-05   1.8665571463802120e-05
   887   1.5153817422092864e-04   1.6014872282450663e-05
   888   1.4797352965870122e-05   1.3534756702307515e-05
   889   2.4095928830357224e-04   8.4386905619353165e-05
   890   3.9780822462103429e-05   1.5221823939925982e-05
   891   3.1746180005591105e-05   3.2970835580418866e-06
   892   2.4309174251409943e-05   5.3015853029274360e-05
   893   2.7458170543594559e-04   2.8653962630268308e-05
   894   1.5146962946695195e-05   8.7337006446526161e-06
   895   9.5650411344572778e-06   5.1612630677272726e-06
   896   1.6118706561038613e-04   5.3821451098870909e-05
   897   2.6221624904534825e-05   1.8155427746310789e-05
   898   8.8732799789848122e-05   1.2305451852825999e-05
   899   3.7132779315596338e-05   4.9166981544568981e-05
   900   2.4538350213669334e-04   4.6633100606224075e-05
   901   1.1470887874570905e-04   7.6718627427127675e-05
   902   5.9440229701349386e-05   4.0809257958260162e-06
   903   3.2160375364577844e-05   2.9043885614177058e-05
   904   1.0340949667003224e-04   1.0412137458150733e-04
   905   2.2762082488360125e-04   1.5941898756610451e-05
   906   6.4880767349801174e-06   3.3179528868432389e-06
   907   1.0110995059453319e-05   4.1649953347566022e-06
   908   8.9539903125686629e-06   9.3071731661790321e-06
   909   3.4376456686545992e-05   5.1078092601009015e-05
   910   1.6674225056485101e-04   2.9836276504694348e-05
   911   1.6842962805297681e-04   1.2157926434944837e-04
   912   1.1592712119726931e-04   7.0453065472516622e-06
   913   3.4297708913663172e-05   1.1718470349099641e-05
   914   8.9483672084513527e-05   8.6071655126981672e-05
   915   1.1617237589751816e-04   7.9514653373537224e-05
   916   2.4063101905590434e-04   1.3212918269844871e-05
   917   2.4531458863817114e-05   2.7387009666448845e-05
   918   7.3255998127317820e-05   2.2090624957831779e-05
   919   4.3577800592822112e-05   8.1633116344421706e-06
   920   3.3927510342839703e-06   1.6740943649934783e-06
   921   1.0011394922241310e-05   2.2648952938887936e-05
   922   2.3192445557334576e-04   8.7334108767145966e-05
   923   7.2983703368666427e-05   1.7063437600694947e-05
   924   5.3567463184158932e-05   5.6292258471348073e-05
   925   1.3362979827891096e-04   5.0777976043185699e-05
   926   6.2997225586704421e-05   2.1292304038740387e-05
   927   1.6440605603267061e-04   1.3290066376534285e-04
   928   1.4263448525063101e-04   1.0459073616491429e-05
   929   2.0360408791070342e-05   1.3009010305647886e-05
   930   1.4375100470155451e-04   3.9721086348207265e-05
   931   1.2587737485337947e-05   1.1475805544574107e-06
   932   1.6190762146365376e-05   8.7279036717917507e-06
   933   1.2301433793284835e-05   3.0983066071024639e-05
   934   2.6491047640026053e-04   3.0460126405251852e-05
   935   2.2919800690621527e-05   3.3944053844712352e-05
   936   7.8587850070141921e-05   3.4614764529758929e-06
   937   1.8193600460789214e-04   1.3294741136684991e-04
   938   1.1317754629873520e-04   3.1085806742034062e-05
   939   1.7239786248818051e-04   3.6311138435457825e-05
   940   1.7440568368722024e-05   1.9932807567974685e-06
   941   7.7434300776867006e-06   2.1551296328377713e-05
   942   1.1769040104813193e-04   5.5302436103606752e-05
   943   6.8649425640836419e-05   6.9105344010034312e-06
   944   3.3611231321356147e-05   3.0268007719071007e-05
   945   5.2010522544689409e-05   6.1316910083109412e-05
   946   2.5123316299353741e-04   3.0747070934199733e-05
   947   2.4949828695896888e-05   2.3693080859468612e-06
   948   1.5650905299763398e-05   5.4018820875315791e-05
   949   2.7658123298294156e-04   1.6353242366057116e-05
   950   7.7453937181105715e-06   1.0413155434704675e-05
   951   5.1808856752436197e-05   4.6216594537916131e-05
   952   1.6175110007898193e-04   1.8179345361005991e-05
   953   1.9096572672303551e-05   2.7023858337291022e-05
   954   7.5644748397110244e-05   2.4237449912295864e-05
   955   2.6246501408518718e-05   9.1620819607612011e-06
   956   8.8489129749154576e-05   7.7445552955046729e-05
   957   1.1881222102637587e-04   6.6336793670360684e-05
   958   2.3198362892063026e-04   3.1516025213724278e-05
   959   2.5700304944087093e-05   1.5648539417119086e-05
   960   2.4240478811912050e-05   1.0085397471797853e-05
   961   2.0178614593703849e-04   1.3010014111581174e-04
   962   9.1535667910200275e-05   3.7058981385899637e-06
   963   1.3117685046110802e-05   7.4128032337227713e-06
   964   1.6821310712860027e-05   9.0353140726308828e-06
   965   3.2820770976397064e-05   5.5333957853298462e-05
   966   1.4990631571654920e-04   3.3076828954870424e-05
   967   6.9281712813963525e-05   9.0598096966774659e-06
   968   2.9009756800941291e-05   7.5571871521450411e-05
   969   2.4848600548785178e-04   1.0254514683725269e-05
   970   1.5816193910107286e-05   3.3100458255320671e-05
   971   1.4722060843514134e-04   1.4658037322990484e-05
   972   4.8636225883166792e-05   1.0110389594489424e-04
   973   2.4185800901591653e-04   2.6100919321625760e-05
   974   8.8330839627547735e-05   2.2678388266696045e-05
   975   2.2510419445851976e-05   8.3396616942959873e-06
   976   3.1857611828474220e-05   8.8357260762533095e-06
   977   4.1096998225276484e-06   1.0650507931749211e-06
   978   2.0899639933952448e-05   5.6696475940127533e-05
   979   1.9845890879953540e-04   5.1945829717111421e-05
   980   1.9770629383066970e-04   8.0729334799294956e-05
   981   5.9389722881263912e-05   3.3188900413708085e-06
   982   1.0099992105987525e-05   2.1540173748054891e-05
   983   2.4982175294244245e-04   9.0576796764375297e-05
   984   6.0037782827860038e-05   2.6438998626274907e-05
   985   1.4323537520945101e-04   3.4209763111612587e-05
   986   2.2368157056024541e-05   1.4673697808897203e-05
   987   4.8180467142052603e-05   1.9466055474421114e-05
   988   2.5231522974369712e-05   1.7983664207117974e-05
   989   2.9605382349398818e-05   3.2169487965151625e-06
   990   2.3933764679520164e-05   3.3935809029410508e-05
   991   1.4118821255759006e-04   9.0296503084839186e-05
   992   2.0206250650608784e-04   3.8947680350015310e-05
   993   1.6045088098735514e-05   1.0695042054480587e-05
   994   1.7729675402040513e-04   2.3030990641687474e-05
   995   6.9121055070508894e-05   8.5186937101128392e-05
   996   2.4797682869522161e-04   4.1831458855215956e-05
   997   1.4994694915706300e-05   3.7977983945159085e-06
   998   1.2481627617469198e-05   8.5050268596817430e-06
   999   1.4334623371754595e-04   4.1175025261726377e-05
  1000   1.6304183333755653e-05   4.9313419667222816e-06
  1001   1.2154764254202013e-05   6.4852436808786860e-06
  1002   3.3192718148692427e-05   6.2167459209129953e-05
  1003   2.5544476657317523e-04   1.4528837650853783e-05
  1004   9.1588520245051613e-06   1.4239717760237942e-05
  1005   3.9208692514670596e-05   4.5934496007961697e-05
  1006   2.6823967199297584e-04   3.5322283348913504e-05
  1007   1.6501703182232266e-04   5.9182685098774895e-05
  1008   4.7504688842466803e-05   2.9212550401071451e-05
  1009   4.9369636027511163e-05   1.2938550533290927e-05
  1010   4.7171304505593029e-05   3.8277055296792772e-05
  1011   5.7892259481686613e-05   8.3421281717140640e-06
  1012   2.0335046725412897e-05   1.2988322074565753e-05
  1013   9.5798159029874467e-05   7.2834895655426996e-05
  1014   6.6220788559408675e-05   5.7984950958330520e-06
  1015   2.2839905217736777e-04   9.9385427617558480e-05
  1016   4.7000716558430780e-05   3.0319914686447258e-06
  1017   1.6053548725473541e-05   3.3170834667885537e-05
  1018   2.6000856155508438e-04   7.7178166600904417e-05
  1019   4.1955111309826652e-05   3.0814960475662892e-06
  1020   3.7970956874964115e-05   6.6456336505468688e-05
  1021   1.4481625584839784e-04   2.5983906688990952e-05
  1022   3.8772113755097939e-05   4.0238799362175839e-06
  1023   2.8718376534017815e-06   1.3229206971965596e-06
  1024   1.7683545983186508e-05   4.5477941395258065e-05
  1025   1.9160648772085435e-04   6.4997657046548084e-05
  1026   1.9789023621087084e-04   5.8503519952635633e-05
  1027   5.6642764574486477e-05   3.8015676202216380e-05
  1028   6.8697746255005635e-05   2.0333131566900688e-05
  1029   4.8409697514715180e-05   4.9398479857721745e-05
  1030   2.4567755576284343e-04   8.5161115382463275e-05
  1031   6.1504106281346611e-05   2.3325962116858145e-05
  1032   4.5746077991009151e-05   5.7540960325852020e-06
  1033   8.2523198227499400e-06   8.5095586901464085e-06
  1034   4.1022496329406124e-05   5.8842952409349991e-05
  1035   1.5484158927190237e-04   1.1942074036715959e-05
  1036   9.1377348171748159e-06   6.7834248248088686e-06
  1037   2.3799266213950719e-05   2.8292041157625139e-05
  1038   2.0639243763006599e-04   1.0824781873635918e-04
  1039   8.5772966909433343e-05   3.9836783572955000e-06
  1040   9.9873917932931594e-06   3.0434042184076609e-05
  1041   1.9922355581373125e-04   6.8480475432477168e-05
  1042   2.1722972208774495e-04   6.4853335390973021e-05
  1043   2.9865527904157609e-05   4.4175375953947222e-06
  1044   1.2193232152227531e-05   2.0259381690961029e-06
  1045   1.1353503536884772e-05   2.7530830653167322e-05
  1046   8.2342863618133026e-05   1.8968064538848497e-05
  1047   7.7306973533297632e-05   7.1664981622868409e-05
  1048   1.2874266010064989e-04   6.3707055788804556e-06
  1049   3.8505071423597117e-05   8.3392119638954021e-05
  1050   2.4025595030640592e-04   2.3541488944957483e-05
  1051   3.7546049784486201e-05   2.8748937731551714e-05
  1052   4.0644193366098333e-05   3.5282557102325736e-05
  1053   2.7752554158804132e-04   3.9220719031577802e-05
  1054   1.4059299393414286e-05   5.1605619500824371e-06
  1055   3.0464711273899189e-05   1.6846168314732117e-05
  1056   9.5941503895704685e-05   6.7175669389116436e-05
  1057   7.5961840663920407e-05   1.6619355434632435e-05
  1058   1.5220612945224605e-05   1.8391100153529505e-06
  1059   3.8296391916294854e-06   7.7284151595502750e-06
  1060   1.7750850673785607e-04   7.7496108675441792e-05
  1061   1.0363614668550194e-04   9.6487138189134736e-05
  1062   1.8290240563481377e-04   1.8173157830447984e-05
  1063   2.1891068577544709e-05   2.5171435764080893e-05
  1064   2.4504399092312938e-04   9.6625210168980557e-05
  1065   5.7549294379596343e-05   1.8517577368005089e-05
  1066   4.9145742825691045e-05   2.9984375342884967e-05
  1067   7.1223563364391547e-05   7.1191322603852008e-06
  1068   1.1361665403494328e-05   6.6706787152299876e-06
  1069   1.6730856107883844e-05   1.5092780699779447e-05
  1070   3.3655324260543081e-05   3.1293426592455791e-05
  1071   1.4705024474029920e-04   1.1558523831567624e-05
  1072   1.5987181535879985e-05   4.7162792418649897e-05
  1073   2.5756153921748453e-04   3.7746185158984981e-05
  1074   4.3363233182369733e-05   3.1432774470448628e-05
  1075   5.9963951653382469e-05   7.7979617896796954e-05
  1076   2.5883701381388308e-04   1.5689280948150064e-05
  1077   1.5797471514776521e-04   5.9340393510244570e-05
  1078   3.5643139994314193e-05   1.2569177708187647e-05
  1079   1.5758463746050195e-05   1.4965239972636937e-06
  1080   2.9882804954933449e-06   4.3581828603541903e-06
  1081   1.3120176936642507e-05   3.3099388707796223e-06
  1082   4.6670178637645846e-05   5.5627643301542598e-05
  1083   1.2274954884254960e-04   9.9598949029925667e-05
  1084   1.9920837715726276e-04   1.0392145557220355e-05
  1085   1.3199331115340814e-04   7.2548299891510751e-05
  1086   1.1751485353384771e-04   1.0175216560668461e-04
  1087   2.1071712215118256e-04   1.9869906986901435e-05
  1088   1.0326980691299777e-05   8.3618167160227752e-06
  1089   3.0387711389137264e-05   2.0980164609659320e-05
  1090   1.1248453480726282e-04   7.9713417258144215e-05
  1091   8.2990048947071632e-05   2.1470841842273889e-06
  1092   1.1912822933002666e-06   2.0419572399748723e-06
  1093   4.2777107924634975e-05   2.8218110486461502e-05
  1094   3.8264927448655118e-05   5.2947231188643953e-05
  1095   2.5358317833838008e-04   4.3455375185574838e-05
  1096   4.4973773028165573e-05   2.6990735117377616e-05
  1097   2.5687179601417367e-04   8.1597545119712687e-05
  1098   4.0382820888236435e-05   6.5111793656207481e-06
  1099   1.0837262234455965e-05   1.4436083747314376e-05
  1100   5.5333518709972707e-05   4.6989036283040571e-05
  1101   1.3200327253818240e-04   1.1831371838339073e-05
  1102   5.9997868485349272e-05   4.5177140620577856e-05
  1103   3.8642295774124113e-05   1.6074304173170892e-05
  1104   1.7477735537974694e-04   2.4083681266698362e-05
  1105   2.3921789977901694e-05   6.3183839459625124e-06
  1106   1.6619301374091096e-05   4.8896224068323297e-05
  1107   2.6359651710437798e-04   3.6433393779260544e-05
  1108   2.9431656980631542e-05   5.4861569298782414e-05
  1109   2.6682083610696467e-04   3.3547217976989942e-05
  1110   2.1641173483131891e-05   5.0243111719845872e-06
  1111   5.8416111309555773e-06   1.7898420852711250e-06
  1112   5.6057175672789773e-06   4.3736074022216646e-06
  1113   2.1880670959837919e-05   2.2475661726762077e-05
  1114   1.2435324725917348e-04   5.7110026247979661e-05
  1115   4.1843813991701983e-05   1.7199541253129331e-05
  1116   1.0966152235649238e-04   6.2867552045772410e-05
  1117   1.5209141528005452e-04   5.3729803840086935e-05
  1118   2.3015552326016562e-04   8.1054227231517646e-05
  1119   4.1032359401330707e-05   2.7005784268082493e-05
  1120   2.4784096832958593e-04   7.0256459134903680e-05
  1121   8.0276666224633894e-05   4.4446372517776379e-05
  1122   4.8131905057765763e-05   7.5221043756084448e-06
  1123   1.6360502408943095e-05   1.3173358834209006e-05
  1124   3.0710931400484498e-05   4.4656072415241444e-06
  1125   3.4243870737478634e-06   3.8387368151939786e-06
  1126   1.3752743964468230e-05   7.7356702788702199e-06
  1127   4.2032854412308130e-05   5.4391910210847620e-05
  1128   2.6423620190791741e-04   5.2593921192204151e-05
  1129   2.3489755892657412e-05   2.6636529385296440e-05
  1130   2.4463802678122642e-04   5.0750938262896651e-05
  1131   1.4551548700603503e-04   8.0309757697153453e-05
  1132   6.0848285828828973e-05   2.5074044420408711e-05
  1133   1.4253094064875372e-04   4.9290204202493874e-05
  1134   4.4768085894464720e-05   8.5694773391324547e-06
  1135   2.2842907484074637e-05   1.6577335898585148e-05
  1136   1.6516092560029071e-05   2.2330263422611679e-06
  1137   3.3614230727235020e-05   3.4268009363135089e-05
  1138   7.1489076132525529e-05   1.3831849305511614e-05
  1139   4.1389963931241223e-05   7.0920979820322919e-05
  1140   2.5297497004799402e-04   5.7175189441740270e-05
  1141   6.1014229623198591e-05   2.5471593417995343e-05
  1142   4.6948356503570952e-05   7.8797952507344047e-05
  1143   2.4464929637278861e-04   6.7607239755172226e-06
  1144   1.1625265519635351e-05   4.4319521578992924e-06
  1145   7.8619962371926779e-05   8.5150754323515783e-05
  1146   1.0919851924882347e-04   5.0246977118167297e-06
  1147   5.7030340673166111e-06   2.1489861569346052e-05
  1148   1.5280309122417239e-04   4.6024091064639106e-06
  1149   1.7669770627446292e-06   1.0708541986373069e-05
  1150   2.7806222219645815e-04   5.0949018013397404e-05
  1151   2.0927461713062095e-05   7.2030851740400116e-06
  1152   1.5510306810464139e-04   1.2960431359552735e-04
  1153   1.2800385406839236e-04   1.6290598162449150e-05
  1154   3.6423048912673730e-05   1.7358068359872842e-05
  1155   7.8965162044361680e-05   2.5295280564886754e-05
  1156   2.4449795541091766e-05   1.1112668515346096e-05
  1157   1.6830665054538543e-05   1.4459119808631088e-05
  1158   1.2686991879065962e-04   7.5686169970734908e-05
  1159   6.8692212397227504e-05   1.8679591358738384e-05
  1160   4.3269407037738457e-05   1.7869055422861136e-05
  1161   8.2197434571805230e-05   8.5444854918251105e-05
  1162   2.4949387983445463e-04   2.8882348254533368e-05
  1163   1.5305271961032965e-05   1.5931206799699741e-05
  1164   1.1437671499314109e-04   8.1171050095496232e-05
  1165   1.1976763017824674e-04   8.3346170895366148e-05
  1166   2.0947167672852521e-04   7.5799574619447873e-06
  1167   3.2977434752303329e-06   3.9171419460362145e-06
  1168   3.0714155591404945e-05   1.4522107039136331e-05
  1169   1.3154176215666467e-05   6.2434447678450853e-06
  1170   1.0633257061465433e-05   2.6320340667991575e-06
  1171   2.2662522375464138e-04   7.4505475388864524e-05
  1172   1.3948435311586760e-04   1.0109237183069234e-04
  1173   1.1101121925697789e-04   2.4413379027401091e-05
  1174   7.9205736574531658e-05   3.2493103507491785e-05
  1175   2.7973547730358151e-05   3.7797944252177172e-05
  1176   2.6288434202633581e-04   2.9795241109954995e-05
  1177   2.2286549294966859e-05   7.6701797903823714e-06
  1178   1.4751342555906550e-05   9.9376493809099018e-06
  1179   1.2586850697996049e-04   5.9767909493119562e-05
  1180   3.4293363659558533e-05   5.6553922541207964e-06
  1181   5.8361082378488775e-05   1.8459595457926680e-05
  1182   8.3595682970910883e-06   1.5939791365897408e-05
  1183   2.8555512837602780e-04   2.1899196228079597e-05
  1184   1.7588376083931008e-05   8.1537280351519227e-06
  1185   2.1397773064866901e-05   5.0496457468805430e-05
  1186   2.4531624366205026e-04   4.2811184604836531e-05
  1187   1.2490196778933485e-04   8.5270792632426195e-05
  1188   8.6327032056426255e-05   1.4642718855330687e-05
  1189   2.9461459466638562e-05   8.2382249883068324e-06
  1190   6.2420718953024892e-06   9.0231545859171293e-06
  1191   8.9255300414000789e-05   1.4177121209073707e-05
  1192   3.5542654646177355e-05   1.4355793732049903e-05
  1193   3.5116449603664656e-05   7.6147443156563476e-05
  1194   2.4308149907206725e-04   5.4113754266715230e-05
  1195   1.4042208057792933e-04   6.0263944678756521e-05
  1196   5.8186643913534080e-05   2.9903942883917936e-06
  1197   1.4496714579472588e-05   4.4227945145571469e-05
  1198   2.6381672958536917e-04   1.6341999588374538e-05
  1199   8.0354506386405562e-06   1.1423059049420305e-05
  1200   4.0348397329498886e-05   3.4908751799238774e-05
  1201   1.5902095108630184e-04   4.3489998944016580e-05
  1202   3.1584657898219872e-05   1.2462692507890455e-05
  1203   5.7138167783903478e-05   1.5382551682091655e-05
  1204   7.7777172681143813e-06   1.0808773542787535e-05
  1205   2.7576376746620159e-04   5.6416164197681402e-05
  1206   2.4244780503563998e-05   5.0206775024861418e-06
  1207   6.9704577897417278e-06   1.3171741805655598e-05
  1208   1.6193669554407010e-04   8.8871769225299543e-05
  1209   1.5819549255679353e-04   7.9381025490895640e-05
  1210   1.1135606073441199e-04   4.5790541813096024e-05
  1211   9.5536639220435279e-05   2.9987710650970419e-05
  1212   2.0914239748799030e-05   2.3602537045342307e-06
  1213   6.9730802819153429e-06   6.0901620970189454e-06
  1214   7.9767909749809838e-05   8.2498987638897554e-05
  1215   1.1221852953474188e-04   1.3825448545302110e-05
  1216   5.7436799398924582e-05   1.0069090895430222e-04
  1217   2.4356633689287576e-04   1.1754222466669474e-05
  1218   8.0971780092773680e-06   2.5571379011012588e-06
  1219   3.9805932719409069e-05   3.3671581289354138e-05
  1220   2.5411803364992617e-04   5.8452323749681478e-05
  1221   1.7645030206633850e-05   6.7033461489512755e-06
  1222   5.5567099336020941e-05   2.1019150011628963e-05
  1223   2.2780171615163719e-05   3.1037551563652032e-05
  1224   1.4607322872670767e-04   1.8707630456925620e-05
  1225   1.2880544334138214e-05   6.3676923027963798e-06
  1226   4.7748587166268214e-05   7.9729926063549177e-05
  1227   2.4707001253786485e-04   5.7610549014955154e-05
  1228   5.2142152602170412e-05   3.8802407496039284e-05
  1229   1.3444037357047083e-04   4.6130308643467291e-05
  1230   1.2012393013828321e-04   1.9737404819231262e-05
  1231   6.2045260229475540e-06   5.1468958717983359e-06
  1232   2.4410572656537104e-04   7.9542378994430733e-05
  1233   4.7537194822424776e-05   1.2135611594859363e-05
  1234   1.8680899025787871e-05   1.1493450856650203e-05
  1235   2.7936548889674314e-05   8.7458479167629174e-06
  1236   6.9533974573247946e-06   5.2626923169761505e-06
  1237   4.6267941371068197e-05   7.7369108368324362e-05
  1238   2.6046607516809706e-04   2.1044685467575994e-05
  1239   1.2648855412992187e-04   6.2724717475216260e-05
  1240   3.4181037599707924e-05   1.8921517978342709e-06
  1241   3.5168450982737028e-05   6.2959938070752565e-05
  1242   1.5775683296707273e-04   2.6880399794899020e-05
  1243   2.0217615470219545e-04   1.0427332042865309e-04
  1244   9.3995352893135988e-05   3.5606143498216447e-05
  1245   3.9864888537862654e-05   3.5577837166556194e-06
  1246   1.0365279003361035e-05   5.2281761527046510e-06
  1247   1.4243877364213867e-05   2.6712584939734634e-05
  1248   8.7150861277277244e-05   2.5854358657138331e-05
  1249   2.6315387693173948e-04   7.2957142492998886e-05
  1250   4.2298671261305940e-05   1.5449760793612148e-05
  1251   1.8999285231238997e-05   8.5753415440281399e-06
  1252   2.2676214166468459e-05   1.1922962013806261e-05
  1253   1.3294148442467222e-04   8.4390054924420071e-05
  1254   1.2695487671306776e-04   9.1421155876401648e-05
  1255   1.8271547528306279e-04   1.5972561555936817e-05
  1256   6.2341935647986575e-06   1.2265943414967917e-05
  1257   1.7875168837282610e-04   1.2748176552539260e-05
  1258   6.1772987494920437e-06   5.9585771818354194e-06
  1259   1.8229283113731641e-05   2.3199092879936695e-05
  1260   2.0681998996196964e-04   1.2017624397695536e-04
  1261   1.0600846201700040e-04   1.0398229356429256e-05
  1262   2.0492535530669570e-05   1.0432374680344259e-05
  1263   1.2441258605683070e-05   7.5942737671275239e-06
  1264   6.7859499378833101e-05   5.3638635446956261e-05
  1265   2.2725198748836816e-04   8.2973622168136611e-05
  1266   5.0646264605483692e-05   7.6972570369360413e-06
  1267   4.6033836729542164e-05   3.8849988950228594e-05
  1268   5.9862039409013152e-05   2.7197543325599444e-05
  1269   8.0688273023266414e-05   6.0936303128940495e-05
  1270   9.8939731059870690e-05   1.7279545129348097e-05
  1271   4.0384555759764379e-05   4.6622885226632226e-05
  1272   1.8200542471105623e-04   5.0541634965930729e-05
  1273   2.0107908556630605e-04   1.1398026590385220e-04
  1274   7.5035888502500254e-05   1.9292416584356530e-06
  1275   1.3203057729837131e-05   2.0613493885489681e-06
  1276   5.6841417515452621e-06   3.5990502596063454e-05
  1277   2.6750725300557650e-04   3.6950387496039913e-06
  1278   3.2617741068803363e-06   4.1159124388683437e-06
  1279   1.7512906561989721e-05   1.2396089099854801e-05
  1280   2.9134433206536052e-05   2.5423506240911401e-05
  1281   2.5054714528385195e-04   8.5046622487162319e-05
  1282   6.2508593783739129e-05   5.4530681124654624e-05
  1283   1.3965066987912711e-04   1.7723265939296331e-05
  1284   5.4411506050158203e-05   6.9452913067010439e-05
  1285   1.3210477636935844e-04   2.8029098887345278e-05
  1286   5.3244772741765264e-05   2.2964632459404312e-05
  1287   3.4987706209769946e-05   1.7645397306075722e-05
  1288   1.1679866370795443e-04   7.1440304349874276e-05
  1289   2.2855913756112219e-04   5.2006883973896696e-05
  1290   2.1310501742934693e-05   5.8068783402245459e-06
  1291   1.1409381854892150e-05   2.5723746738885245e-06
  1292   1.3742662339013713e-05   1.3790741500508630e-05
  1293   1.4167385020659841e-04   1.3658600579692662e-04
  1294   1.5998463951695833e-04   1.0095093671468283e-05
  1295   1.2033519543439045e-05   8.1188086758367901e-06
  1296   3.5167387252738330e-05   9.7706061277396554e-06
  1297   5.9176673963243176e-05   7.4735831290486366e-05
  1298   1.1007355695440301e-04   2.2932587830683625e-05
  1299   2.3563390477570082e-04   5.1235355420332928e-05
  1300   1.6269533454453051e-04   8.0814868714126258e-05
  1301   5.3524130512406083e-05   1.5221046145379649e-05
  1302   3.4050006402672278e-05   2.5573837433622746e-06
  1303   2.7937233825720047e-06   7.8987505694069411e-06
  1304   1.5052441629538049e-04   1.0314927717545559e-04
  1305   1.9481691610860841e-04   6.2249819299271458e-05
  1306   4.6504826184756677e-05   7.4064426439633438e-06
  1307   3.5627342168107463e-05   2.7964357972298958e-05
  1308   3.6401420228512936e-05   7.4597974485675241e-06
  1309   1.8441934368338193e-05   1.4100573567091683e-05
  1310   1.4784426155865004e-04   1.3105513404115809e-04
  1311   1.3363382625375056e-04   2.1500152860623377e-06
  1312   7.6022385227523070e-05   8.4890139810956346e-05
  1313   1.0812216529822319e-04   1.8416882766160729e-05
  1314   4.5261780488995379e-05   3.8191030191829066e-05
  1315   1.4028584023577945e-04   2.5824543755626092e-05
  1316   5.0759237129244544e-05   9.2464275116606797e-05
  1317   2.5080682229914496e-04   1.3850956990341935e-05
  1318   1.6865864824277772e-05   6.4577443485708294e-06
  1319   1.5490971217011185e-05   6.9585895236823511e-06
  1320   7.8908478774013799e-06   7.3192193171077983e-06
  1321   8.2614241690419786e-05   1.0280467958648443e-04
  1322   2.0837444806320646e-04   3.8567874352076417e-05
  1323   9.2149784990887873e-05   1.6204435778067412e-05
  1324   4.7832759467371730e-06   1.0997263076656583e-06
  1325   1.5738870271940023e-05   4.5201067883599651e-05
  1326   2.2622517318706669e-04   7.6041436946807945e-05
  1327   1.4922600931828019e-04   6.9237545132180541e-05
  1328   1.4118127289085102e-04   2.0853352037731860e-05
  1329   1.4363095961015761e-05   1.8331933429340303e-05
  1330   1.1109784188293233e-04   5.9248390407435891e-05
  1331   7.1786692272257334e-05   1.6640864881606142e-05
  1332   1.3826321618767345e-05   2.0962558409756465e-06
  1333   1.0784008917436606e-04   1.2893163301385787e-04
  1334   1.7073673240749490e-04   1.2649712169305386e-05
  1335   2.9048337866899816e-05   1.2532132939324027e-05
  1336   1.6850637533723472e-05   9.8423402398904626e-06
  1337   2.0247380723439572e-05   3.2308804270931846e-05
  1338   2.8122357936622501e-04   2.9248206922037869e-05
  1339   1.2952703133740834e-05   1.3950702491077376e-05
  1340   8.0415976801082899e-05   2.9868488850238348e-05
  1341   2.5524633272342810e-05   3.1690185988403440e-05
  1342   1.7242572734167778e-04   1.4639244220321060e-05
  1343   9.8254271196118617e-06   8.0034483688948374e-06
  1344   8.3679199403956640e-05   9.7478207308242381e-05
  1345   1.7123615956891473e-04   6.7963012190600457e-05
  1346   1.7566818739403551e-04   3.6414091434195136e-05
  1347   4.2179902682126588e-05   6.1202609167595808e-06
  1348   2.8322354972837235e-06   6.3917644085668836e-06
  1349   7.8924273426124968e-05   6.2254267765829628e-05
  1350   2.6088116187320269e-04   4.8116307445072654e-05
  1351   2.5704972742422087e-05   1.0823266598619780e-05
  1352   1.5580069941919179e-05   4.7546091156225297e-06
  1353   8.5510513776486378e-06   2.2763093602828084e-06
  1354   1.5821801975607610e-05   5.2590844704205539e-05
  1355   2.0512904872969090e-04   4.7082017508991958e-05
  1356   2.3213094701085782e-04   1.4564136676921642e-05
  1357   6.3731815274643223e-05   4.1433645959738473e-05
  1358   3.8439171294708475e-05   1.5820083940153210e-05
  1359   5.7490731978069473e-05   6.1448984045363937e-05
  1360   1.1833523104743941e-04   1.6502736388522269e-05
  1361   2.5863198193362154e-04   8.2415921711054502e-05
  1362   4.3909528038913975e-05   8.9904195117632035e-06
  1363   3.0756503493226625e-05   1.3020543928249583e-05
  1364   9.3123251673452778e-06   4.0037084436565476e-06
  1365   1.0250751000906284e-05   5.3945765393277405e-06
  1366   1.7548650434035459e-04   1.2497715497538129e-04
  1367   1.0950745002394140e-04   1.8956369602756904e-05
  1368   4.1926117230545914e-05   2.2370488917749088e-05
  1369   7.2193350737162625e-05   6.3411463383372451e-05
  1370   1.3355793887691588e-04   3.4990551818765299e-05
  1371   3.8822035795006203e-05   1.2127629781771488e-05
  1372   1.5179962752335607e-04   1.3606976002391978e-04
  1373   1.5147955564343682e-04   1.0852467032373677e-05
  1374   2.0124791694101277e-05   3.4358062730966125e-05
  1375   1.4567113361716325e-04   1.5490268205196305e-05
  1376   8.5493260912775688e-06   1.0046425664294118e-05
  1377   8.2856939396530488e-05   2.5218971676219068e-05
  1378   2.5731279640232955e-05   2.5120045314303623e-05
  1379   1.4277571222296839e-04   1.2351357431128661e-04
  1380   1.5230332225867190e-04   2.8018412668052001e-06
  1381   2.2257598220972820e-05   8.1451539016981795e-06
  1382   5.8481447536181816e-06   1.5054189411756276e-05
  1383   2.5139745572964450e-04   6.8829623047563033e-05
  1384   1.0778681383126014e-04   9.0390822735495773e-05
  1385   1.2148962523099315e-04   3.2956698384293090e-06
  1386   2.2397634949460558e-06   4.5548612711369805e-06
  1387   2.5182157953330656e-05   2.4258776610112197e-05
  1388   1.4953714356863323e-04   1.8096617356569475e-05
  1389   3.0903387481160797e-05   7.0983595486078790e-05
  1390   2.3405042547042782e-04   5.8321827943115230e-05
  1391   7.5272668306886089e-05   5.4457534019349104e-06
  1392   8.5614821181525411e-06   6.7307128889270572e-06
  1393   3.4740282420466593e-05   4.3749028733028913e-05
  1394   1.1334585720783953e-04   8.8350770663736053e-05
  1395   2.4109668379481707e-04   1.1520807798526636e-05
  1396   2.0935165902236988e-05   1.8427483422401680e-05
  1397   3.0818114940857825e-05   3.4935842693867733e-05
  1398   1.7103778653913959e-04   1.4826206409684482e-05
  1399   5.8065567989391018e-06   2.8163942849468082e-06
  1400   4.0392121675970049e-05   8.5200618656016794e-05
  1401   2.3945097458386982e-04   2.0258811264183254e-05
  1402   2.2806153288221100e-05   2.5189662136412833e-05
  1403   1.0657655868858825e-04   6.1067107700594757e-05
  1404   7.2440953804758215e-05   6.1023843956600323e-06
  1405   1.5714287858493426e-05   4.1833865253501014e-05
  1406   2.6745177200824594e-04   6.0241876511880026e-05
  1407   3.5493025012880595e-05   5.1480578984794319e-06
  1408   2.7265331763381352e-05   1.3561292838504328e-05
  1409   1.4006684195909556e-05   5.4021425642405567e-06
  1410   7.5394600718067022e-05   6.7959138155264251e-05
  1411   1.0280351402874773e-04   5.7388619317558317e-05
  1412   1.0304760923079089e-04   4.6563126851312381e-05
  1413   2.2879600658230016e-04   7.1963956184867967e-05
  1414   9.0419301378555537e-05   2.4634888288338812e-05
  1415   2.9803277205082540e-05   7.2437040241519272e-06
  1416   1.9766239159763997e-05   6.0850195507371882e-06
  1417   1.3387020775807798e-04   1.4096092379957531e-04
  1418   1.5787065878505632e-04   1.4909081981835934e-05
  1419   1.3268406407782027e-04   5.3773215309517768e-05
  1420   3.3253822660921333e-05   1.8525108357123361e-06
  1421   7.5720255805354355e-06   5.8620164188194747e-06
  1422   8.5309695129406475e-06   1.5319809028217876e-05
  1423   2.2683811003096639e-04   9.6675375961605603e-05
  1424   6.3141237878406735e-05   3.7595437056917432e-06
  1425   1.3037619124364890e-04   7.9698878133298303e-05
  1426   5.3835074078753570e-05   3.0789753024255393e-06
  1427   6.8300171968089095e-05   9.3308217472042417e-05
  1428   2.1507547661590241e-04   7.9687467432799875e-05
  1429   9.6922343336213523e-05   2.3126094892015786e-05
  1430   4.2159677874603171e-05   8.5637658692278432e-06
  1431   9.4564192105446674e-06   9.2929556815918654e-06
  1432   8.0310605579885061e-05   5.4533286787341035e-05
  1433   9.9221182522167835e-05   4.2526855506808467e-05
  1434   5.0742876213166920e-05   1.0173393384450021e-05
  1435   1.2381055068964213e-04   1.3210907694840529e-04
  1436   1.5429893965553145e-04   8.3108272540709840e-06
  1437   2.5524629125620504e-05   9.1542419365575942e-06
  1438   2.4451732189694641e-05   1.5134754672487463e-05
  1439   1.2530191646958498e-04   1.3566616072246089e-04
  1440   1.7290496706876910e-04   1.4949120605150973e-05
  1441   1.3965449113219274e-04   7.3070849237034255e-05
  1442   5.1777361642314845e-05   7.3853189199723675e-06
  1443   3.0688895100391792e-05   9.3826829496121455e-06
  1444   1.9277423123825194e-05   1.3175690177452546e-05
  1445   1.5354882784174559e-05   1.0707615862095338e-05
  1446   2.2775735531608079e-04   8.5345827119787554e-05
  1447   9.4580379753536850e-05   5.2550763746080746e-05
  1448   5.5306120637768820e-05   2.7361622119066984e-05
  1449   1.4517969089466215e-04   1.6494493432649034e-05
  1450   1.1065736426983051e-05   9.7756525123808421e-06
  1451   2.6530826453194508e-04   7.6979995300755749e-05
  1452   2.5863033306050053e-05   2.0196868227294073e-06
  1453   1.8127410949461331e-05   2.1720178604579333e-05
  1454   6.3275750927145260e-05   4.1276062472658790e-05
  1455   1.4329217673004645e-04   5.6700041997785359e-05
  1456   3.6883161430450861e-05   1.4488813826146222e-06
  1457   4.6574191624748599e-05   9.4387907474844363e-05
  1458   2.3092389882715855e-04   2.2620516291561048e-05
  1459   2.1550329550420012e-05   4.7160931078329020e-06
  1460   6.1532315073037730e-06   1.3758710743624700e-05
  1461   2.6070707502274095e-04   6.7267955426013253e-05
  1462   8.8203509276562662e-05   7.6958108034662329e-05
  1463   9.9712982617720464e-05   1.5857927786492816e-05
  1464   5.4056985147829577e-05   2.5922941732295759e-05
  1465   7.5305535464046527e-05   1.3643254239075294e-05
  1466   4.7146914806418091e-06   2.6534920560530044e-06
  1467   3.3940595919445297e-05   2.5679613459417365e-05
  1468   1.5783909966438929e-04   8.0218546114964187e-05
  1469   9.4180735508209889e-05   8.7897259498824137e-05
  1470   2.0641022976490079e-04   2.2383318423151872e-05
  1471   1.9804951027380527e-05   7.0634941660212110e-06
  1472   1.9357034764724449e-05   2.1553182449199227e-05
  1473   2.7560267791270563e-04   0.0000000000000000e+00
