  1086
     1   1.7727202057932485e+06   1.2649300882964602e+06
     2   1.1214136091845790e+06   1.4942447564577097e+06
     3   1.2093718796646472e+07   2.5756796634052037e+06
     4   4.5831432079687929e+06   1.2120231972048373e+06
     5   3.9638126487276261e+06   9.6780486351316620e+05
     6   1.3133827922839860e+06   1.4569398836519136e+06
     7   2.5418643244691193e+06   3.1941427039904142e+05
     8   2.0838076448724535e+06   1.1306819113596415e+06
     9   1.4871656844445183e+06   6.3742808084865252e+05
    10   6.8776091166952776e+05   3.1019043655212899e+05
    11   1.5414149877230336e+06   5.5423940609446447e+05
    12   6.7912494597853965e+05   1.7445979862324966e+05
    13   1.4051895938555370e+05   7.2361219461462068e+04
    14   1.2627917980977721e+06   1.8251493542664221e+06
    15   1.1284489420040086e+07   4.0582276413387130e+06
    16   2.1845643114618831e+06   2.4306695163376135e+05
    17   4.4523001142612065e+05   1.5694182800915657e+05
    18   2.0645547462621835e+05   6.4879671771836402e+04
    19   4.3708161722246220e+05   1.2872075868174101e+06
    20   4.8656011582865044e+06   2.6472426871122175e+05
    21   1.8665034398405859e+05   6.5363579017578792e+04
    22   1.3283771341289629e+05   5.6624541124603758e+05
    23   3.5319105731008416e+06   2.4542878367122443e+05
    24   2.0887076780076174e+05   8.8499929833350796e+05
    25   1.2444485769491680e+07   2.3862144246515636e+06
    26   3.0812130501799514e+06   9.1782524059552967e+05
    27   6.2548195134616119e+05   6.6048193458928750e+05
    28   2.1536953759720945e+06   7.5184744319556537e+05
    29   1.2449867218182893e+06   2.4263507903951910e+05
    30   2.4777800053087831e+06   7.7615833262164018e+05
    31   3.0829135244800657e+05   4.2939852656737152e+04
    32   6.7168246922488499e+04   7.0998702956858426e+04
    33   2.0129004577434142e+06   8.2570720851989184e+05
    34   4.3500467819743883e+06   1.7185945068445615e+06
    35   8.2909226104913955e+05   6.7952767184418323e+05
    36   1.2838160905760692e+07   1.5891699995330488e+06
    37   5.6598862689936510e+05   1.7610429143590745e+05
    38   3.0207770014752407e+05   1.9542304119949066e+05
    39   1.1370278744698823e+06   5.3858518024910730e+05
    40   4.7240081424554618e+05   3.3563446471092541e+05
    41   1.1572880602827333e+06   5.4798579004142084e+05
    42   3.4365915621698387e+06   5.3508267779820529e+05
    43   1.2488690412316257e+05   3.5992356354508447e+04
    44   2.1900212809317172e+05   1.4838620687878242e+05
    45   1.4171273097735315e+06   3.1772102507022857e+06
    46   1.1092757776914632e+07   3.2326905116485073e+06
    47   3.7494800354525754e+06   1.1889051743480418e+05
    48   5.4872207514013420e+05   1.1900202998088629e+06
    49   3.5126475796492137e+06   1.4349658025634838e+06
    50   3.7205507962484080e+06   4.5077211634181847e+05
    51   4.9286625928966870e+05   6.6140784008156520e+05
    52   2.5096971156571512e+06   3.4158220496497798e+05
    53   1.3860689327877414e+05   3.5125423938022657e+04
    54   2.6831564157173753e+05   2.5154871065184590e+05
    55   3.2246456217496237e+05   9.2465405096464994e+04
    56   7.4756920199172040e+06   6.1040355395953385e+06
    57   6.3570198487354340e+06   9.1211986458776542e+05
    58   1.3867614148764103e+06   4.3363119198697276e+05
    59   3.4639150294629770e+05   4.2067355010266724e+05
    60   3.3776617464122605e+06   7.2995281633763935e+05
    61   1.0705396485581941e+06   1.6467035296612373e+05
    62   7.1806640177473571e+04   2.1708534246543143e+05
    63   5.1649832385680228e+06   5.1301142363852879e+05
    64   1.0325115435733864e+05   1.6073132598414394e+05
    65   1.4965261549970980e+06   1.5807269722421424e+05
    66   9.9658371002325183e+05   1.6033297458515230e+06
    67   5.0268695811406877e+06   4.8173064924000474e+06
    68   1.0117909447488734e+07   8.4920239244398486e+04
    69   2.0092533578125355e+05   6.4107145592320338e+05
    70   2.2474797928631105e+06   3.9754719983930507e+05
    71   1.1116606455921629e+06   3.7143148672687699e+05
    72   1.0556665637160684e+06   1.2533840154017960e+06
    73   1.8006448352274196e+06   1.2027899169603283e+05
    74   1.1879034941569566e+05   3.7700001609605031e+04
    75   1.2307550241047834e+05   3.8343507239289850e+05
    76   4.4618875646234881e+06   1.5200402959082662e+06
    77   1.5676583042570581e+06   2.0193037562969865e+06
    78   9.0700318761465829e+06   4.6942245708396072e+06
    79   6.9981266897397153e+06   6.8298090686346346e+05
    80   4.7170119694464118e+05   8.7611687575328120e+04
    81   1.4046632761678981e+05   3.7584532206418569e+05
    82   1.7671335441382490e+06   2.4891970446060668e+05
    83   1.3875590014489999e+05   4.4366229835684739e+04
    84   9.0229766029171842e+03   2.9476853808527248e+04
    85   9.8079308426134801e+05   1.3785509246129554e+06
    86   2.0769885822922410e+06   2.9777645723744592e+05
    87   4.7042384184845667e+06   5.7280014144582869e+06
    88   9.1355046663163789e+06   5.2439584821034002e+05
    89   3.6452400539123849e+05   4.1082448591465561e+05
    90   2.3822898668740899e+06   5.9626715731863037e+05
    91   3.1609494041957245e+06   2.1655362983332723e+06
    92   2.5525728619904406e+06   1.0161222401593624e+06
    93   1.1396732994276315e+06   1.5653046152367035e+05
    94   2.5855084004153786e+06   6.2970546339385083e+05
    95   5.0389518041642883e+05   2.4144176358804334e+05
    96   3.3398671874278481e+05   2.9113788435568433e+05
    97   3.2294299726253198e+06   1.0960305835578463e+06
    98   5.4465915616480471e+05   5.2239648502730834e+05
    99   1.2021826385132961e+07   3.4706018903123364e+06
   100   1.4402661128051905e+06   9.2705200953643434e+04
   101   5.0352503916787507e+05   3.3290557210724952e+05
   102   8.1008246031700878e+05   2.6042410997767572e+05
   103   1.4051928093261126e+05   2.4518834978540614e+04
   104   5.4079768456945755e+05   8.1807788020215323e+05
   105   2.1775423351650280e+06   1.4681237187433532e+06
   106   4.4212053912151717e+06   5.6038244171796436e+05
   107   1.9147288097080719e+05   1.2979857786521575e+05
   108   3.1101694510684409e+06   1.1581914177639354e+06
   109   1.1887675281872964e+07   3.5536933101378120e+06
   110   1.1259247432755698e+06   2.6193968799472066e+04
   111   6.7521015736328496e+05   8.9271860499173799e+05
   112   2.0651510785912254e+06   2.5454706529328509e+05
   113   9.5818426891623967e+04   1.0876647517096992e+05
   114   3.1451514655929664e+06   5.8049568173318391e+05
   115   1.9073577734813956e+06   1.5064355079532969e+06
   116   1.4322078662303952e+06   3.1227198270743364e+05
   117   1.4411993006958833e+06   3.0453720287642122e+05
   118   2.7310755844178901e+05   9.0688636116092757e+05
   119   1.2657263463476980e+07   2.0884209934299060e+06
   120   8.5729506243009935e+05   3.5671079869222391e+05
   121   3.4120512430278515e+06   2.2707451933572870e+06
   122   2.3032709803085811e+06   4.2528835073680850e+05
   123   4.8412049506137177e+05   6.7005376269492859e+04
   124   9.3459432107236076e+04   7.3538204940354743e+04
   125   1.1453340462607177e+05   2.2858150916237173e+04
   126   8.9858569028321619e+05   1.2293768651648399e+06
   127   1.9561644769731462e+06   6.3065211903575389e+05
   128   2.3243555126474737e+06   2.1604609801670439e+06
   129   1.2294039327224385e+07   2.0062590219688646e+06
   130   1.5492404463561976e+06   2.7476053633436747e+05
   131   1.1949441810258137e+05   4.8265413738591917e+04
   132   1.4958313371606867e+06   1.2737642440162909e+06
   133   1.3101256818058868e+06   6.0831259682786977e+05
   134   3.3156664496132680e+06   7.4408678723978403e+05
   135   1.4852049465889228e+06   1.7147536448876190e+06
   136   4.3532410557336649e+06   2.8423583002863859e+05
   137   1.4046702305144299e+05   2.1939120722659884e+05
   138   2.3703435316996039e+06   9.3157905898013990e+05
   139   6.8333867731145152e+05   1.1462098964340219e+06
   140   1.2817837705673171e+07   1.3958212504862673e+06
   141   4.4771812904512108e+05   1.7940082564242597e+05
   142   2.8251622387097467e+05   1.0072478355666579e+05
   143   1.3365923278506396e+06   4.8278286524002196e+05
   144   1.9369982770527454e+05   8.0317195781763330e+03
   145   3.4002285644460921e+04   5.4237593214864210e+04
   146   1.4610427309341447e+06   1.5030970994650184e+06
   147   1.8208761891317689e+06   7.4541951754312823e+05
   148   5.1634149198725848e+06   2.0269043972598533e+06
   149   9.5332057071233727e+06   5.1901192204252761e+06
   150   4.1581494543885505e+06   3.6709928618678567e+05
   151   3.6098530868268112e+05   2.5238356667373216e+05
   152   1.1895790813980445e+06   1.1321074168616133e+06
   153   1.9454805747271462e+06   1.1388238743262079e+06
   154   2.5238705327516049e+06   1.2031064034945417e+05
   155   7.7686051467781572e+05   1.1614088992154119e+06
   156   1.7477618791612256e+06   3.5668839339152299e+04
   157   3.1715231863764848e+05   5.0376293908321089e+05
   158   7.9528239909877442e+05   3.0496263678080135e+05
   159   3.1613919093811749e+06   2.2641259884320628e+06
   160   1.2138169123599846e+07   2.2888197448485363e+06
   161   7.0204565853848972e+05   1.6696214708195545e+05
   162   3.7340591218845960e+05   1.4479991719003837e+05
   163   1.8511235793696056e+05   4.7244399525009142e+05
   164   5.1416791191336550e+06   4.4969629442360229e+05
   165   1.1577897283288673e+05   9.0249904208699052e+04
   166   3.1255543784225872e+05   2.7637521987774258e+05
   167   1.4194568845518872e+06   2.4265723459533209e+05
   168   2.0010828211943639e+05   6.0190283780027693e+05
   169   3.5214411792664058e+06   2.3958598743137252e+06
   170   1.2416727796410540e+07   8.3475433838368068e+05
   171   1.1699475097151960e+06   1.5752045536088478e+06
   172   2.6344870494354861e+06   9.8253141639356487e+04
   173   6.0175018443380788e+04   5.8168796423304571e+04
   174   1.0556098194671716e+06   1.1318071839032879e+06
   175   1.4356456646853355e+06   3.5211485693782428e+05
   176   1.8293162434557381e+06   4.7329466827794391e+05
   177   5.2406573773349490e+05   2.7112317792116589e+05
   178   1.8928202871424898e+06   2.4296064716240535e+06
   179   3.4454732036555037e+06   1.2434999453618655e+05
   180   7.3056030653638532e+06   6.2885104340348979e+06
   181   6.1923839764320040e+06   6.3016201173325139e+05
   182   1.4852533726044125e+06   1.1341269898754421e+06
   183   1.6738718186096321e+06   3.3248863926303259e+05
   184   6.2406797204009409e+05   2.1283101814477096e+05
   185   1.9237924864423636e+05   4.1992039266644228e+04
   186   3.8321848710591852e+05   4.8395919185315014e+05
   187   7.3978162513493549e+05   4.1543190369504911e+04
   188   4.3541788487698743e+05   1.0392323782632848e+06
   189   3.2766978702536616e+06   4.5451896253365057e+05
   190   7.4721274251522953e+06   6.3015406923666652e+06
   191   5.8793160227026539e+06   9.5754722819521744e+05
   192   2.8910753006218346e+06   8.2979576441500874e+04
   193   1.4613042375607421e+06   1.6055911379935888e+06
   194   3.7637561745296284e+06   1.6825699887517421e+06
   195   1.5767524149311793e+06   1.1673277670227860e+05
   196   1.2518317242600519e+05   1.1847616797571281e+05
   197   2.0214212581549427e+06   9.5017622277664044e+05
   198   6.9961792763179413e+05   5.6079079167916221e+04
   199   2.2896286165949103e+05   5.6653218571323098e+05
   200   1.7849140848977074e+06   1.0716770464882313e+06
   201   1.2846695071071429e+07   1.2841917189308880e+06
   202   4.0955070159727713e+05   1.6722354962277939e+05
   203   4.6564627845658478e+05   7.9051476887621474e+05
   204   2.4258744234774639e+06   4.3693164765752287e+05
   205   4.6630414408985723e+05   8.2626698807679786e+04
   206   6.0327333314388547e+04   1.3648233789868598e+05
   207   5.1278748727714345e+06   6.8862937370100163e+05
   208   1.8243084442689636e+05   1.0242508933837316e+05
   209   1.7473805644747063e+06   1.6969705347670563e+06
   210   2.0262878543970909e+06   7.5230901525964448e+05
   211   1.0970800633613229e+07   4.2612212963677729e+06
   212   4.1059538679189952e+06   1.2538333510423717e+06
   213   1.7820074062784151e+06   4.7165640195901372e+05
   214   2.8060928882013436e+05   1.8303966075267422e+05
   215   9.9181048965392110e+05   8.4554403656431750e+04
   216   5.0608772682608018e+04   1.1890609687648457e+05
   217   1.9150851327676394e+06   7.6882337563251460e+05
   218   1.1127371556588090e+06   7.6132256885311462e+05
   219   1.1262705645489099e+06   3.0284605560130544e+05
   220   4.2585315653209732e+05   1.6663820694487492e+05
   221   6.7231660931825526e+06   6.4380400687304232e+06
   222   6.5276122163854828e+06   4.7701071207150072e+05
   223   4.5705986496573407e+06   1.5795279807478322e+06
   224   1.2977508298549026e+06   4.9068309902635543e+05
   225   1.6350068968981665e+06   4.1159803238576191e+05
   226   2.3135925952103984e+05   4.7102228194784583e+05
   227   2.6846623404985247e+06   7.7197091903123190e+04
   228   1.5991195634371255e+05   1.3963584396089494e+05
   229   1.7941998401655452e+05   2.9194311376525823e+05
   230   3.6091688479560786e+06   1.4717810810437694e+05
   231   1.2516709865646421e+06   3.5878109550848552e+06
   232   1.1618896091956653e+07   1.9094490774918131e+06
   233   3.2591825237261401e+06   8.8485288703553771e+04
   234   4.3768339100663434e+04   1.6898680979855468e+04
   235   3.1997389241228924e+04   6.6699110763063989e+04
   236   1.7188415371490228e+06   1.3202686363012290e+06
   237   1.9352947066287429e+06   1.7112837565370020e+06
   238   4.0776101599096893e+06   6.4034082074287790e+05
   239   1.0895059857841216e+06   2.7804830670018116e+05
   240   1.6080903449272976e+05   2.4252510946363970e+05
   241   4.9424735810766518e+06   5.4894769861847768e+06
   242   9.3024081363236047e+06   9.4396357208814088e+05
   243   4.6079828026025061e+05   2.2623452644573749e+05
   244   7.8827863607683720e+05   2.1927444701727387e+05
   245   5.2464021170393727e+05   6.8575901014739892e+05
   246   2.0835762409406484e+06   8.0618361470254802e+05
   247   1.0313883580336954e+06   6.9647241757033439e+05
   248   1.6771245757801163e+06   2.9263031413910503e+05
   249   3.0076311069806223e+06   1.3192467188568420e+06
   250   6.5803568897547107e+05   7.8778281821864279e+04
   251   3.1343200084842980e+05   2.8629148809859157e+05
   252   1.0142612685516872e+07   4.6692165353395231e+06
   253   5.4833126755957445e+06   1.3540247788890905e+06
   254   9.7032771547870117e+05   1.3238801888200119e+06
   255   4.7598122454157248e+06   1.7828438236012234e+05
   256   1.9779373823591528e+05   8.4376149301098412e+04
   257   1.0077550921777661e+05   8.9545030366915220e+04
   258   5.1650641670704965e+05   1.2112916002004486e+05
   259   1.4820563142511772e+05   4.1088044485227286e+05
   260   2.3647854375052182e+06   4.2020672188825242e+05
   261   4.9805939212261036e+05   5.1086679973553796e+05
   262   1.1566444428605845e+07   4.1288248489471902e+06
   263   1.6498350294538047e+06   3.1520018324498349e+04
   264   1.4935267095459203e+05   2.3932083354311754e+05
   265   2.4957733637432461e+06   1.2146974007040081e+06
   266   2.3214072530552233e+06   1.1420519462801688e+06
   267   2.1697516602245257e+06   2.0934833414610941e+06
   268   3.3678571119629317e+06   5.0866096269676421e+05
   269   2.8012339935873924e+06   1.9123972907232045e+05
   270   1.0608752937254936e+06   5.9469639808291674e+05
   271   7.9901484621582914e+05   7.1404721682491235e+05
   272   1.1589529942817730e+06   3.5852674170890939e+05
   273   1.0543804787054947e+07   4.4617176882940521e+06
   274   5.0796498306315709e+06   1.1876954059769127e+06
   275   5.5644941097354679e+05   1.0272510763580777e+05
   276   1.0048182072199712e+05   1.2506014847620028e+05
   277   7.6045571365442604e+05   3.0205701428780030e+05
   278   2.0181830042417333e+05   4.7218530561095635e+04
   279   1.0988161940170635e+05   1.2247813777916097e+05
   280   7.8716222947229585e+05   1.5859813016449511e+06
   281   4.6339159371679081e+06   2.7282413353740174e+05
   282   2.5891898673338536e+06   2.1960765201317444e+06
   283   1.0803112213445410e+07   4.4190183993527452e+06
   284   2.3222996136134579e+06   8.3829130534348020e+04
   285   6.9042072029621049e+05   1.3711139348009669e+06
   286   3.0024891693273322e+06   4.5058209546292434e+04
   287   1.3183609039051679e+05   2.2530048683991068e+05
   288   6.3629678703211132e+05   7.3601105081567238e+05
   289   2.5118136037296071e+06   1.9247609400130858e+05
   290   2.0769861867212085e+05   4.7520872102753835e+05
   291   2.0004714124544498e+06   7.6490800128048146e+05
   292   2.3846388090295023e+06   3.7068246236053377e+05
   293   5.1886682317683864e+06   6.2919818025965942e+06
   294   8.0225225179975508e+06   5.8699392975043703e+05
   295   1.7836712090610811e+06   2.6698840784779511e+05
   296   8.6911827123694983e+05   1.5694252584504620e+06
   297   4.5883495818648683e+06   5.7344846870227205e+05
   298   4.6608964453250205e+05   1.4267598724549980e+05
   299   1.4101432832856048e+05   1.3082229141673770e+05
   300   1.0156176063500803e+06   1.8599210485363111e+05
   301   2.6907953282861848e+05   1.7509969231944953e+05
   302   3.2682523844058270e+05   6.9324770416680945e+05
   303   3.6524766697790963e+06   1.6221300810766655e+06
   304   1.1412459701168710e+07   3.9339368607514934e+06
   305   1.9128539174005918e+06   9.6539293109955514e+04
   306   5.1002831321826437e+05   8.7787099106031621e+05
   307   2.1273295224122135e+06   1.6082425242778799e+05
   308   3.0708195656384487e+05   3.7976143256040348e+05
   309   7.0365454503209295e+05   3.7171264170312212e+05
   310   5.0718641487167347e+06   6.8796496388130682e+05
   311   8.5993328351084061e+05   1.2478624767258535e+06
   312   2.2014431909678234e+06   1.7296375389830192e+05
   313   2.0599695790935785e+06   1.2847659829173565e+06
   314   9.8375157040136168e+05   3.9158390053022612e+05
   315   1.3001818028471651e+07   9.1071680434854433e+05
   316   1.4890234379854327e+05   8.5993217634750545e+04
   317   9.9932402916692407e+05   7.0057499480677187e+05
   318   7.0068493512616528e+05   2.4181274018260182e+05
   319   1.3502354570993069e+06   7.4718632812873274e+05
   320   6.1592414181219263e+05   2.9416887763020866e+04
   321   2.3775081952619003e+06   1.7230253783250570e+06
   322   1.2903181694401526e+06   3.2189884355206523e+04
   323   2.9838504028195804e+06   2.6719797437980208e+06
   324   2.9771021686799778e+06   2.5873094751031566e+06
   325   1.2363063445349542e+07   2.0202322902192338e+05
   326   2.2072684780953696e+05   2.2799177781067693e+05
   327   1.0012275407116658e+06   1.8205599215343545e+05
   328   6.7786197646574327e+05   1.1014693503171487e+06
   329   1.8719869083692294e+06   1.5379941607717922e+05
   330   1.5580231597276600e+06   1.2739773795866789e+06
   331   1.8661691091384720e+06   2.8346229260137724e+05
   332   1.4273210042612854e+05   3.2459961193480587e+05
   333   2.5928515090913214e+06   5.8949037864994025e+05
   334   7.2840104250133783e+05   1.6913175605058402e+06
   335   1.2780494337902078e+07   9.1028844083586743e+05
   336   5.3606894385216490e+05   1.1776183645115279e+05
   337   1.3800293692846588e+05   5.5737005522449652e+05
   338   4.7901180041556610e+06   1.2175321219245512e+06
   339   1.2494674709802647e+06   1.8541746127607959e+05
   340   2.4117012702371855e+06   1.6936125984610294e+06
   341   1.2716183026033002e+06   1.8415990688640208e+05
   342   1.6149672668842946e+06   3.2968888156460784e+05
   343   8.4259691471919708e+05   6.2263406313132867e+05
   344   1.1726042555016528e+06   3.9259754022625962e+05
   345   6.6487593242368044e+05   2.1331392252618261e+06
   346   1.2707485242990645e+07   2.3913040003972981e+05
   347   4.8824558714598134e+04   3.5592803945106054e+04
   348   1.2422351865258922e+05   1.5367740361582275e+05
   349   1.9596184995640297e+06   1.3378260780328021e+06
   350   1.3440162663648401e+06   8.8959870729567177e+04
   351   3.4650844631916946e+06   2.3787150240216125e+06
   352   1.8428920513990221e+06   6.7132047954079695e+05
   353   2.4784500109161427e+06   1.3395511310905771e+05
   354   1.0606262022439283e+06   1.2675477658088265e+06
   355   1.9624246220724997e+06   1.2890765727008139e+06
   356   1.2829405732607074e+07   1.1201979980835370e+06
   357   2.7811005267213960e+05   3.1802038020053215e+05
   358   1.1772986371850725e+06   7.2359976983738225e+05
   359   3.3733341555281165e+06   4.2546246046804969e+05
   360   1.8117624484495865e+05   8.8567056604442827e+04
   361   7.3170192589175844e+04   2.2036449772919135e+04
   362   3.2508656636544169e+04   1.1635291605053414e+05
   363   1.4803469959479461e+06   6.6784324028836389e+05
   364   7.0878073242054507e+05   1.2486624309753526e+06
   365   5.2282354070265722e+06   2.5763421353987651e+06
   366   1.0329575900950290e+07   4.1564511870512175e+06
   367   3.9340391721134516e+06   2.0740644094289572e+05
   368   8.1977648254601110e+05   3.0966521226244222e+05
   369   2.0249700621510291e+05   2.2909142753647122e+05
   370   2.4013331261853548e+06   1.1570882644882104e+06
   371   8.2649041411735280e+05   1.1517106780227818e+05
   372   4.9442657038821175e+05   1.3762319763073072e+05
   373   1.9569028021899684e+05   3.7827065773814084e+05
   374   2.6859771860998669e+06   5.0662225765246921e+05
   375   9.6807642963205837e+05   1.4379129130098589e+06
   376   2.7252720153855910e+06   6.2064479907041462e+05
   377   1.0698463135695893e+07   4.3766885691914186e+06
   378   4.8835391041944427e+06   4.8023259372285579e+05
   379   2.4178705653904285e+05   2.2478599148302228e+05
   380   4.1484093189544242e+05   5.7463715134552168e+05
   381   5.1522755213760529e+06   1.5111661248199811e+05
   382   1.7123342451611566e+05   2.1324110027588799e+05
   383   3.6161295784300333e+05   5.7489878541979429e+04
   384   1.4948312114990246e+05   1.2062643859547387e+05
   385   1.9236388528133024e+05   8.1318897627914848e+04
   386   9.6579684030096158e+06   5.6123083955253772e+06
   387   3.8147713154903627e+06   7.8019558610166830e+05
   388   1.9462752015479403e+06   7.8786908659602492e+05
   389   2.0969233376594894e+06   6.9235618842574582e+05
   390   1.0048949695373757e+06   6.6579252475719736e+05
   391   8.9086143897139712e+05   3.3326192039204575e+05
   392   1.3440407469657059e+06   3.3339327369173919e+05
   393   1.2923501794813925e+06   1.8855504998807828e+06
   394   3.4304254648272232e+06   9.2098073908879585e+05
   395   4.2470703703527655e+06   3.1639641152376321e+05
   396   1.2154380010096618e+05   1.2559414498410127e+05
   397   2.1812223033125349e+06   1.2103158012189299e+06
   398   2.8610917707978012e+06   4.6983824427600950e+06
   399   1.0874071549009075e+07   4.1358212860288628e+05
   400   1.9618250305061094e+06   9.1746739585608803e+05
   401   1.0643593026911253e+06   3.7112847084880777e+05
   402   6.3322985326678597e+05   2.1496588741998438e+05
   403   1.4083072535503149e+05   2.5546880327909963e+04
   404   8.5947590119567161e+04   5.2212902993645046e+04
   405   8.3855662718370964e+04   9.0359128381112634e+04
   406   2.5104423627168573e+06   2.5674769917336935e+06
   407   2.8218352073866003e+06   4.7166185466457932e+05
   408   1.2785181610892469e+07   1.6988095872035667e+06
   409   2.2387316605187296e+06   1.4344259465274070e+06
   410   1.1307092444027439e+06   1.8868939482977617e+05
   411   8.2537197492745949e+05   1.0088746980978461e+06
   412   3.2013463634171118e+06   5.0247374267825967e+05
   413   2.4477732879272415e+05   6.6976953097158257e+04
   414   1.1384436347706420e+06   8.3133748717396357e+05
   415   7.1435584433624451e+05   2.6667632721032912e+05
   416   1.5779941630812017e+06   1.5726404042828819e+05
   417   3.4573568924532825e+05   9.3935715753182000e+05
   418   3.9627881512569874e+06   3.7163488521340522e+06
   419   1.1528650733159473e+07   5.4298975351257739e+05
   420   5.0854657141920720e+05   4.7098048060953099e+05
   421   1.9559557523866992e+06   9.4634735004658822e+05
   422   8.1782335306774522e+05   8.6607240504080255e+05
   423   4.6474951583257392e+06   1.2312327930948096e+06
   424   1.3953540534483737e+06   1.8544221089385168e+05
   425   5.8694472756765637e+04   2.6995335574141973e+04
   426   3.3296787976081826e+05   2.2353239842568059e+05
   427   2.2266836114962882e+05   8.6603705132860487e+04
   428   7.1996550422350233e+06   5.6042189592437707e+06
   429   7.1526474509315873e+06   2.4923495751061356e+06
   430   2.4254991538582258e+06   2.9251886147225450e+05
   431   1.1145850899360718e+06   7.6169193818827847e+05
   432   2.5844437175111962e+06   6.2901376042041963e+05
   433   4.3615367650410638e+05   6.8436629954241915e+04
   434   5.7389436263870492e+04   4.8620000206672179e+04
   435   3.7420169617978893e+06   2.3444206504708393e+06
   436   1.5194159804598747e+06   3.4299508730616559e+04
   437   3.3965503819670941e+05   6.8366994048255391e+05
   438   3.2888307475494621e+06   3.1401723304521753e+06
   439   1.1730102954870284e+07   1.9680957514530215e+06
   440   1.5437019286684820e+06   8.7988288224857533e+05
   441   1.1269319599400687e+06   2.2852080253539101e+05
   442   1.4255538601672999e+06   4.6216649150147138e+05
   443   2.1367126582595846e+05   1.0449559468918803e+05
   444   2.1831775361457518e+06   8.3167993538322288e+05
   445   4.5233962218747684e+05   8.8664191903925806e+04
   446   1.7872537820374439e+05   4.8698271173415042e+05
   447   3.5355638485848093e+06   3.4936234945645899e+05
   448   3.6610788465530652e+05   7.0254881350016664e+05
   449   1.2213472245297732e+07   2.8415881386184897e+06
   450   2.7491738990763691e+06   2.2932135757985073e+06
   451   3.6315713657893767e+06   7.7810449104306905e+05
   452   8.3970561878807109e+05   3.3107729611466825e+05
   453   2.1894283465062040e+06   1.1873802695896539e+06
   454   1.2249425248750825e+06   2.6489524392561620e+05
   455   2.5643789488389011e+05   7.9369340264327446e+04
   456   6.4887641113359394e+04   3.1779104983587589e+04
   457  -1.6305895621540526e+03   2.4880034192711890e+04
   458   2.9468371819143896e+06   4.6739418345306935e+06
   459   1.0363013862125790e+07   2.4256744366758657e+06
   460   2.5346690727228764e+06   6.1359997276273917e+05
   461   8.5350975421320391e+05   2.0315975697221450e+05
   462   5.3982723462806433e+05   2.2168409304703664e+05
   463   3.4137450573546570e+06   2.4303138334606122e+06
   464   1.9106707407435596e+06   2.5048419443312209e+05
   465   3.2634261987908045e+06   9.2950345339702105e+05
   466   1.1445369111460124e+06   7.8992542705006886e+05
   467   8.1309026966980274e+05   8.5527477828973831e+04
   468   1.9088844464735561e+06   6.8047483336204255e+05
   469   7.8776340403783112e+05   1.3247995274942652e+06
   470   8.1800968547694422e+06   5.5477403069747165e+06
   471   6.5985354265097044e+06   3.2101800664098054e+05
   472   5.2476361915682966e+05   8.5068655803637928e+04
   473   1.9086696456601331e+06   1.4371652026373819e+06
   474   1.1801239403863738e+06   6.5115833115197958e+04
   475   9.7334030774727406e+04   3.5872433661542382e+04
   476   6.3319834843964534e+04   3.2453668139403267e+05
   477   5.1675298362662857e+06   4.2585081926199852e+05
   478   3.8015500187846698e+05   4.1066280431459303e+05
   479   2.7697823184496360e+06   4.4310340288573653e+06
   480   1.1157393538720954e+07   4.2722857724651950e+05
   481   3.4282569826863334e+05   7.8632676070734230e+05
   482   2.5783029565188233e+06   2.2929778077261386e+05
   483   3.0752374853671631e+06   1.2278085084209023e+06
   484   6.5689292788457929e+05   7.2684318873102908e+04
   485   5.0950531280607691e+04   2.2207823066200937e+04
   486   3.9612456455662410e+05   2.5330712070673311e+05
   487   3.4383780642903026e+05   3.7099070004552364e+05
   488   1.4986673797545466e+06   1.4261033487875955e+06
   489   1.2155527580697441e+07   2.9120558701452180e+06
   490   1.6157686518531071e+06   1.0956656907248895e+06
   491   2.7516035268918769e+06   1.2671058256955366e+06
   492   3.7290648920383062e+06   1.5478344287364213e+06
   493   2.0041424140319475e+06   6.1555395586963790e+05
   494   2.0310080973097966e+06   8.0062672414916044e+05
   495   8.5157835834307014e+05   6.6416670434659789e+05
   496   1.6973130062630987e+06   2.4354657078210704e+05
   497   1.0726849978892143e+05   4.8707559923873006e+04
   498   2.6732886140371446e+05   8.5149270621692864e+04
   499   2.1574709823451494e+05   1.2053789132441571e+06
   500   1.1709541090953868e+07   3.2289525789126907e+06
   501   4.7493773223298462e+06   6.2048377867693698e+05
   502   4.0133930053816317e+05   1.0301629846358293e+05
   503   2.8404760403397982e+05   5.5148928122319910e+05
   504   2.3955534049914181e+06   7.5129619190146867e+05
   505   6.3168762383186142e+05   1.1562501526185097e+05
   506   4.6760290145685673e+06   1.5999372601866205e+06
   507   5.4145388856672309e+05   3.5339917108543916e+04
   508   4.9663799952081946e+05   5.2485338654320012e+05
   509   6.3309514471683046e+05   6.4910811563255277e+05
   510   1.2825116961175984e+07   1.6588567475332238e+06
   511   5.1172065973400557e+05   6.8641108004830941e+05
   512   2.8201810564967594e+06   3.2211623428050592e+05
   513   4.6038335710847558e+05   1.7502512259341637e+05
   514   1.2634769626955136e+05   2.0271974070766527e+05
   515   1.7081516132581788e+06   3.6565144891224318e+05
   516   2.2326361464238265e+06   4.0650790990773379e+05
   517   1.1382382423240363e+06   1.2245060580712231e+06
   518   1.9334433881224056e+06   1.0842332500876093e+06
   519   2.5502596307898411e+06   1.5425226297114822e+05
   520   4.6530404267823966e+06   5.3826208649911713e+06
   521   8.2922611367614279e+06   3.2131828655448812e+06
   522   5.4139070898728762e+06   5.7532894197829846e+04
   523   6.8383723171766649e+05   3.8460652267383062e+05
   524   2.5354445219291007e+05   5.9657781564143363e+04
   525   1.6652078423932018e+06   1.3244499746021952e+06
   526   1.2022940233792397e+06   6.5887798203393511e+04
   527   2.0578295431935752e+05   1.5661360019120586e+05
   528   4.2588354457915592e+05   1.8519537428825794e+05
   529   6.3097471169479820e+05   2.5053642713256544e+06
   530   1.2552374063237913e+07   4.7295954309573083e+05
   531   2.9120538545195637e+06   6.2400402187474351e+05
   532   1.6374244863628791e+05   8.8020554857600204e+04
   533   4.2769915482620997e+06   1.9737641192104532e+06
   534   1.0295783505226664e+06   3.6864318976694031e+05
   535   3.4793826946030343e+06   6.6195486665657407e+05
   536   5.5932125096570503e+05   4.6704719416264736e+05
   537   7.5986980218987388e+05   9.1890609898669398e+04
   538   4.5339356503324956e+05   7.9641837438302976e+05
   539   1.8656763710893705e+06   6.2370152588974487e+05
   540   6.9993063826098414e+06   5.6803023093321817e+06
   541   7.6663040094181923e+06   9.5196126275792089e+05
   542   9.1190443927794986e+05   4.4032240716033266e+05
   543   1.2392450335277594e+06   5.9737790858362080e+05
   544   4.5953417183537298e+05   4.7492232868443185e+04
   545   4.3704982631175495e+04   1.4112215229651035e+05
   546   1.7503260217272898e+06   1.2340106205019234e+06
   547   1.2941856314179199e+06   1.9962586315929197e+05
   548   3.1684989861994539e+06   2.5270344811484385e+06
   549   2.1037725120897321e+06   4.6413915584135219e+04
   550   4.9611228670685887e+06   6.2701786680938387e+06
   551   8.2263293771938756e+06   3.3002237249571388e+05
   552   1.1388402915473506e+06   1.0501252300350845e+06
   553   2.3336942579967175e+06   6.8708197433363413e+05
   554   9.7231078364442068e+05   8.2349870817645884e+05
   555   3.2688869088916574e+06   4.0846165647344518e+05
   556   4.5128903928653785e+05   1.8016186184763140e+05
   557   1.6623975476787167e+05   1.0992727295592095e+05
   558   2.2436201671628727e+05   3.4411206715233449e+04
   559   6.8691414823748986e+04   7.0315331986170902e+05
   560   1.3004469538034221e+07   6.6533558617752837e+05
   561   7.4055094214011903e+05   1.2088355765452019e+06
   562   3.3447843603683300e+06   1.4969433774866022e+06
   563   3.7553599403284667e+06   3.5741199372264219e+05
   564   1.1517725585823148e+06   9.0769695665585191e+05
   565   8.9315355711942958e+05   1.1237301876517701e+05
   566   1.1003996372245383e+06   6.6865402489156078e+05
   567   4.8672472882931487e+05   1.7626558361346234e+05
   568   2.3001400857918141e+06   8.2644916540482233e+05
   569   1.2402364779164395e+06   3.9990659325797891e+05
   570   6.8710965638617997e+05   1.2712545326612447e+06
   571   1.1448501877279198e+07   3.8191668737971946e+06
   572   3.0884664624165781e+06   1.6805424012446394e+06
   573   2.4059882147302483e+06   1.1034016476667709e+05
   574   1.9860560682311375e+05   5.6229057457022741e+05
   575   2.9090905610231287e+06   1.6261186122456862e+05
   576   9.8049035958689899e+04   8.3543831242172499e+04
   577   3.0181802301711412e+06   2.5508087351583294e+06
   578   2.2756447123804367e+06   4.9751231037665493e+04
   579   1.6977429228562742e+05   4.8706826300297413e+04
   580   1.9773705826923465e+06   4.4522362101314012e+06
   581   1.1235356322923353e+07   8.4299286313992518e+05
   582   7.9265622980024922e+05   1.2584668783117812e+05
   583   3.9272125760688254e+05   4.0741519618352031e+05
   584   1.8746385895227727e+06   9.8142139867539424e+05
   585   8.3133404782360501e+05   6.2899819132888151e+04
   586   2.7850417008361407e+05   6.2804342529061029e+05
   587   2.6474518910826277e+06   9.2972530856280087e+05
   588   2.5552695657505919e+06   5.6989575667034066e+05
   589   2.4719367094233746e+05   3.4130697931134229e+05
   590   3.0726122806582218e+06   1.0575731068912491e+06
   591   7.7877978195869336e+06   4.0520106574918474e+06
   592   9.5893288361076619e+06   1.9528773613956138e+06
   593   1.0844709038396927e+06   7.7623915545252035e+05
   594   1.0157453953670546e+06   1.0471408408444596e+05
   595   2.6722882445658580e+06   9.5275807467140909e+05
   596   4.2756194173248322e+05   1.9674416447192791e+05
   597   4.3034877359142475e+05   3.1153865133548828e+04
   598   1.9975537137970197e+05   3.1305055954935669e+05
   599   8.2845922641561425e+05   3.0758087621411000e+05
   600   4.0357967681013257e+05   3.0478074036590563e+05
   601   1.2769175380133875e+07   1.9613536543132497e+06
   602   3.5311525437084690e+05   2.1426512412985507e+04
   603   1.6976334507126287e+06   2.4005032629926158e+06
   604   3.5126959187316000e+06   3.7019139943207416e+05
   605   3.3101116932593966e+06   8.5862797868613631e+05
   606   1.0728658459512549e+06   9.7215505021894432e+05
   607   2.1077802769018277e+06   2.1691563895811318e+05
   608   4.1631744124883803e+05   2.2663947874689405e+05
   609   1.8963373456939665e+05   1.5875090627234129e+05
   610   2.1819461248545609e+06   9.6443536087060894e+05
   611   3.1993126716153100e+06   4.6721093641701723e+06
   612   1.0582589352925217e+07   1.7377963084596964e+06
   613   1.7667219704018310e+06   5.0226717601589992e+05
   614   1.1839671109992322e+06   5.6718918099062704e+05
   615   2.5939949912640499e+06   7.8966443108602380e+05
   616   3.3547937180445588e+05   6.6349786150279775e+04
   617   2.5506224461739618e+05   3.3070728716461104e+05
   618   1.4297752007142950e+06   2.4353308437451493e+05
   619   3.4154277789532603e+06   2.4464939251649873e+06
   620   1.8872503069974724e+06   1.2017419373225646e+05
   621   1.7749158722515055e+05   1.4400529231361684e+05
   622   1.2720021967462724e+07   2.1201072702475991e+06
   623   4.6997291983732040e+05   4.8237786793078587e+05
   624   3.5077775513460031e+06   4.6653985645572230e+05
   625   5.0463640418850718e+05   1.3395704094393921e+05
   626   8.0321387766088927e+04   4.0832186618010724e+04
   627   1.1174143609302386e+06   1.1569707812327540e+06
   628   1.5005709273667163e+06   3.2446489288070425e+05
   629   9.6846322362312221e+05   3.1304553162859095e+05
   630   2.0444357397301393e+05   2.7646120208846655e+05
   631   3.2120148781177122e+06   1.2895191661467883e+06
   632   1.0618048085168082e+07   4.0443474723993079e+06
   633   5.2331128110826043e+06   2.7759340860111886e+06
   634   2.1998718419235288e+06   4.5260261962358170e+05
   635   2.7994502651263098e+06   2.4000659946574637e+05
   636   9.8296718739054631e+04   2.5260147686111293e+05
   637   1.7121842570694718e+06   4.1961891088357341e+05
   638   5.8711746003360476e+05   1.5438697198648454e+05
   639   6.4485464613641969e+04   4.0829711425370988e+04
   640   1.6607184897926261e+06   1.1344132939449055e+06
   641   2.5708226684379475e+06   1.0469251972409636e+06
   642   9.5094522660055652e+05   6.7589944021257653e+05
   643   5.8904561485797139e+06   5.9706616312524593e+06
   644   8.0930952959770542e+06   3.7194460840891697e+04
   645   2.1931930857793548e+04   9.3828297471421116e+04
   646   3.9213953700415483e+06   2.1243019944740850e+06
   647   1.7506350443400228e+06   2.2766084072407987e+05
   648   2.1200321005008253e+05   1.0683479438045969e+05
   649   6.0334192798943992e+05   8.9672808883433708e+05
   650   2.0855140129650389e+06   2.6399284853269806e+05
   651   4.5049485625460482e+05   7.4352143399261683e+05
   652   2.7881987534141131e+06   3.2622423417895474e+05
   653   5.6270668052728381e+06   6.4011848566562142e+06
   654   7.5703888013620060e+06   1.4584574525979787e+05
   655   2.3707577371802987e+06   9.7594105695308174e+05
   656   4.4093574556176097e+05   2.7975046346224361e+04
   657   5.2088132167883171e+05   7.8932651481540198e+05
   658   2.3192793193661892e+06   1.3919926696355012e+06
   659   1.9064910506309534e+06   1.7254719023111209e+05
   660   1.8475277391944374e+06   1.8070934938019773e+06
   661   3.4792383732054196e+06   1.6078767792784029e+06
   662   1.8926347560149475e+06   1.2527530163929153e+05
   663   1.1887151099698659e+05   3.5926995898823929e+05
   664   1.0981320016218584e+07   4.7050289359737020e+06
   665   2.4729490027966839e+06   1.2803255334877803e+05
   666   2.7467539276542823e+05   3.0250641354801669e+05
   667   1.3849839598232510e+06   2.8302581118911656e+05
   668   2.0909823553837449e+05   1.0695536151092213e+05
   669   1.8082981475117843e+05   9.8777432822385250e+04
   670   1.1709398512533626e+06   1.3289302428586697e+06
   671   1.9090504956565518e+06   4.4631028383657988e+05
   672   1.2405140972534395e+06   7.2160863094363234e+05
   673   2.2096097738171574e+06   7.1242418698706245e+05
   674   7.9971223598865997e+06   5.4793924763984149e+06
   675   6.1197202934220117e+06   2.9599539759917646e+06
   676   4.2800942382716639e+06   9.3806569480371865e+04
   677   8.8475065494119970e+05   1.4918500822749364e+06
   678   2.8305944272145461e+06   1.1137133748720223e+05
   679   6.4081026976220332e+04   1.9383925387455284e+05
   680   2.4867274853624622e+06   7.8335205284104671e+05
   681   5.5968998402945406e+05   2.4178573262595033e+05
   682   2.5315516947315595e+05   8.3581760219282587e+04
   683   1.4980593569764265e+05   1.3807439431704910e+05
   684   3.9223885369478082e+06   5.6661006460510278e+06
   685   9.4449640756117441e+06   1.2020245788611055e+06
   686   1.7038080819209267e+06   5.6144218741394514e+04
   687   1.8990189433488483e+05   5.3736800363786309e+05
   688   4.6181111456647981e+06   1.5185803456142072e+06
   689   1.0318454580482529e+06   9.5360997190828595e+04
   690   1.3713108544849078e+05   3.5372150208740117e+05
   691   1.8349403389978553e+06   8.2105167659703956e+05
   692   2.3630886359223123e+06   4.2588340565875720e+05
   693   1.2550604444869482e+06   7.1668493616598507e+05
   694   1.9935689295766137e+06   1.6320202815622515e+06
   695   1.8218203154345602e+06   8.7351593611024495e+05
   696   1.2815952981676323e+07   1.4195139061058965e+06
   697   2.6582917977669798e+06   3.8635302548445447e+05
   698   9.2200078926623988e+04   2.4969060804608398e+04
   699   1.0703946291557440e+05   7.2434675373643491e+04
   700   2.8164049587863218e+05   5.5583297478099843e+05
   701   2.4909653537998898e+06   9.1391173476953618e+05
   702   2.6038020568653895e+06   1.9824881472599534e+06
   703   3.4609387335192654e+06   5.5727553767886991e+05
   704   2.6859264344083495e+05   5.9549433931261265e+04
   705   9.1311980078312790e+05   2.6393899751806054e+06
   706   1.2478982955557028e+07   5.9082040267044725e+05
   707   2.3442052929493782e+05   1.8974749762459414e+05
   708   3.2376125616062660e+05   2.5113996082419858e+05
   709   1.8493752105383119e+06   1.9339244386881436e+05
   710   2.3168130159046911e+06   1.7314736527109363e+06
   711   1.3294427704905255e+06   8.2475868234959155e+04
   712   2.7375758519698363e+06   8.7647811982056289e+05
   713   4.1874281756244274e+05   4.4460099234277848e+04
   714   1.8829570269477402e+05   7.1373089981341467e+05
   715   6.1676275787328640e+06   4.1068537841636012e+06
   716   9.7422257675957195e+06   2.7598561376835341e+06
   717   4.3829779630327700e+06   8.4682101624617376e+05
   718   1.2907337531547563e+06   7.9000534454799281e+05
   719   7.1815273843881965e+05   8.2120072382723374e+04
   720   1.1334776096996713e+05   1.1916149875378584e+05
   721   5.0500140781150083e+05   1.7784640636322065e+05
   722   8.5469630660132156e+05   4.5982489217024762e+05
   723   8.7419623614215502e+05   1.0669913724171938e+06
   724   2.1398217387988293e+06   1.2111508177740568e+05
   725   3.7766442488296167e+05   1.2632223826624556e+06
   726   1.2792762727280924e+07   1.4224414490015896e+06
   727   4.5401165523497266e+05   3.2106204872510536e+05
   728   2.2968636996579175e+06   1.5944720270296920e+06
   729   1.7104782406110964e+06   1.2001443223283993e+05
   730   3.6565442906215456e+06   2.3836636329230582e+06
   731   1.5909966605553154e+06   5.2546621346880842e+04
   732   1.1990206288591360e+06   9.4484042645480717e+05
   733   2.0854651438302419e+06   9.2016766970715020e+05
   734   9.2060954299451644e+05   5.8969637359086145e+05
   735   1.6472352072070958e+06   1.2910491296682371e+05
   736   2.1302909352661352e+05   1.6353913986412408e+06
   737   1.2863793443352964e+07   2.8127912548479374e+05
   738   1.8524816257260961e+06   1.0995600228738787e+06
   739   7.3462392286394443e+05   8.7629770209642797e+04
   740   1.3265075770798017e+05   4.7010256238825459e+04
   741   6.2434475581846421e+05   6.6166902300288423e+05
   742   1.0718390785894000e+06   5.1420794559661043e+05
   743   4.5533372395776641e+06   1.6465393916548854e+06
   744   7.5171286360449134e+05   1.2919604406943035e+05
   745   2.9910162114551403e+06   8.8312676877937466e+05
   746   1.7466150288934046e+06   2.6433957198498934e+06
   747   1.0355769683394587e+07   4.2210237636748245e+06
   748   4.5706324201655081e+06   6.4518000065467064e+05
   749   3.4830367681403545e+05   1.8207729995925907e+04
   750   2.1127330054890543e+04   2.3691941479630506e+04
   751   9.4355244932751521e+05   1.2566934622061912e+06
   752   2.1224544011204792e+06   5.4214656654762500e+05
   753   1.0513842482556412e+06   2.0588064919032689e+05
   754   2.3821178370607097e+05   1.0219611939803285e+05
   755   8.2643540769141156e+05   1.3346626395580801e+06
   756   8.7725553987931181e+06   5.4029411015816145e+06
   757   5.8471491564937336e+06   1.3339737227414751e+06
   758   4.7631975080443928e+06   9.4113228511517402e+05
   759   5.7322154285055259e+05   7.9282102237766481e+05
   760   2.2125554922356186e+06   1.9025249749164627e+05
   761   1.6512621254928652e+05   1.1554158115103960e+05
   762   6.6336843530491251e+05   4.0711814157856838e+05
   763   5.3262388788526843e+05   9.4371292397748539e+05
   764   3.3316686438611764e+06   2.3397784006382854e+05
   765   4.7702388993645163e+05   1.4606624965072621e+05
   766   1.2274816054006900e+05   8.3147975753803726e+05
   767   1.2845017369493308e+07   1.4368279848249636e+06
   768   1.6297985698896055e+06   2.8335767533287714e+05
   769   2.7360729560378013e+05   2.2920977536521162e+05
   770   1.2438410340442397e+06   1.1414487174219820e+06
   771   2.1978963091530902e+06   8.4216401710802922e+05
   772   4.5846943894745866e+06   1.3353408542245072e+06
   773   4.9768783481888700e+05   1.6812099092875223e+05
   774   3.0030595116751101e+06   2.1838361978346881e+05
   775   4.5130413373190298e+04   3.3893752288815085e+04
   776   1.8154890440884250e+05   1.0891566361499776e+06
   777   1.2960230888322106e+07   5.5941226760334999e+05
   778   1.2022600153512268e+06   1.1222184756085186e+06
   779   1.5716615589569930e+06   1.9421623284417327e+05
   780   5.9285547046255693e+05   1.0616392394059664e+06
   781   2.6188098121691756e+06   9.0384622447047150e+05
   782   2.3715820502139782e+06   1.8733915078408874e+05
   783   3.3269197937792243e+05   4.5820689566584863e+05
   784   8.0121062766073202e+05   1.8465493322031654e+05
   785   3.4225875131476875e+06   2.4170162743074764e+06
   786   1.9696613169021239e+06   1.0017951268155786e+05
   787   1.2737674424287367e+06   3.5177845607150132e+06
   788   1.1984330895623384e+07   7.6663431152453099e+05
   789   3.3618397735711536e+05   2.8959795487529205e+04
   790   1.2693353692837826e+05   3.7572651063954097e+05
   791   2.0303652555522711e+06   9.5541501840914192e+05
   792   1.9617020242510433e+06   4.3274480894490203e+05
   793   1.2248944740990594e+06   3.9819700067998806e+05
   794   1.9852372431027150e+05   1.7260162656991911e+05
   795   2.7473023328309879e+06   2.3773128749539165e+05
   796   7.5908157195039515e+04   5.7980453944628302e+05
   797   1.2807807647506742e+07   1.5397865805013634e+06
   798   3.1941121635454344e+06   1.5733636314232459e+06
   799   1.2731547861839021e+06   1.1580879256348480e+06
   800   4.7261916087190481e+06   3.5979238568440062e+05
   801   1.2606102086166667e+06   1.2135858521759415e+06
   802   1.3988156385271049e+06   1.1009646677981604e+05
   803   1.7031175817259331e+05   8.5139832771647722e+04
   804   4.0211556435423892e+05   5.4684532710289792e+05
   805   1.5370175963339300e+06   4.4079572082767100e+05
   806   5.3526605213105027e+05   1.0860392733428966e+05
   807   4.4414134228550699e+06   6.1208404997665463e+06
   808   8.7371534450832047e+06   2.1634055690637405e+05
   809   3.4919299830119999e+05   1.2216398851732691e+05
   810   5.0094807920834626e+05   2.9703043479870918e+05
   811   2.6195306431349390e+06   1.1063302476580050e+06
   812   1.2243626139639625e+06   1.5804546268731004e+06
   813   4.3292505851630736e+06   8.7380198974150885e+05
   814   1.1703420684392434e+06   9.6441708028494788e+04
   815   1.4208976280338218e+05   4.0560793765985669e+05
   816   3.5320506054555853e+06   4.0907209175702668e+05
   817   7.6041680491509766e+05   1.4599926722595377e+06
   818   9.6467794986738805e+06   5.2276272252330678e+06
   819   4.6418833302367320e+06   7.3637488044357242e+05
   820   2.4000564550275267e+06   3.5307225640266616e+05
   821   1.3198162816178621e+05   3.9320177016712354e+04
   822   2.0284812944186279e+06   9.4767951779326121e+05
   823   6.3427940007470315e+05   3.4828281693507778e+05
   824   7.9181432943692117e+05   6.5296160039771792e+04
   825   5.6158932489483224e+04   1.4708587126298540e+05
   826   4.7135230114715407e+06   1.5148188399896701e+06
   827   7.6460109215425909e+05   7.8249769972599298e+05
   828   1.1727362893440798e+07   3.8509326191466558e+06
   829   1.6648403877321035e+06   3.6315952930170589e+05
   830   1.7460698212847770e+06   3.2170491930628521e+05
   831   1.3688018939329754e+05   8.2087370217774223e+04
   832   1.0109208438684522e+06   1.3508095330537627e+06
   833   2.1482880039455038e+06   1.5427503050585848e+05
   834   2.4514243393931626e+06   1.6452978865874999e+06
   835   1.3009988426614290e+06   1.3368476869709292e+05
   836   2.0226199386981476e+05   6.2158914507945439e+04
   837   6.7109598611064872e+05   2.7680673778777272e+06
   838   1.2457965020296697e+07   1.8572179823977864e+05
   839   2.5320331655765795e+06   8.0965137474351167e+05
   840   1.6654423574378751e+06   1.7987830544463277e+06
   841   3.8672450583059965e+06   1.2451383890272693e+06
   842   1.1506449650267120e+06   2.9081948506527237e+05
   843   1.8725981319310861e+06   6.1990726649869129e+05
   844   1.5373534223435428e+06   8.4237655340227205e+05
   845   5.6312144810988859e+05   3.5931491059535627e+04
   846   1.0402527889230112e+05   1.5542515665742382e+05
   847   3.6879931061903015e+05   7.9899061667823407e+05
   848   1.2256355874441659e+07   3.0475115803014068e+06
   849   1.0515136577016918e+06   7.0822773391429320e+04
   850   6.2071854229042062e+05   9.8554432177297166e+05
   851   3.1103699290648899e+06   7.9200133072341583e+05
   852   5.3433261521381163e+05   3.0160406679412618e+05
   853   2.2946189708426897e+06   9.2362168903215532e+05
   854   1.4668048637897328e+06   8.9725312491365348e+05
   855   1.8817429822161668e+06   1.5117047016338441e+06
   856   4.0170868407209273e+06   1.3352370718265506e+06
   857   1.4626338587446907e+06   1.0483532267464936e+05
   858   5.1759878390072743e+04   1.7325133225215983e+05
   859   1.2960755146937663e+07   1.2233971353294028e+06
   860   1.4758223942651897e+05   4.6375384409844657e+04
   861   3.1865338213483966e+05   3.2929902857201162e+05
   862   2.3433488030821993e+06   7.7606008876144735e+05
   863   4.0922075356701907e+05   4.0175004758567491e+05
   864   2.5811880854965514e+06   1.2169260675879208e+05
   865   8.5862414259339566e+04   1.2224512041306704e+05
   866   1.0981950056826840e+06   6.6663711108362558e+05
   867   1.2681778690339890e+06   1.6203158640879679e+06
   868   4.6065422925080629e+06   1.1351996340112388e+06
   869   1.0544995103535865e+07   4.8463693593676630e+06
   870   3.0875907523914748e+06   1.0479642193643677e+06
   871   3.3058916381747457e+06   5.0494261654037563e+05
   872   3.5190505711963115e+05   2.5511820891528734e+05
   873   8.7678995528462611e+05   3.2302361099011387e+05
   874   3.1523998825695273e+05   4.5762883229375450e+05
   875   2.9169845798315937e+06   3.1373973900179518e+05
   876   1.2020637340305689e+05   4.7867679896146677e+04
   877   2.0637621624791945e+05   2.7784143055145559e+05
   878   1.8077522983110165e+06   5.9200147393332387e+05
   879   9.5280014819942601e+06   5.7724652174059171e+06
   880   3.6116581089301244e+06   1.6721129392063503e+04
   881   6.4371564221197681e+05   1.6240414141218546e+06
   882   4.5741623464245433e+06   5.5628633466196328e+05
   883   1.0679665388698706e+06   4.5994679850686179e+05
   884   2.3523284649354289e+06   3.1659441151527053e+05
   885   1.1011368195896469e+05   3.5038258224099380e+05
   886   2.7656284933697563e+06   2.2270898427725138e+05
   887   2.6553596832220796e+06   1.5116157111941953e+06
   888   1.1649772611484118e+06   2.0044079922351212e+05
   889   2.4226537397215776e+06   4.8285994374043839e+06
   890   1.0874393133902283e+07   4.4637422549020319e+05
   891   4.1260112999102776e+05   1.1160081018249666e+05
   892   4.9933128435694444e+05   6.0095067462001787e+05
   893   1.1959363522327489e+06   3.9385653654780873e+05
   894   2.2553344852445005e+06   1.1183946335644557e+06
   895   1.1892965321625108e+06   1.7131815376044961e+05
   896   7.9930750596374541e+05   1.7458856928927579e+06
   897   4.5295483044871632e+06   1.7704046931453198e+05
   898   1.1405429588924005e+05   4.3296448098072819e+04
   899   4.9384970657473858e+06   5.8382904035653779e+06
   900   8.8337180124562718e+06   8.5508067344415409e+05
   901   4.1557972882167134e+05   1.2324430918375641e+05
   902   1.8196464124477273e+06   3.1219226892204053e+05
   903   8.8301478104836497e+04   3.0607086046232790e+05
   904   3.5398721913599386e+06   3.0737360103807721e+05
   905   1.9548842457194494e+06   1.1084400355997942e+06
   906   6.5221249126213440e+05   6.6998612236747387e+04
   907   5.2560412725722347e+05   4.0760531809532072e+05
   908   2.5539461782530383e+06   7.0114784138753836e+05
   909   1.5211429610894145e+06   3.5184935294098239e+06
   910   1.1102352738538837e+07   2.5418506176643167e+06
   911   5.9039348781574918e+06   2.1835792822726507e+05
   912   9.4753764032058403e+04   1.5572397452178970e+05
   913   7.9272406018402195e+05   3.9813413153328787e+05
   914   1.5808913280318179e+06   1.3763784206220151e+06
   915   1.6489123012326634e+06   1.1835884831824897e+05
   916   2.8726944043306960e+05   1.1475258078366371e+05
   917   7.7372083217486704e+05   7.3595054065196810e+05
   918   7.8340773326622241e+05   5.5647434924384856e+04
   919   3.6248608956292104e+06   5.7690803340481101e+06
   920   9.5537630287589282e+06   2.2056673691502700e+05
   921   1.9387519502166789e+06   1.7878513669109941e+06
   922   1.7646890187424372e+06   8.5482864103247673e+04
   923   3.1103147549564224e+06   2.5499845467574610e+06
   924   2.1419579422475039e+06   1.2813450657639081e+05
   925   2.0817357525853128e+06   4.8292272479644383e+05
   926   1.0906461907281461e+06   1.0607440543365565e+06
   927   1.2333428622763895e+06   2.5026493436689640e+05
   928   1.0140436557413974e+06   1.9638640387713080e+05
   929   5.5834077407549170e+05   4.6677604968201165e+05
   930   9.5373434513803609e+06   5.4925845232604491e+06
   931   4.3463806612884710e+06   1.3729746406410977e+06
   932   2.0956035238792312e+06   2.2321722507296235e+05
   933   1.5573102832404489e+05   1.1149194308550768e+05
   934   1.1756876417343419e+06   1.2091519690204249e+06
   935   2.1890037970023416e+06   3.7707686550981796e+05
   936   1.7241581139902456e+05   6.3941352156052628e+04
   937   3.8102808319355855e+06   2.2928429265662297e+06
   938   1.5077972987225705e+06   7.1412051246810239e+04
   939   4.2367907639266748e+05   9.0622952258718107e+05
   940   3.6776277380366283e+06   1.7437802469368917e+06
   941   1.2336521869775444e+07   2.2815269425481763e+06
   942   5.7935249824476696e+05   2.2233923271119001e+05
   943   1.3707233910242110e+06   3.3706080402483966e+05
   944   4.1394155975223711e+05   3.1736539590544865e+05
   945   7.2556695390178182e+05   1.7260548181983526e+05
   946   2.2755997989717562e+05   2.5379013924235938e+05
   947   2.0243328557528374e+06   9.5053646021626727e+05
   948   6.0152444889883802e+05   2.2720761620021007e+04
   949   4.7880725962802581e+05   7.5358676037378050e+05
   950   7.1619577489094669e+06   4.5990676277234703e+06
   951   8.2951841938674031e+06   3.3777603850495927e+06
   952   3.3139717764851768e+06   1.1178157005208826e+06
   953   1.4466154241554802e+06   9.0361622096980340e+04
   954   2.7411093091032412e+06   7.5993073767042451e+05
   955   3.0296241933444358e+05   4.0735010784823418e+05
   956   2.7556913694741149e+06   3.0156210497440759e+05
   957   1.6445756583539982e+05   1.4981484657842133e+05
   958   1.5429086193729113e+06   1.2376370700431173e+06
   959   2.6760478658242561e+06   8.3675426286990265e+05
   960   6.2600716798721871e+05   3.6085542069328003e+04
   961   6.4573245083295116e+06   6.5283099260094706e+06
   962   6.6420708168134913e+06   4.8285296184462277e+04
   963   1.1752647437003227e+05   7.4238528028098750e+04
   964   4.3179677408399470e+06   1.9614952282582542e+06
   965   9.7454291554806812e+05   1.6234636792373168e+05
   966   1.3658655088003858e+06   5.0649648918333475e+05
   967   6.7868488142919273e+05   7.9881676355489041e+05
   968   2.0751904911004496e+06   3.4703805205575615e+05
   969   2.9585848807352834e+05   4.3147588896184570e+04
   970   7.9983268176680687e+05   2.2655159334911276e+06
   971   1.2477319032740194e+07   1.5050767072799099e+06
   972   6.7949186763991637e+05   7.4487002141440730e+05
   973   2.6893905410181740e+06   5.1782901348568784e+05
   974   9.4491469707242644e+05   3.5805875126999151e+05
   975   2.2755348061201833e+06   1.6877715898102485e+06
   976   1.4460644856438586e+06   1.9759104326582912e+05
   977   1.4088915226950287e+06   8.6628772563637292e+05
   978   1.5153169756289751e+06   6.7669292550725618e+05
   979   2.2901306494855247e+06   8.6373220074103260e+05
   980   3.5867497017177930e+06   2.2205377222777703e+06
   981   1.6339159002343470e+06   2.7418920431495113e+04
   982   1.6412783658955453e+06   4.2541336444065236e+06
   983   1.1493796660659729e+07   1.8685386231360972e+05
   984   1.1409139054383271e+05   2.2651144126273706e+04
   985   5.5901627640966221e+05   5.2859792661586532e+05
   986   5.3848305935598863e+05   4.9203922446947574e+04
   987   5.5756120881161513e+05   7.5482221806742053e+05
   988   2.0645655706853350e+06   5.9265364254669461e+05
   989   4.3559038495340274e+05   3.3646128860869794e+04
   990   3.2544106686392711e+06   2.0520784550071270e+06
   991   3.3265111265786630e+06   3.7157744054467282e+06
   992   1.0227436211353797e+07   3.4249610243918817e+06
   993   4.3414549994142111e+06   1.3848908497592190e+06
   994   2.3142168602656261e+06   2.3566790202439396e+05
   995   2.0222861156021927e+06   1.3491299087188430e+06
   996   1.2248953560512464e+06   1.3372291875525436e+05
   997   1.6000466380922424e+05   4.2867179680951784e+04
   998   1.1749670438035668e+05   4.1889319043893059e+05
   999   2.7006448168192953e+06   1.7122498449385940e+05
  1000   2.7143979078198766e+05   5.7399413697491935e+05
  1001   1.6554112032316832e+06   4.0866668936275173e+05
  1002   9.0636821379148047e+06   5.8908780264231740e+06
  1003   4.3907646421668883e+06   4.0840029921522498e+05
  1004   6.7158350654904777e+05   1.8236354219527770e+05
  1005   1.8046322342731612e+05   6.4035360271585674e+05
  1006   5.0917250830255151e+06   5.1471866118539782e+05
  1007   1.7534369946165648e+05   6.2541251240060308e+04
  1008   1.5182681430080067e+05   4.5682916031769611e+05
  1009   3.0254298007187592e+06   6.2068153297811490e+05
  1010   2.5656404719428350e+06   1.0718317104921057e+06
  1011   6.1631043632089172e+05   2.1601038369514694e+05
  1012   9.2652514219125675e+05   2.3000611944788834e+06
  1013   1.2626219923823269e+07   4.3807592588727438e+05
  1014   1.7295520888745165e+06   1.2517724124341146e+06
  1015   1.6137697412833595e+06   7.0620883530911151e+05
  1016   8.0747044870543829e+05   6.9351385715761586e+04
  1017   5.0872520922214736e+05   2.5072721314931152e+05
  1018   1.0917391662110530e+06   6.2576024999886472e+05
  1019   6.8762398826674582e+05   9.3144605532020540e+05
  1020   4.9710142248173486e+06   5.4417878335718880e+05
  1021   2.2082206541490939e+05   1.7654652610508256e+05
  1022   2.1353664416989214e+06   1.2314165795548013e+06
  1023   3.2062492678880198e+06   4.7492829055262720e+06
  1024   1.0759350814024713e+07   1.7002478877900209e+05
  1025   1.5458695481387750e+05   8.3243851993417309e+04
  1026   1.8457729661346317e+05   4.7294456860729255e+05
  1027   1.8671476009773617e+06   4.4636799382725998e+05
  1028   3.4358813709538397e+06   5.5570543795455724e+05
  1029   1.3866153165698727e+05   1.2270895175839569e+05
  1030   4.4243649071467633e+05   1.7953367388917942e+05
  1031   1.7178693934238276e+06   1.1516068909208935e+06
  1032   9.0857266098491813e+05   7.5806778999838699e+05
  1033   1.2359823939495724e+07   2.2699929919367903e+06
  1034   5.1464823217269192e+06   1.7354823652475672e+06
  1035   1.3043767011105998e+06   5.7242293211004860e+05
  1036   1.2469303590767807e+06   1.2154630112828934e+06
  1037   2.1468908596742568e+06   1.6459962263003844e+05
  1038   1.1040604117798734e+05   4.7472155275456047e+04
  1039   3.2941126583605757e+04   2.5332422891908129e+04
  1040   1.2507533099893844e+05   2.9312443087432085e+05
  1041   1.3043539983420998e+06   4.1427642690222670e+05
  1042   1.9538338432216560e+06   3.7626358082617852e+06
  1043   1.1314771210713780e+07   2.2664760225745323e+06
  1044   2.5388671595655507e+06   7.7424279263454548e+05
  1045   1.4850428362490137e+06   3.3645978416039789e+05
  1046   3.3515098437295165e+06   8.7559116927233024e+05
  1047   2.7218448120970756e+05   2.9531859117257973e+05
  1048   5.1993926738462895e+06   1.8949660915294930e+05
  1049   7.5051250219196299e+04   9.0733119577177029e+04
  1050   2.7770530419671221e+05   1.6014555887373511e+05
  1051   1.7147551831328331e+06   7.9238292841767147e+05
  1052   9.9766567743742000e+05   8.6088274749724416e+05
  1053   5.7116577955531403e+06   5.4915702140421402e+06
  1054   8.8233782015214078e+06   1.2491316884198152e+06
  1055   8.2869935463834193e+05   1.7485009273489911e+05
  1056   2.8819315223810081e+06   6.1089614624870731e+05
  1057   1.6556206515135712e+05   4.1277014662684756e+04
  1058   4.3649401696096943e+05   1.5242931257166126e+05
  1059   1.9063563176660199e+05   3.0376668936856731e+05
  1060   5.0282208468489163e+06   9.4181984817812103e+05
  1061   2.5538136325798539e+05   1.7560652458603299e+05
  1062   2.7713031025147843e+06   1.3949151501080533e+06
  1063   3.1683206867404790e+06   3.8079963935571960e+06
  1064   1.1523645150733389e+07   9.0474795602299494e+05
  1065   1.9831098850153846e+05   1.2948720288130990e+05
  1066   2.4359080004661721e+06   8.6289237901908637e+05
  1067   5.2637125882422063e+05   2.5845250270498730e+05
  1068   1.3154402164598322e+06   4.3904122872865439e+05
  1069   3.5442658301927854e+05   1.4723106164677325e+05
  1070   3.5037391385250719e+05   1.5395491563083898e+05
  1071   2.3546221249480243e+05   2.4657515448556549e+05
  1072   1.1380576909329814e+06   7.9531738362598501e+05
  1073   7.4809380495700808e+06   5.5607270505287377e+06
  1074   7.2762092275689552e+06   1.5716109395268445e+06
  1075   1.8117615106454159e+06   1.7229013824536004e+06
  1076   4.2445519555932777e+06   3.6211748740754899e+05
  1077   2.1305006808578172e+06   1.3016441779564922e+06
  1078   1.1456445213045012e+06   1.5027063363184338e+05
  1079   1.1244354479185701e+05   4.8982527481720601e+04
  1080   1.7137317693241586e+06   5.6553970901737502e+05
  1081   3.8003995282869926e+05   7.8071551480600401e+05
  1082   3.4433433681768933e+06   4.1926309569381556e+04
  1083   2.4568998537452531e+05   1.6860086623172248e+06
  1084   1.2856347762217438e+07   1.1114545807018454e+05
  1085   2.1710452261305520e+04   8.6505540369088529e+04
  1086   2.2997216580432104e+06   0.0000000000000000e+00
