  1260
     1   1.0577796179865964e-04   6.5991999575335458e-04
     2   5.1579482246244266e-03   7.2184701173117155e-04
     3   1.2876679481576465e-03   4.2281152780990043e-04
     4   7.1467669087255787e-04   3.6361866337448204e-04
     5   7.5411253677674310e-04   2.9201476423893098e-04
     6   3.0928735026421205e-04   2.6178523411639679e-04
     7   1.1853454900419302e-03   3.9786485359194848e-04
     8   5.8681769404908427e-04   4.2389728608534884e-04
     9   6.3014363894394788e-04   1.7942538600866542e-04
    10   6.4794626301460483e-04   2.2287511964686683e-04
    11   4.4133626328934445e-04   3.6692703511804488e-04
    12   7.0834650937566328e-04   2.3501454900050155e-04
    13   5.9645140966425999e-04   3.9119097245664540e-04
    14   3.0610132856108631e-03   2.4813626616786259e-03
    15   2.6496334500921252e-03   2.7343333932633061e-04
    16   4.1843113721438377e-04   2.5533957278054130e-04
    17   5.6214754794562055e-04   1.7077509695175293e-04
    18   2.8936557984877488e-04   2.3131282159284810e-04
    19   4.3581311818031911e-04   7.5452704194147935e-05
    20   1.1892581322502114e-04   1.0622134491620736e-04
    21   3.9764764294348079e-04   1.1556914271231163e-04
    22   9.8449188017049092e-05   3.7016348945641390e-05
    23   1.4326716244144979e-04   6.2256263905818420e-04
    24   5.2812477425258266e-03   2.7311523628953984e-04
    25   9.1742955702922457e-05   1.2178734593748035e-04
    26   1.3258501826119533e-03   4.0269874620719179e-04
    27   1.8450059860163724e-04   2.9752219740933561e-05
    28   9.1379667802982774e-05   2.1007511056254731e-04
    29   1.4382219873401519e-03   1.9803817041122581e-04
    30   8.0723825206599701e-05   2.6775438243237920e-05
    31   9.2210920397648545e-05   1.8682278864539805e-04
    32   9.9739641426791034e-04   3.2963273268356400e-04
    33   4.0419368019718191e-03   2.2519456196638085e-03
    34   1.4588364817913388e-03   2.8027780197072128e-04
    35   9.8331176192138184e-04   1.1531224938781042e-04
    36   9.2362171969168338e-05   1.5247544472816692e-04
    37   8.7922365710892125e-04   1.4399253159331525e-04
    38   8.4928944895153397e-05   4.5591144116116635e-05
    39   4.4529910606715806e-04   3.8592690286810339e-04
    40   4.5620277558373017e-04   6.6893170602952702e-05
    41   3.1063985318320700e-04   2.9423899029088434e-04
    42   4.4095027661403909e-04   2.3822393319109037e-04
    43   4.4947125012950702e-03   1.8693787477166437e-03
    44   1.2991282227234671e-03   3.3197159173546095e-04
    45   4.2889493932317483e-04   3.4808562331120076e-04
    46   1.2829404034305828e-03   2.4146282844054141e-04
    47   3.2992341773074207e-04   1.8291375140346757e-04
    48   2.6428553927705309e-04   1.5003741231831073e-04
    49   4.4025303348867829e-04   1.0572168269936591e-04
    50   2.5082672554502852e-04   4.4014241619694033e-04
    51   1.3337924620321739e-03   9.8810509543387448e-05
    52   6.2790213064445170e-05   4.9920148670412064e-05
    53   1.0507036295339348e-03   1.9249581258707219e-03
    54   4.4892685842455376e-03   3.3751953446090207e-04
    55   2.4081350169175483e-04   8.8506456042185348e-05
    56   3.0689634232426824e-04   1.7713562973082470e-04
    57   1.9442681297595030e-04   9.1438750482342748e-05
    58   9.1340748511477331e-04   3.9173337313822920e-04
    59   2.3433675093960737e-04   3.0880716290050882e-05
    60   3.8496534729110015e-04   4.4817954203817687e-04
    61   6.7329313642265414e-04   4.7443820592888974e-05
    62   8.1790267462462078e-05   3.2917350830445597e-04
    63   4.9854086818236325e-03   1.2013047363297052e-03
    64   1.3687271019745104e-03   3.8625030643012854e-04
    65   6.8948513988566619e-04   5.8609748947469227e-04
    66   7.3561546748052175e-04   3.8157287660802799e-05
    67   4.3135618254985638e-05   3.5404690098022328e-05
    68   3.4995256299860731e-04   3.8002804822111360e-04
    69   5.5754520749844334e-04   8.4486098383876367e-05
    70   1.0925866965046189e-03   6.3992779458400915e-04
    71   4.5492578553510638e-04   8.2834800583506796e-05
    72   6.4376021738500047e-04   2.5344668035385268e-04
    73   1.2683136839448954e-03   2.1517681804000210e-03
    74   4.2344898163694912e-03   1.0803337239925830e-04
    75   4.0453355129274116e-04   2.7148105129092334e-04
    76   2.7020551350094378e-04   3.3531346057502330e-05
    77   6.8436207794871296e-05   8.5484636463568965e-05
    78   5.0874937077962019e-04   1.4000926078208109e-04
    79   9.5233265749820764e-05   5.3955088555466292e-05
    80   5.1570862055552822e-04   4.7803475561264207e-04
    81   6.9781394784318852e-04   1.3479078204563206e-04
    82   5.2376214016242777e-04   8.3057997295170858e-04
    83   4.0119092811592280e-03   1.9062189556660215e-03
    84   2.3296179551749755e-03   4.9723254491326383e-04
    85   3.9154829107593644e-04   5.5014521980678271e-05
    86   1.0639503592574595e-04   2.0116830282874873e-04
    87   9.3619843045014890e-04   1.2881834845879543e-04
    88   1.2707480946095212e-04   1.4553116473323613e-04
    89   3.9536318052278799e-04   7.4830621490814284e-05
    90   2.5201405295802973e-04   4.7289460701850985e-04
    91   1.2865680221255055e-03   1.5435392122034052e-04
    92   5.5627917120409671e-04   4.3110511782338423e-04
    93   1.1056815019623164e-03   1.6184062347580480e-03
    94   4.7085956612293711e-03   4.5525576685167711e-04
    95   3.2029762058662710e-04   5.9026810248897992e-05
    96   6.1753976450207085e-05   3.1872139982792511e-05
    97   3.8032458868387473e-04   3.9169650743513804e-04
    98   5.1246953198288059e-04   3.6815336622191329e-05
    99   5.5329974750612425e-05   4.6694534049989802e-05
   100   4.9893336885476879e-04   3.7057726694263073e-04
   101   5.2460305218510834e-04   4.4253373134207999e-04
   102   1.3064199297660901e-03   6.0491252038053184e-04
   103   5.1802186434668235e-03   7.1671132846678120e-04
   104   1.4719642497209611e-04   4.1815267907784077e-05
   105   6.2321888589391219e-04   3.8451532440169077e-04
   106   5.3650863188627854e-04   3.5471027019570608e-04
   107   6.0098623989643689e-04   6.7288104108966507e-05
   108   6.9060767736204057e-05   2.8989041212431823e-05
   109   7.9252374798613280e-05   1.4394351166094587e-04
   110   7.2869137300552247e-04   3.9442345623987430e-04
   111   1.2033641822622686e-03   3.0468622750308102e-04
   112   5.7519038327701456e-04   1.1879824568941991e-03
   113   4.6675225018674325e-03   1.2918102404066586e-03
   114   1.2610935667095632e-03   7.3297206651482682e-05
   115   6.3164578965543266e-05   2.9421428781917912e-05
   116   5.4779747202289650e-05   4.6789716403106185e-05
   117   3.9396620254453685e-04   2.8458577284480471e-04
   118   6.0276683742425746e-04   3.2071273643030369e-04
   119   3.3462465301262770e-04   5.0104708509916630e-05
   120   8.3532636530192494e-04   6.7851523501785119e-04
   121   7.0581927699602659e-04   1.9446299642692484e-04
   122   2.0268951033244908e-03   2.3168590951151936e-03
   123   3.7549041266501442e-03   1.5929482810027074e-04
   124   8.2176975510665621e-05   1.0040681881386055e-04
   125   7.7766361827819334e-04   1.9899407130636657e-04
   126   1.1127380595916815e-04   3.1445080582523891e-05
   127   1.0149717467686078e-04   2.0125608643426805e-04
   128   1.0006344729932570e-03   2.1659358866327964e-04
   129   2.5845689901330413e-04   1.9370544396587618e-04
   130   5.1183672188544410e-04   3.5082466775529010e-04
   131   9.1307378200547321e-04   5.4303192598762157e-04
   132   1.6507074478033289e-03   1.6264265827716522e-03
   133   4.5932146958102158e-03   5.1976218192095183e-04
   134   1.8066028592137869e-04   4.0623140161896284e-05
   135   7.9384052687928304e-05   3.8482651615484886e-05
   136   2.5394920048322969e-04   2.7349267815956807e-04
   137   4.2832834065525082e-04   9.9052514914447736e-05
   138   8.2018013546114935e-04   3.5641668622874757e-04
   139   2.1681210374670544e-04   6.8109399564258681e-05
   140   1.2153998562828077e-03   5.3298869339971425e-04
   141   3.2611227848464597e-04   3.4620404979420128e-04
   142   5.2847382070017133e-03   5.6018948383623421e-04
   143   1.9537230136872536e-04   1.7747586569924880e-04
   144   4.6787672612287043e-04   1.0483325377932463e-04
   145   1.4512966289255451e-04   1.1274351317013306e-04
   146   7.5644024365962507e-04   3.3002567806962704e-04
   147   2.2407088271268359e-04   2.7928713464411920e-05
   148   5.2607010162499375e-05   1.4127284058054897e-04
   149   1.4602863689617965e-03   1.7823398947847417e-04
   150   1.1932070050351684e-04   3.4905098551237088e-04
   151   4.6628245641292714e-03   1.6054772360264058e-03
   152   1.5707617882121847e-03   3.7329464039945746e-04
   153   3.1148297648135072e-04   2.3300294068561168e-04
   154   7.8462564577165452e-04   1.5201687457113623e-04
   155   1.8443269251376259e-04   1.5533590669758885e-04
   156   2.7042865862083102e-04   5.7669934379266471e-05
   157   1.8827436630361076e-04   1.9262837146803488e-04
   158   3.7913485779182725e-04   1.6349163092430801e-04
   159   9.1688168377227494e-04   4.7127921590061223e-04
   160   8.4222917526120594e-04   4.6805574899436690e-04
   161   7.7675926746828300e-04   1.2497000894687608e-03
   162   5.0231322333896058e-03   1.2017309843538991e-04
   163   5.5131282837081302e-05   3.7019985671665103e-05
   164   4.7425769886903091e-04   4.6831295995464423e-04
   165   5.8120454690656527e-04   5.0889959578044093e-05
   166   8.6002496717325238e-05   8.1097279401678022e-05
   167   5.1849056500572345e-04   2.1600631528103251e-04
   168   2.8983660436196544e-04   4.0680542730057469e-04
   169   1.3405449407702132e-03   1.3831133198994843e-04
   170   3.8089134456166729e-04   9.7837705386188143e-04
   171   5.0757047181113754e-03   7.1837540182725760e-04
   172   2.9901157700942208e-04   4.8712865389218493e-05
   173   5.1024948679114553e-04   4.4098451841277907e-04
   174   4.6276126460656318e-04   4.6113261699095713e-05
   175   5.2472732384963396e-04   5.0775141370799481e-04
   176   6.1521727289665139e-04   1.3434182377788288e-04
   177   5.3777288168351824e-04   1.2274599114178589e-04
   178   9.7640217781927468e-05   1.7206316035869745e-04
   179   1.3956128656871403e-03   2.6631016946609509e-04
   180   6.5692607351488510e-04   1.5905727131551803e-03
   181   4.8235409986212398e-03   1.8399350234173239e-04
   182   5.9636155711340923e-04   3.6422972092406978e-04
   183   3.1595479833218635e-04   3.9104737955161941e-05
   184   6.2298104726035616e-05   3.2006914253529482e-05
   185   8.1823446598043451e-05   1.5215852738783932e-04
   186   7.0329235979749063e-04   1.2690661468619908e-04
   187   9.9016233904012231e-04   6.8570164928801261e-04
   188   5.2941296167964536e-04   3.7240064484984778e-05
   189   1.7014128421330842e-03   2.0109854787143844e-03
   190   4.1026995692884033e-03   8.8013324030758488e-04
   191   6.4541757254727155e-04   2.1256432944073548e-04
   192   3.1794889723672326e-04   3.2065605712994429e-05
   193   7.3239786388666812e-05   1.2198675713733042e-04
   194   4.0994421191733327e-04   7.8786080352210170e-05
   195   1.0720154504896619e-04   1.3258398806726305e-04
   196   1.0338264417946445e-03   3.5022599215532081e-04
   197   4.4081971582120776e-04   4.8449811262325288e-04
   198   1.0438082261963345e-03   2.8569063708107790e-04
   199   9.7754819090115270e-04   1.1513561678280792e-03
   200   5.0226891683188540e-03   4.7836174087222827e-04
   201   1.3169318342686493e-04   1.3796595531065918e-04
   202   8.8186758482827559e-04   1.4080958786001719e-04
   203   6.7250934054323940e-05   2.7281515567605364e-05
   204   9.5439151329229142e-05   6.3138055939079490e-05
   205   1.4394883097819643e-04   2.4158332547961493e-04
   206   1.3204786597643722e-03   3.3916530294339563e-04
   207   5.8069557744903704e-04   2.3740554860523784e-04
   208   4.3407929596092745e-04   4.2797773103104864e-04
   209   3.0971631300469754e-03   2.4405814569774071e-03
   210   2.6867428209604700e-03   2.9722506983096482e-04
   211   4.5219430200727862e-04   4.1626716560209285e-05
   212   3.2062859546733132e-05   1.5291261993957883e-05
   213   9.1654559056269635e-05   1.9750205401975726e-04
   214   6.8363257598023214e-04   8.5575982549917465e-05
   215   6.3231000981508903e-04   5.0595948279260890e-04
   216   5.2241645255301009e-04   2.9554478648298905e-04
   217   1.3214449942804448e-03   8.8296138531716110e-05
   218   1.7265018030245679e-03   2.4881022603631523e-03
   219   3.6688138958063990e-03   4.8782326439148514e-05
   220   8.8326348142920284e-04   4.3034294368042819e-04
   221   2.4850286907641988e-04   1.9593145921562784e-05
   222   5.4048978380845736e-05   7.2889083211558669e-05
   223   3.3819174327528507e-04   2.6492084083817207e-04
   224   1.1193888173271853e-03   5.4367886713362317e-04
   225   5.2376122139033605e-04   1.7684913976158753e-04
   226   6.8779880923030157e-04   2.4812858250634266e-04
   227   4.5736465391655294e-04   5.4308990302284429e-04
   228   3.4990229921361242e-03   2.3668832931631688e-03
   229   2.2741620125135364e-03   6.6951097988423043e-05
   230   8.7096879934505530e-05   3.4738319123531805e-05
   231   5.3945020524293215e-05   3.6210210821737157e-05
   232   4.1692172491646545e-04   3.1158878164513020e-04
   233   4.2892659548983289e-04   2.6399964081527856e-04
   234   5.2555311967058139e-04   1.7785373082109454e-04
   235   1.3647333122573345e-03   2.8770048019999001e-04
   236   1.2693216284321706e-04   1.0504386530851826e-04
   237   3.8404363141016674e-03   2.3334103802812108e-03
   238   1.7863281985188390e-03   2.9652112815593509e-04
   239   3.6029062931578474e-04   2.6429003068453254e-05
   240   1.6743299906453235e-04   3.3526321724057528e-04
   241   8.5097848160807597e-04   1.6768880245551782e-04
   242   8.0975588262909427e-04   1.7132020260850268e-04
   243   3.3582161712142540e-04   4.7404310133070912e-04
   244   9.4949482123662704e-04   3.0172377222584658e-04
   245   1.1279643899143247e-03   3.3595756337547340e-04
   246   4.3166880569104249e-04   1.0630760376215079e-04
   247   5.0444137292862136e-04   1.4437823352047305e-03
   248   4.9384695843574617e-03   1.1321241079690165e-04
   249   7.8484220255809254e-05   2.9018859553182573e-05
   250   3.8031907296233033e-05   1.5628939107939078e-05
   251   4.7859627877264108e-05   6.3566379409646232e-05
   252   6.0907599286368910e-04   5.8426772980916760e-04
   253   8.8874859092822342e-04   3.0661348359046733e-04
   254   8.7579536211398242e-04   2.0243699247285622e-04
   255   5.0372483509151871e-04   3.3590196303875193e-04
   256   1.2871415396981214e-03   2.0244289105009893e-03
   257   4.3564578027663926e-03   1.3467925079712633e-04
   258   1.2242176252883754e-04   4.1032698048537623e-05
   259   2.8707770495494636e-04   3.4577500654087541e-04
   260   5.8730020610446099e-04   1.5343291606373079e-04
   261   4.2322387635404952e-04   3.0264096231717529e-04
   262   1.2746683609598482e-03   4.0756912825082770e-04
   263   2.6071954365601693e-04   7.1659288923435523e-05
   264   4.1919753806114979e-04   4.9064928081270903e-04
   265   7.4611858922828621e-04   7.2240898758996899e-05
   266   4.6207842555293427e-03   1.8410942343083301e-03
   267   8.2989612977439002e-04   1.6846438135161227e-04
   268   4.9783880090365938e-04   9.7477218313713802e-05
   269   2.6052147757387508e-04   2.5386485558296913e-04
   270   5.1431007485452050e-04   1.4272303104063928e-04
   271   4.8310742237048931e-04   2.5079785108858289e-04
   272   4.5336127302763500e-04   3.9971158466196313e-04
   273   6.1870119712023836e-04   5.4426054388352759e-05
   274   1.0925997940754680e-03   6.1952936393914679e-04
   275   4.1672436486689222e-04   1.0770243758947309e-04
   276   4.4738674472730071e-03   1.9834721396036529e-03
   277   9.6532834059360562e-04   2.9236019466053995e-05
   278   6.0588383714414745e-05   3.9051279672099277e-05
   279   7.6588454496081862e-05   1.3921164842094403e-04
   280   1.4447119374144455e-03   2.2767421194934469e-04
   281   1.2391669103763544e-04   1.6864006484102701e-04
   282   8.2111896973971769e-04   2.1364660954780398e-04
   283   2.9490964266479995e-04   1.4033500312810111e-04
   284   2.0206119605795607e-04   2.7446912284962528e-04
   285   4.4309319487655929e-03   1.8890960536150434e-03
   286   1.4938781583913631e-03   2.5737898134643960e-04
   287   4.5749021958201908e-04   4.4990982137743202e-04
   288   6.9103155934447128e-04   9.7188413714703668e-05
   289   7.9893298985426000e-04   2.0482098311939355e-04
   290   9.2144408301295434e-05   3.3884852761863913e-05
   291   7.9248745615325122e-05   7.7907284520941839e-05
   292   1.3243224104512652e-03   4.1779799982433077e-04
   293   1.6626085039836094e-04   3.0476320971406952e-05
   294   1.3600764253123042e-03   2.2349415638500212e-03
   295   4.1065964644453265e-03   2.8495978041875598e-04
   296   6.1836579534323859e-04   1.7783526499990277e-04
   297   3.6666437788148142e-04   2.1116647935793433e-04
   298   3.4880162187779420e-04   3.4426197762630478e-04
   299   7.7741443896913430e-04   1.8515387354704630e-04
   300   9.1911627360118564e-04   4.7457877385602009e-04
   301   9.8780281704712774e-04   3.1938268138931623e-04
   302   1.9493458010898002e-04   3.5177794941926276e-05
   303   6.8350971907561736e-05   7.8982155907472869e-05
   304   9.1866390620161538e-04   1.4850086139333155e-03
   305   4.8521189652669617e-03   3.3952492561985887e-04
   306   9.1691267415068645e-05   2.8341888887310026e-05
   307   7.1604388839846214e-05   1.0580846470629444e-04
   308   1.0040909676687266e-03   2.8505600568827884e-04
   309   1.4443628145108063e-04   5.7034323273149382e-05
   310   7.1415914573612902e-04   4.6009273700654173e-04
   311   5.3068952042767425e-04   4.1149509684580341e-04
   312   1.1943895887866745e-03   1.0473772653616863e-04
   313   9.1906694397565094e-05   2.8144788680646105e-04
   314   4.4452402753951308e-03   1.8278753419266583e-03
   315   1.6891234490268307e-03   1.7666038398908557e-04
   316   1.8311903689165356e-04   2.0630434881745876e-04
   317   5.1447323695160449e-04   1.1842425700844593e-04
   318   1.3315935881705920e-04   1.5922532078266511e-04
   319   1.3608321088700694e-03   3.8832498233988425e-04
   320   2.1594197297240546e-04   3.3835270867136511e-05
   321   3.3793099768418780e-05   1.8700077407328632e-05
   322   1.8837911494875534e-04   3.2655200735267037e-04
   323   3.6550384434681669e-03   2.3021112231565925e-03
   324   2.2227492751989318e-03   2.9909439949668380e-04
   325   4.3362440588809377e-04   2.2572483670433208e-04
   326   6.1286018671634465e-04   3.9257531517311530e-04
   327   4.3346932075453303e-04   2.4921607758799702e-05
   328   8.2320095730234583e-05   1.2043449014793821e-04
   329   5.0169176782018348e-04   2.4960412520597287e-04
   330   8.0766988432150189e-04   6.3474443741148303e-04
   331   7.6247044986064592e-04   9.0971612211458415e-05
   332   8.1525614231182431e-04   4.7471531152819458e-04
   333   6.2268293606534129e-04   1.0997512752316809e-03
   334   5.1023982528609685e-03   2.2491992883981056e-04
   335   1.4033270335798249e-04   1.4816570892998702e-04
   336   2.8260865662022635e-04   5.3101663573392088e-05
   337   5.3573677340709757e-04   6.2120907414895364e-04
   338   1.0243242607260218e-03   2.6974203494508107e-04
   339   4.5180052224584946e-04   1.1346046228307246e-04
   340   6.0988448810601957e-04   4.0738465941298228e-04
   341   3.5762944984393059e-04   3.3114653540703246e-05
   342   4.3182142638614534e-04   4.3850336869090460e-04
   343   1.2980363344535649e-03   1.8394788844964284e-03
   344   4.5276672510521756e-03   1.2196609329690993e-04
   345   5.7383641295721078e-05   2.6395640349164292e-05
   346   4.2184654663827970e-04   2.7707938744917599e-04
   347   2.1997089729356182e-04   2.5432983344189380e-05
   348   8.8660714530677812e-05   1.7354762066403712e-04
   349   1.4128839398675128e-03   1.9315678235449826e-04
   350   9.8524598651907432e-05   1.7149470436603182e-04
   351   9.3152485126506103e-04   2.2523336631164766e-04
   352   2.4911310661852116e-03   2.5697898796501026e-03
   353   3.0400745714931816e-03   3.4998847749516420e-04
   354   6.7063744912060309e-04   6.5534333773985555e-05
   355   4.3863428819201130e-04   5.2850535767939746e-04
   356   7.1895864251074991e-04   1.3394990262858289e-04
   357   1.4193008264764158e-03   2.4609868121864469e-04
   358   9.1746795182529861e-05   3.0895844326775591e-05
   359   1.5735861015300529e-04   2.0599202580812959e-04
   360   4.5165267803325701e-04   6.6149506762466212e-05
   361   1.6367148594416357e-04   6.4395022759518262e-04
   362   5.2657446536053714e-03   3.5656287982054427e-04
   363   1.0238893327853037e-04   6.9598089829018769e-05
   364   4.6672856832415956e-04   3.3661391599632928e-04
   365   6.1659681570505186e-04   2.0821320270727404e-04
   366   2.2686069463675481e-04   5.3442282558866903e-05
   367   3.3817967564306507e-04   3.7859301428341493e-04
   368   6.3718320085382190e-04   3.2488915146833996e-04
   369   1.1093381817622293e-03   3.9414280399448497e-04
   370   6.8692938582185761e-04   1.2216359360354458e-04
   371   2.1593256052369577e-04   7.7439628055797844e-04
   372   5.1777961435693336e-03   6.1227053895966438e-04
   373   3.9058678817103045e-04   1.0505935122506690e-04
   374   1.0758169584936344e-04   1.7403005494538224e-04
   375   1.4317201267942269e-03   2.1994239452424182e-04
   376   3.1849179377771967e-04   2.7330556847780313e-04
   377   4.2826225636407141e-04   1.3756759760463050e-04
   378   7.8592451842919640e-04   4.3278143473229143e-04
   379   3.5026053516451331e-04   9.9390363473666023e-05
   380   7.5967941265239812e-04   4.1568563811955828e-04
   381   3.5881647811303026e-04   2.2512978674919359e-04
   382   5.1434097543230873e-03   1.0399712047285746e-03
   383   3.5480855880867232e-04   1.7593314205514575e-04
   384   6.3834110585116752e-04   1.6810373988483728e-04
   385   9.8532277914520130e-05   1.5414170584129858e-05
   386   4.9358936337939283e-05   3.4107141171794168e-05
   387   8.5855110807563819e-05   2.0618616342331291e-04
   388   1.4166702084654761e-03   1.4797374488964994e-04
   389   7.0389451641886955e-05   8.7468297173555197e-05
   390   1.6272443393389739e-03   2.0571756610778128e-03
   391   4.2080902062047280e-03   3.9371527239595979e-04
   392   2.2019211520396526e-04   2.4678331260883122e-04
   393   9.0694796489221221e-04   2.2234480668952158e-04
   394   1.1921342138269892e-03   5.0079058401733339e-04
   395   3.2447261843147212e-04   4.5783055572065713e-05
   396   1.1189189922741738e-04   2.1938009680545762e-04
   397   7.7511379819611339e-04   5.9099536733349861e-05
   398   5.4650642246579222e-05   5.0221985275968417e-05
   399   5.9980466429844167e-04   6.1711717124683662e-04
   400   1.9566611532767534e-03   2.1636699420163794e-03
   401   3.9609039530227519e-03   1.4217994508015677e-04
   402   4.2112919125642423e-04   1.3710664373707708e-04
   403   1.3688703624929006e-04   1.8867457821369663e-04
   404   9.1246609809493497e-04   1.7529601831013666e-04
   405   2.2011894363152995e-04   2.4674971973502900e-04
   406   4.6725680628337854e-04   7.6375301953484487e-05
   407   3.4853938096965624e-04   1.6223911427019075e-04
   408   8.2811186737959390e-04   6.8180466019720901e-04
   409   6.9222409999834908e-04   1.3543175159423892e-04
   410   2.4282709470927846e-03   2.3648210276763998e-03
   411   3.4371535014882308e-03   3.7479432841242591e-04
   412   4.2839469730172940e-04   1.8548760648533363e-04
   413   1.9958782674884691e-04   1.2634813149338021e-04
   414   1.3976333118631465e-03   3.4367088318826197e-04
   415   1.4031522893198832e-04   4.0597173640324522e-05
   416   6.8035032855252598e-05   1.1186275873849021e-05
   417   2.1768592489477113e-05   3.4727051784895546e-05
   418   8.1706030064496876e-04   7.3994354957690727e-04
   419   4.0427628667133540e-03   2.1602471822244965e-03
   420   1.5011411897415216e-03   5.3023624978055396e-05
   421   1.1050140686077580e-04   1.9756470789138874e-04
   422   9.7771335615720882e-04   2.4386754113995429e-04
   423   2.3462603234126065e-04   2.4091686473166654e-04
   424   6.8144977210912359e-04   1.4650937986767165e-04
   425   6.0157094605105602e-04   1.5860134805528690e-04
   426   9.7983939813691049e-05   1.5741212246920430e-04
   427   1.3868573345454456e-03   2.7617735562986156e-04
   428   1.5310997328081731e-04   3.1487276250709994e-04
   429   4.9703413052079107e-03   1.2468369019856471e-03
   430   1.2598045771139818e-03   3.2378360035332441e-04
   431   1.6984126208533068e-04   9.1166232472768237e-05
   432   1.3409613990564182e-03   4.4094899279196467e-04
   433   1.9272138636046456e-04   4.7832800516104521e-05
   434   4.7768021322151799e-04   2.1081484267771296e-04
   435   2.6535978829918949e-04   1.0854043170017343e-04
   436   3.4494896690654358e-04   2.5303591066715223e-04
   437   3.3682630562389525e-04   1.9619445778718786e-04
   438   6.0643045908419333e-04   5.1931753017878189e-04
   439   5.2777156854152034e-03   4.3113173000462550e-04
   440   7.7783729894653192e-05   4.2242597357579898e-05
   441   9.3516397543544745e-05   5.9237856412559645e-05
   442   3.2939606848200856e-04   9.2179455774281041e-05
   443   8.6151481733997659e-05   1.3513461284846482e-04
   444   9.9458311978137585e-04   3.0649733185355140e-04
   445   3.8750872684584263e-04   3.5971472863281876e-04
   446   1.1080637486835800e-03   4.5320351539757732e-04
   447   4.4436102299928189e-04   2.1531074579875820e-04
   448   3.6133146952258815e-03   2.1926113017537163e-03
   449   2.6025023491732108e-03   2.7856968794742591e-04
   450   1.0471494062001591e-04   1.0938877745940078e-04
   451   1.4360612305156441e-03   2.6921407896899236e-04
   452   9.8773294892353156e-05   8.1358677542961165e-05
   453   8.1953936819863975e-04   1.2106617993136788e-04
   454   4.3800334190221971e-05   5.1342920579682787e-05
   455   7.6949609551998325e-04   3.9508713203150397e-04
   456   3.1779965521268897e-04   4.1876106543853537e-05
   457   1.3400676796529079e-03   2.2727544087932962e-03
   458   4.0792081772237573e-03   2.0142487040477529e-04
   459   4.9593474282324222e-04   1.5245885640300576e-04
   460   1.5034571255470697e-04   3.9074272055832979e-05
   461   1.0766981055059652e-04   1.6970023485663192e-04
   462   6.6891596009248952e-04   8.1593186292306969e-05
   463   1.2551980417410788e-04   2.2742742646967543e-04
   464   6.3335750926516007e-04   2.8808931769913214e-04
   465   1.3503292003135858e-03   1.1373137391749670e-04
   466   2.4759216828019152e-04   1.0413222615516271e-03
   467   5.1365235046166753e-03   3.0291469639728337e-04
   468   9.7332818019470288e-04   5.5376895223426816e-04
   469   7.1884201678631987e-04   3.4262147205652466e-04
   470   7.4069703761903887e-04   4.0248881137893317e-04
   471   7.1439039714976628e-04   9.2114472999303766e-05
   472   4.6856434725358779e-05   1.9023497548947081e-05
   473   4.5282789863947087e-05   5.2489266024029240e-05
   474   8.5436518603298258e-04   2.3309040822041234e-04
   475   1.4625415368853571e-04   2.4787327539553419e-04
   476   4.2043068907568091e-03   2.1218515787687514e-03
   477   1.4645517272415041e-03   9.4603275695082637e-05
   478   2.0377689577193858e-04   2.3921387884738454e-04
   479   7.7609316036368766e-04   1.2137297708292809e-04
   480   3.4908527024987398e-04   4.1552358585338111e-04
   481   6.6732573582795236e-04   1.2696815127669113e-04
   482   3.0242486582163165e-04   7.9129267895941874e-05
   483   9.3905770892111813e-05   1.0510044698378415e-04
   484   1.2451130828602748e-03   5.0361991015650340e-04
   485   3.1666075049884495e-04   4.2640799226618188e-04
   486   5.3079736443463650e-03   3.4639943213985504e-04
   487   4.9442673005389447e-04   6.7231424901425835e-04
   488   1.0538961214891377e-03   5.6215175644499843e-05
   489   4.0670680367774496e-04   3.0710704325498188e-04
   490   4.3155239897485595e-04   8.6660287654521161e-05
   491   1.4047737788049750e-04   2.1789921753063925e-04
   492   8.4164744931009429e-04   2.8199824285174381e-04
   493   6.6221334980113612e-04   2.3118372263969647e-04
   494   1.7901600792103034e-04   7.0961942434782436e-05
   495   1.0694570337640881e-03   1.6284021312799677e-03
   496   4.6580655068318641e-03   6.9361493969330760e-04
   497   2.8864417920984348e-04   2.9632889220007317e-05
   498   3.7089823267101955e-05   1.6426311859888115e-05
   499   7.7366802706422630e-05   5.4041057818885211e-05
   500   3.3970744539410188e-04   3.2010485475116111e-04
   501   5.6279680802828877e-04   2.9650948835615313e-04
   502   6.1276305673191268e-04   2.7750313881918262e-04
   503   1.2678569512224280e-03   3.7930597931789303e-04
   504   3.3315945034838117e-04   7.6848342647025736e-04
   505   5.1883462677174809e-03   5.1871029707245195e-04
   506   1.0524404792063484e-03   5.1129986881605642e-04
   507   5.3874381591252987e-04   4.5616465742233484e-04
   508   9.6462956326581718e-04   8.4072857529365270e-05
   509   6.2302652287386470e-04   3.7834647162852844e-04
   510   2.8049086547159282e-04   2.5764661091012298e-05
   511   8.0487470623424255e-05   7.3758636917832990e-05
   512   2.8807305819293199e-04   1.2991183504110749e-04
   513   1.2150979388441280e-04   1.4730741125176558e-04
   514   4.5142943534300260e-03   1.7895537804946456e-03
   515   1.5460571582908873e-03   5.4493427985905093e-04
   516   4.8639418609638582e-04   5.7398215344161775e-05
   517   2.4222030961242686e-04   2.9131461228623174e-04
   518   5.5055563618499985e-04   7.0429977177742355e-05
   519   1.5600490187292791e-04   1.3339615870634462e-04
   520   2.1541274102556286e-04   5.7542832156759989e-05
   521   1.6074717708964244e-04   2.9691536500923218e-04
   522   1.3446654463429965e-03   2.5985691076803492e-04
   523   7.4549775567994280e-04   7.4018089840071114e-04
   524   4.9472070331361990e-03   1.2196635650150620e-03
   525   4.4611992754250540e-04   2.8816920705864119e-04
   526   1.3996112578838938e-03   1.2194258044630730e-04
   527   1.4500618901709488e-04   1.8306517610708722e-04
   528   4.8094498098499058e-04   6.3746402330083104e-05
   529   5.3257097661771047e-05   6.0945922612280621e-05
   530   8.0065313904476671e-04   3.1237972290333279e-04
   531   1.7114478441606501e-04   5.1933728761577843e-05
   532   9.1441683371764736e-04   3.5943802771241955e-04
   533   2.2578021855474578e-03   2.5663409297313885e-03
   534   3.2310362385842475e-03   9.9582632493341728e-05
   535   5.7541557503990211e-04   3.7078975425660661e-04
   536   3.3090570321906045e-04   5.0267932777158714e-05
   537   3.6871368846127362e-04   1.7626260183165716e-04
   538   1.3603060031205791e-04   3.5743503577422322e-05
   539   7.5776447587296003e-04   5.0440592619524407e-04
   540   3.8404495773223266e-04   1.0612766105364864e-04
   541   1.4124142853491346e-03   3.1308419328042019e-04
   542   2.5178639212805842e-04   7.9375842424157393e-04
   543   5.2334442115155562e-03   2.4212684759319122e-04
   544   5.6752403222350470e-04   5.7625953407151593e-04
   545   8.8033196153193809e-04   3.8548388954824062e-04
   546   7.7348683983224291e-04   1.2369831350099732e-04
   547   2.2397188468489270e-04   1.2104736211748331e-04
   548   2.6741913852990486e-04   8.1296838452930609e-05
   549   8.6556966064888733e-05   4.0532361663206698e-05
   550   6.5830274966086492e-05   4.6402728711170040e-05
   551   7.4007363113482805e-04   1.1847272750775352e-03
   552   4.8407930239217530e-03   1.0531403792820417e-03
   553   4.5202621330218327e-04   3.6390038333219624e-05
   554   1.2321082083430489e-04   1.5192710827805603e-04
   555   7.4559553635108523e-04   3.4561890926700296e-04
   556   4.0106150178583665e-04   1.5955338478995071e-04
   557   2.8954189463169656e-04   2.5462548276147096e-04
   558   8.2334181507002233e-04   1.3928368668522892e-04
   559   5.6151856852275329e-04   5.7348472815604379e-04
   560   9.9616941643411233e-04   3.5735864453309048e-04
   561   5.7740548461827684e-04   2.6220310624241056e-04
   562   4.6812196625468086e-03   1.7610841744916711e-03
   563   7.6124692587966757e-04   1.6482323314076841e-04
   564   9.1048564674902775e-04   2.4199480792907571e-04
   565   1.2461071610727808e-03   3.7413491496997943e-04
   566   1.6342109553768287e-04   5.2012934509668877e-05
   567   7.7692301132917805e-04   4.8190359909817937e-04
   568   3.7810020487866463e-04   3.5031387220309809e-05
   569   4.7542792054128407e-05   2.0867833174748505e-05
   570   1.5922127191143187e-04   3.2759472852358500e-04
   571   3.7346303289206976e-03   2.3328321156148219e-03
   572   1.9945586599005006e-03   1.3745214068759529e-04
   573   4.6610567998409190e-04   2.9744086917803575e-04
   574   3.3691743597560647e-04   2.4382229202834099e-05
   575   1.7763539672847917e-05   1.9413704702499603e-05
   576   1.6552117256507317e-04   3.4328723100843244e-04
   577   1.3956508623450847e-03   1.3691129844320771e-04
   578   7.4517426511058410e-05   6.3157536055598624e-05
   579   5.8105309960095660e-04   8.6346129395332191e-04
   580   4.6440344648139373e-03   1.5251024276787058e-03
   581   1.2546530820907373e-03   3.9821102835869342e-04
   582   5.0707596208020842e-04   3.8789490249012789e-04
   583   1.1917170564503144e-03   2.4512176617399393e-04
   584   5.9974891466147795e-04   2.0354077055126455e-04
   585   1.3235689280162861e-04   1.0527560929130207e-04
   586   8.5054346666479236e-04   2.2566417190774014e-04
   587   1.1162972417635922e-04   2.4746623774522435e-05
   588   1.0352385601041117e-04   1.7978800082631499e-04
   589   8.4681994737479554e-04   3.8434123418338542e-04
   590   4.7221253104999658e-03   1.6363465751097069e-03
   591   9.6117301699012768e-04   4.9116610355148403e-04
   592   7.7825560060126072e-04   7.8048404018463483e-05
   593   1.9553118230862510e-04   1.6522293575324784e-04
   594   3.7151537825489068e-04   1.4719002489176034e-04
   595   3.5852522045317817e-04   1.1387490606399182e-04
   596   1.1172565874669853e-04   1.3331380832675723e-04
   597   1.3772091633630027e-03   3.7642820238237474e-04
   598   1.7500232597278794e-04   3.4304602831351402e-05
   599   9.2006448160358812e-04   1.7273389283580733e-03
   600   4.5489973519781575e-03   8.3917681058813965e-04
   601   6.7278688689377726e-04   4.7859078391723739e-05
   602   5.4017720768887790e-04   6.8184947341273544e-04
   603   9.5411296848491587e-04   6.8311266751959812e-05
   604   3.1555740497288059e-04   1.8967755920453657e-04
   605   2.1897031419841314e-04   3.9660617729773437e-05
   606   1.5366974089325844e-04   2.1820353520048252e-04
   607   8.9417739000640457e-04   2.1162441155648403e-04
   608   1.2681389695564079e-04   1.9299421704156689e-04
   609   5.1496652764041646e-03   1.0383275515867773e-03
   610   3.0113785504023706e-04   7.9386137762520645e-05
   611   7.4225132269125358e-04   3.5413688348049759e-04
   612   2.6885619795156572e-04   1.1049762788259829e-04
   613   8.2775622923572623e-04   3.8844526844499682e-04
   614   3.9241007409804269e-04   2.3766169959160650e-04
   615   5.6237927778410139e-04   1.3750732599164723e-04
   616   1.1122067261915122e-03   6.2317791235699804e-04
   617   4.2462191004315664e-04   6.1612361741754897e-05
   618   5.2579348089403909e-04   4.2694689386669143e-04
   619   2.9249386154744680e-03   2.4363116849300806e-03
   620   2.8822399410058856e-03   3.2878341745831724e-04
   621   2.9658445184922310e-04   6.2127228271230582e-05
   622   7.7612678792572486e-05   1.4408376344531628e-04
   623   1.4206061315438414e-03   1.9429889732668036e-04
   624   1.0009502917294466e-04   3.5642735408039256e-05
   625   7.1318358134005074e-05   4.9060814282692158e-05
   626   3.8292424948972557e-04   3.0119045843402214e-04
   627   3.4856628482823811e-04   1.8543961850319674e-04
   628   3.1895470587508384e-03   2.3857324300114485e-03
   629   2.7419846812564296e-03   2.1123533596792706e-04
   630   8.3380064701727948e-05   2.1076992107155224e-05
   631   2.1471196031712042e-04   2.4611877420187229e-04
   632   6.6013052462648883e-04   3.7412961178473996e-04
   633   4.9715666085786540e-04   1.1689136825770943e-04
   634   1.3815397080910250e-03   3.6411741889511630e-04
   635   1.5223769198415490e-04   6.6081727529702071e-05
   636   8.7554941791145576e-04   3.9024250267531805e-04
   637   3.9477059773019961e-04   4.9081143671971460e-04
   638   4.3254835318728563e-03   1.9971584022291395e-03
   639   1.3614264984032497e-03   6.0630512793707230e-05
   640   2.1059539611638194e-04   3.1958500568359031e-04
   641   7.8432238196953473e-04   7.4417449757543385e-05
   642   5.4420260169671744e-04   6.6981966678920143e-04
   643   9.6929241097854499e-04   3.6353502354033726e-05
   644   4.3362077932874708e-05   9.5422398187437404e-05
   645   6.5047533210752732e-04   1.2220346998475319e-04
   646   5.3899824222425818e-04   3.8868863780942175e-04
   647   1.0006731324848795e-03   1.7739597550956111e-03
   648   4.6435097429373172e-03   5.3598461770345408e-05
   649   6.7255995737918611e-05   3.2670760948879460e-05
   650   1.1157586837298460e-04   1.0706340373037236e-04
   651   3.5872336070695365e-04   3.0257133734726450e-04
   652   1.2430701719231712e-03   4.5464816398875388e-04
   653   2.9385532206809418e-04   9.5375173942769585e-05
   654   6.1083272633343758e-04   2.4554451520779797e-04
   655   1.7910291292569947e-04   7.0455535484738381e-05
   656   3.7945461950765189e-03   2.3689920707540228e-03
   657   1.7707946200728776e-03   3.8721080449416370e-04
   658   8.7204052627828899e-04   1.1618120875724831e-04
   659   4.1809152665096800e-04   3.3285810598523692e-04
   660   5.1862032207186594e-04   3.7111798930847338e-04
   661   8.1542869651210210e-04   1.5515344605112903e-04
   662   1.3131879822160387e-03   3.6453630464452764e-04
   663   1.3831292333946798e-04   2.5745842586943788e-05
   664   5.1184471662486428e-05   4.4381659044794609e-05
   665   3.0888146370636947e-04   6.8862309747479784e-04
   666   4.6366230965994102e-03   1.5821654710187134e-03
   667   1.4480993311545315e-03   1.6690936173228906e-04
   668   1.7602743452059167e-04   1.5720269295420246e-04
   669   3.0457281517058942e-04   8.7586961580452604e-05
   670   3.4473540325789012e-04   1.2231334881539316e-04
   671   3.0798113110043772e-04   5.1770368241786918e-04
   672   1.2603527875475824e-03   1.1237213520254056e-04
   673   1.0114694947660329e-04   1.1677227456082686e-04
   674   8.1222237120343109e-04   1.1454750161609672e-04
   675   6.6060004649603219e-04   1.6925496205225142e-03
   676   4.7494100804810688e-03   2.3333686739941150e-04
   677   5.9824821922037244e-04   1.0160658108129180e-04
   678   7.4653081272075920e-05   3.1289756174275605e-05
   679   6.8831887970515144e-04   7.1495200589098077e-04
   680   7.9552057311020217e-04   6.5259073851794288e-05
   681   7.8971486957134360e-04   3.1711317808550348e-04
   682   4.1832615126791454e-04   3.9481262105904043e-04
   683   6.5873867401394456e-04   5.9204143071353102e-05
   684   4.4681064015752840e-04   6.6157946303877369e-04
   685   3.3051831360521719e-03   2.2961724318906066e-03
   686   2.6990518244517942e-03   8.9642915101842088e-05
   687   1.2595366574833606e-04   1.4433372400671760e-04
   688   2.8563517417796519e-04   4.2387605508912764e-05
   689   1.1208829017410960e-04   2.3812612160165276e-04
   690   1.0106709209288913e-03   4.8570443810668548e-04
   691   9.6200408480663125e-04   9.1556652852372276e-05
   692   7.9722106035937768e-05   1.5860692630809630e-04
   693   8.8249536235481029e-04   1.2483191183023973e-04
   694   6.7299144405355896e-04   1.6799325904905185e-03
   695   4.7656144365569742e-03   1.1699818833177919e-04
   696   9.1509542359506136e-05   3.3689789962667026e-05
   697   4.5072486978911695e-05   6.4748090824801684e-05
   698   7.5320983221001555e-04   5.6706059653414682e-04
   699   9.3114295243370161e-04   2.9530622678172671e-04
   700   3.3006898524879833e-04   7.5147962345926001e-05
   701   6.4512734935942811e-04   3.3146911808991424e-04
   702   2.6413813827489004e-04   5.0425014719788897e-05
   703   1.7174467958916266e-03   2.3959621005581735e-03
   704   3.7490236529782819e-03   4.6179161610884745e-04
   705   9.5160428247722314e-04   2.8400713141879487e-04
   706   3.9770577485040290e-04   1.0130976939737043e-04
   707   2.7799656844557905e-04   2.4763836729190018e-04
   708   4.4444899516035593e-04   1.7564446731112502e-04
   709   1.1936528329980543e-03   5.5345050444084037e-04
   710   3.5391214917972094e-04   1.2520749020157002e-04
   711   7.3133807065300319e-04   1.4740611956303283e-04
   712   4.4703840725047333e-04   4.2931721273156232e-04
   713   6.1841372374108860e-04   2.3656677497345491e-04
   714   5.0197544922375567e-03   1.2969566645190361e-03
   715   3.9177384320750598e-04   2.3180881875620419e-05
   716   3.4758181437110055e-05   2.1143472139519173e-05
   717   1.6181847297261045e-04   2.9020228254081240e-04
   718   8.4457742017029222e-04   1.6701768928132862e-04
   719   1.0365666912677803e-03   5.9408692054495229e-04
   720   5.0320139998694634e-04   1.4665821852330929e-04
   721   4.9686038306609285e-04   1.2102308161096633e-04
   722   1.8692328195653088e-04   4.3653567402974851e-04
   723   4.7144605285327377e-03   1.6604852287282811e-03
   724   9.0972767056444700e-04   5.1945258929536955e-05
   725   8.1212712352142356e-05   5.6454089686275928e-05
   726   2.1678539509967259e-04   3.8709799824711451e-04
   727   1.3365618695384326e-03   1.6341382064638418e-04
   728   5.6482487978156152e-04   5.2178157621658630e-04
   729   6.4270158728587691e-04   6.7313917371879386e-05
   730   1.7231743139025870e-04   2.3671577986350179e-04
   731   7.5592026130702949e-04   8.3805225533752293e-05
   732   1.5415173258428343e-03   2.3535348978673811e-03
   733   3.9090663317406594e-03   2.5333819423495389e-04
   734   4.0125571885791703e-04   1.0251438335984971e-04
   735   9.2787587728930117e-05   5.7622670038880518e-05
   736   7.2981583713361393e-04   2.1843224706333898e-04
   737   3.0927865899886098e-04   3.8755875703225500e-04
   738   7.2730977924941010e-04   1.0892881776223508e-04
   739   1.2612223476586163e-03   4.2605743471378133e-04
   740   3.8893173036023677e-04   2.8023549432029893e-04
   741   4.6196435890685545e-04   1.0434755294865581e-04
   742   3.3650929931164650e-03   2.5734980293877145e-03
   743   2.0614329969444083e-03   4.3653334500282525e-05
   744   2.7254319458885022e-04   1.3354927966958326e-04
   745   2.5662862297629524e-04   3.5310622197707751e-04
   746   8.2621498495988918e-04   2.1399542537128748e-04
   747   1.4003257376750708e-03   1.5456153438727900e-04
   748   5.9430628274090270e-05   4.3203999933912147e-05
   749   8.3759776374134275e-05   3.6513940436922043e-05
   750   3.8584738865293197e-04   5.7978015576999674e-04
   751   2.8479985599084139e-03   2.2858267876698056e-03
   752   3.2155081873284776e-03   3.4589924205273136e-04
   753   5.6930489914732698e-04   1.8390073508704822e-04
   754   1.4754745755606296e-04   2.2550642153655899e-05
   755   7.4936780456606191e-05   5.9181592573069879e-05
   756   3.0028856077809953e-04   2.5664849033841034e-04
   757   9.0312449667077292e-04   5.8934549912562301e-04
   758   6.9604741588726829e-04   2.2389622685158823e-04
   759   8.0864770490043187e-04   1.0110453806959856e-04
   760   1.3126591000985565e-04   6.9426860351647253e-04
   761   5.2669475614840373e-03   2.3465363026804479e-04
   762   1.4109099861095022e-04   2.1152053043910815e-04
   763   8.9512317593502604e-04   1.4217831542093863e-04
   764   6.3953096022756415e-04   4.3492942838033166e-04
   765   6.8848914094541737e-04   5.5118723096756839e-04
   766   9.5337528664292165e-04   1.3973637062881361e-04
   767   4.7252499116788495e-04   8.6676930001833879e-05
   768   5.2557695596378659e-05   3.3794182278414437e-05
   769   1.0828385329410872e-04   2.5109101125561710e-04
   770   3.5756183865632389e-03   2.2970441584029035e-03
   771   2.4014987637936583e-03   1.8182046198144346e-04
   772   6.3892405516898334e-04   3.7133995909335507e-04
   773   2.9458680236068419e-04   3.8904498820385970e-05
   774   1.8020973575229134e-04   3.3326203235170169e-04
   775   9.7731284775731783e-04   5.3136614866435430e-05
   776   2.7149655798063552e-05   8.9104924953725434e-05
   777   1.3695658967328537e-03   3.3444591616461336e-04
   778   1.9113069254573150e-04   8.0993323129901039e-05
   779   1.2274813019223477e-03   1.9783359947472498e-03
   780   4.4179065692250144e-03   1.8478637917821776e-04
   781   8.7114156261651276e-05   7.5971671866903483e-05
   782   5.1488753801640639e-04   3.9074081748838719e-04
   783   9.9812581042666576e-04   5.4841018778633492e-04
   784   6.1536920872237049e-04   8.9015665718473485e-05
   785   9.6979996723074811e-05   4.0360203492595082e-05
   786   1.9941526815004168e-04   2.9535309237596483e-04
   787   7.0753068670847063e-04   6.0202746011429224e-05
   788   3.5487883050198770e-04   1.0683340271723199e-03
   789   4.8648713901300721e-03   1.0760611471047367e-03
   790   1.1883744944947482e-03   9.3829584238649700e-05
   791   3.0285837208896032e-04   2.9230292960788110e-04
   792   4.3888377055089202e-04   1.8931318594312993e-04
   793   3.9783974424072079e-04   4.7490770153691256e-05
   794   5.6026504297716130e-05   7.6153556336533768e-05
   795   7.2428210486527882e-04   5.5577713452760068e-04
   796   6.4833407300611849e-04   2.8026805099536285e-04
   797   1.2184767492152968e-03   2.1434310484161806e-04
   798   6.6050234549693638e-04   1.0557395747735968e-03
   799   4.8527745799575349e-03   1.1342369520312347e-03
   800   7.4314465597151327e-04   3.3795616661957668e-04
   801   6.2319725913106104e-04   9.6728702420492349e-05
   802   7.3694533034922505e-05   1.1984290754954842e-04
   803   8.0406304067104850e-04   3.9890911744584339e-04
   804   1.2094109806761253e-03   2.7578248325876040e-04
   805   1.1483132107285220e-04   1.5834345119586688e-05
   806   3.3064665143080351e-05   1.5890841596094672e-05
   807   5.1033943317315756e-04   1.4949997999573847e-03
   808   4.9066308241887341e-03   1.2545975690049006e-04
   809   5.8790935393537073e-05   2.1561055202078747e-05
   810   9.7048490293887829e-05   1.7585707099296600e-04
   811   5.1206953881322318e-04   1.2555140381108990e-04
   812   7.1364450890031939e-04   3.9280436856587640e-04
   813   4.0252097496564437e-04   1.3666383318415725e-04
   814   9.2700365371870702e-04   5.9093301266717013e-04
   815   7.6079317268450055e-04   1.6877268559222988e-04
   816   2.6908103104156440e-04   6.3575379713527551e-04
   817   4.6635831758353383e-03   1.5833874342186199e-03
   818   1.3641454097400906e-03   1.4666347485894991e-04
   819   4.9810350823462275e-04   4.6784372978948146e-04
   820   5.9744411184760543e-04   1.9109670227019209e-04
   821   8.6944494612205356e-04   2.5810841609017480e-04
   822   1.0256394856552433e-03   6.0841133925999369e-04
   823   4.5574518731928359e-04   3.3168254533390904e-05
   824   5.5171685811612135e-05   4.8018098555436903e-05
   825   7.7569017075712838e-04   3.1265835207186613e-04
   826   2.7748493791607932e-04   4.0720389703292637e-04
   827   4.7526669864894917e-03   1.6179176586957550e-03
   828   8.8749207794064258e-04   8.0001348003891189e-05
   829   9.9636245660437338e-05   5.7736085806664431e-05
   830   3.1957815510512752e-04   2.3391837539566077e-04
   831   2.7379571111023137e-04   1.2248884654399359e-04
   832   4.8562754646249004e-04   1.3257010079804375e-04
   833   1.0836672227686302e-04   3.4433572956619466e-05
   834   7.5072605169880242e-04   7.0284472429632712e-04
   835   7.8447355112569255e-04   2.6305125484909608e-04
   836   5.1490552507672347e-03   1.0238882965666954e-03
   837   2.5661983780537139e-04   3.3485024340748765e-05
   838   5.3492057560714261e-04   6.4512600809063026e-04
   839   1.0072938444456228e-03   1.6595179613248070e-04
   840   9.2080713643151945e-04   3.4679630512131864e-04
   841   2.0734167541459813e-04   1.2998533791389581e-04
   842   9.9895198533331590e-04   2.2294575642176707e-04
   843   1.8180300716155883e-04   5.1692090476011156e-05
   844   2.1251628120941415e-04   2.7145542226174151e-04
   845   8.7678412428875954e-04   1.3953825574301113e-03
   846   4.9003856595700819e-03   4.0515191518265934e-04
   847   5.8183972548319686e-04   2.8791810304753038e-04
   848   3.0656367913242368e-04   1.3870188997836162e-04
   849   6.4739007858372998e-04   2.6059363322404198e-04
   850   1.7844299028189710e-04   2.7197525136576226e-05
   851   1.3219883561715992e-04   2.3937635363422281e-04
   852   8.4209657691015254e-04   1.0193502014077699e-04
   853   1.6676807022389132e-04   1.3166811622006885e-04
   854   5.4923326793196664e-04   7.1147822325278364e-04
   855   3.2517862154841275e-03   2.0680077969615273e-03
   856   3.2311416945208652e-03   2.6790898045816900e-04
   857   7.5864317377775649e-05   2.4890808933370207e-05
   858   3.2786644265454427e-04   5.5845824818782084e-04
   859   1.2286370561970556e-03   4.5650673407019361e-05
   860   3.2879121032252713e-04   2.8556560473661137e-04
   861   3.1820329301194487e-04   6.1571229096419499e-05
   862   3.4660681603592114e-04   2.0915900944198522e-04
   863   4.4601683170416244e-04   4.2032756142878271e-04
   864   8.6489867377510115e-04   6.0469534458364269e-04
   865   5.0456240776893986e-03   1.0835738948815690e-03
   866   5.1376653665822993e-04   1.7762521005544848e-04
   867   1.9986170229786888e-04   7.3645787137960894e-05
   868   9.2812763091456815e-04   2.4253027850511952e-04
   869   1.1135505401286651e-04   2.6884081195499938e-05
   870   4.9457784124776433e-05   2.0444581386395270e-05
   871   1.2264988185624909e-04   2.0972819935399751e-04
   872   8.0861121499785772e-04   3.1837617690080113e-04
   873   1.2862588850009206e-03   1.0847651737450497e-03
   874   4.0347006290197968e-03   2.0166046579546295e-03
   875   1.4724881133804395e-03   1.6381650249633860e-04
   876   7.8196063180063574e-04   1.1200524993923868e-04
   877   1.8463181138388509e-04   3.9738852019425679e-04
   878   1.3428330639289601e-03   1.6291983954005450e-04
   879   6.1195943375569588e-04   2.3954642979705118e-04
   880   4.2365294110352579e-04   3.7970943400057207e-04
   881   5.0667494402429844e-04   3.7735181822751588e-05
   882   4.3472911506171709e-05   2.0592410081188339e-05
   883   1.0718972491078314e-03   2.0769334591060808e-03
   884   4.3643499914591639e-03   8.6143430333911455e-05
   885   2.6522746277955961e-04   4.1072632091874702e-04
   886   8.9734688827847078e-04   4.2915345701148031e-05
   887   3.9658069811816822e-05   4.4514731799728109e-05
   888   4.6120891500927961e-04   2.5476235908935256e-04
   889   1.8950636721125759e-04   8.1579862301509737e-05
   890   6.7606281132731702e-04   3.6766138777434061e-04
   891   6.4852971368210474e-04   2.4975732357692060e-04
   892   1.0979855098993260e-03   9.1924135770699922e-04
   893   3.2838270834968783e-03   2.3155028816785545e-03
   894   2.5237383866890881e-03   1.5857614794869375e-04
   895   2.7271877210676879e-04   2.0124153512608475e-04
   896   4.6063386213428579e-04   4.4746177715822234e-04
   897   1.2926895093114137e-03   7.6703653662079719e-05
   898   8.5150708010131652e-05   1.1399893039797461e-04
   899   3.0703760497212493e-04   8.1414276103872177e-05
   900   1.0287068854133274e-04   1.3160266475517737e-04
   901   7.3243838251346879e-04   1.9641926940621211e-04
   902   2.5734662957333242e-04   4.4432034582454982e-04
   903   4.6388200218606219e-03   1.6668490897701665e-03
   904   1.3437713664867881e-03   2.4031539991265126e-04
   905   1.5778169346465268e-04   1.4709509439185051e-04
   906   8.7562675070193823e-04   1.0440517088667272e-04
   907   6.5809188756093404e-05   4.1640558110024831e-05
   908   2.6630637091301006e-04   4.0007357546343822e-04
   909   8.9872406099890747e-04   8.0229460896422516e-05
   910   3.9212072916105606e-04   2.5822505103023630e-04
   911   2.4680286086660338e-04   2.1465715175218126e-04
   912   1.4822664017860013e-03   5.4797131496651084e-04
   913   4.9272514909915570e-03   1.3432107008059906e-03
   914   4.2425559651990759e-04   4.9722031446618410e-05
   915   1.2378089916165055e-03   5.5415379370799434e-04
   916   3.0057767765261670e-04   3.1940415989774944e-05
   917   7.4254014883590614e-05   9.6286129062020680e-05
   918   9.1420718451810012e-04   2.5765965637622495e-04
   919   1.2689025481698118e-04   7.4532235581061465e-05
   920   5.6736722139235404e-04   1.4920959595474500e-04
   921   8.7715842001510395e-05   1.7609529800976888e-04
   922   5.1942121590895177e-03   9.3108593227424728e-04
   923   2.5360890661086950e-04   4.3026020219423247e-05
   924   2.5201692151494376e-04   2.0680951645118609e-04
   925   2.6281949536558847e-04   5.8737138436353550e-05
   926   5.9235943072824136e-04   3.7149355010684460e-04
   927   3.3102290070935691e-04   1.3847272992536792e-04
   928   8.4484700807123793e-04   4.6041207679655571e-04
   929   6.6803487700012006e-04   4.6392590961950370e-04
   930   8.7287207900231002e-04   2.5420462491767713e-04
   931   7.3798798359440369e-04   3.5457989228919457e-04
   932   1.7719513216181769e-03   2.0285034628244351e-03
   933   4.1821217959499626e-03   4.0233404914873051e-04
   934   7.0062563620945770e-04   4.1566948808055993e-04
   935   5.4289577157645675e-04   4.7211773674473589e-04
   936   1.1660619513387180e-03   1.7126198187993594e-04
   937   3.0638191383793679e-04   1.1511020209148668e-04
   938   1.6203874839715901e-04   4.5343077295066753e-05
   939   6.4212669834356074e-05   3.6530833095156857e-05
   940   4.5292379803439234e-05   3.9292285691777130e-05
   941   5.8618380375531577e-04   7.1620390807694318e-04
   942   4.9261440841202328e-03   1.2833895447962472e-03
   943   4.6961199181673382e-04   4.0651779663435376e-05
   944   6.5234399283574374e-04   4.5729455432814368e-04
   945   3.9717222441927331e-04   3.8858833001794841e-05
   946   4.9758185404491232e-05   2.6936008311588692e-05
   947   9.0267858013680466e-04   6.8343501564566416e-04
   948   6.2659185721020659e-04   7.5062507994202402e-05
   949   2.8268380116839101e-04   2.9855302785628392e-04
   950   6.0777066629338265e-04   4.3498572957660392e-04
   951   1.6078427141508890e-03   1.1311815360892533e-03
   952   4.9691500807489391e-03   5.4024520759621058e-04
   953   1.9728360591658115e-04   2.6322046985586514e-04
   954   1.0183998356261875e-03   1.1954827121390739e-04
   955   8.3546305413769988e-05   7.2531119380502419e-05
   956   7.6229099782662633e-04   3.0691361796773441e-04
   957   2.0008519321792210e-04   1.2714391050880407e-04
   958   7.3802280725847509e-04   1.7420040705182902e-04
   959   3.2164700243847595e-04   2.6307364923606092e-04
   960   4.7230813035771465e-04   2.0857254207380969e-04
   961   6.6620528494122308e-04   9.0453123385427197e-04
   962   4.9908272390418867e-03   1.0113705029863311e-03
   963   3.6573364800699786e-04   5.5156950169530491e-05
   964   1.1041245899352588e-04   2.1510419336852472e-05
   965   3.6919421986631053e-05   6.3305919909534850e-05
   966   6.2593959074332898e-04   5.0272206578512132e-04
   967   1.1250179877051471e-03   2.2963689433921943e-04
   968   1.1571362205693956e-04   7.4816797691670107e-05
   969   1.2773704571717509e-03   4.1095132422278729e-04
   970   4.3527464279103018e-04   5.0614847460764647e-04
   971   2.0590400021523229e-03   2.0067882341645907e-03
   972   4.1299825610858383e-03   1.3556948745728457e-04
   973   1.6649641938650035e-04   1.7667475012273791e-04
   974   3.8429454025691421e-04   1.4061205885421192e-04
   975   3.4904897370612595e-04   1.2054730874322316e-04
   976   1.9630124887747046e-04   2.8026156798979503e-04
   977   9.9016179638610684e-04   1.4993525264253335e-04
   978   7.7553919335467123e-05   1.9037828396386553e-05
   979   6.3799916700327318e-05   1.1604600336869816e-04
   980   3.9434203225219089e-03   2.2291335984606846e-03
   981   1.8555915467082576e-03   3.4425068207124984e-04
   982   3.1386949277271644e-04   2.0209830805280264e-04
   983   8.2179851596068736e-04   1.0670537668548646e-04
   984   8.7039280668024064e-05   1.0173782199419848e-04
   985   8.6804597170906067e-04   2.6431367510637045e-04
   986   9.2118520066222125e-04   6.2523380812346853e-04
   987   5.6083507288206451e-04   1.0437881323997654e-04
   988   7.0335980042266627e-04   3.2411237702422926e-04
   989   6.8168914777482891e-04   6.3910254809402449e-04
   990   8.9579298050588934e-04   2.6344503871050741e-04
   991   5.2445998093223799e-03   7.5424146914834669e-04
   992   1.5638316201018609e-04   4.5046899770617824e-05
   993   3.5882550346099697e-04   1.7288359451758290e-04
   994   1.6253216366555147e-04   6.0619856279860192e-05
   995   2.0474769592559821e-04   3.0301037554505950e-04
   996   8.8327265349704526e-04   4.5685382462572369e-05
   997   5.3755690963126555e-05   7.1511720315400670e-05
   998   8.0475932330942681e-04   4.7683635087979209e-04
   999   4.8607234112610565e-04   8.3033928057181495e-04
  1000   5.2207789649140633e-03   1.7859183968816606e-04
  1001   1.6862283887735178e-04   1.5534429810805874e-04
  1002   2.5376231322781428e-04   4.6833975111844789e-05
  1003   3.1357610055479310e-04   5.3165811490705204e-04
  1004   1.1761672387342794e-03   2.4550384881914312e-04
  1005   5.7840073794638170e-04   1.3095922410701158e-04
  1006   4.5659197642796599e-04   6.1656172352307550e-04
  1007   1.0949491127265217e-03   3.2753240529376869e-05
  1008   5.2976054651685618e-04   4.9741317686121680e-04
  1009   1.4412716778533033e-03   1.9775464790585040e-03
  1010   4.3582626348241896e-03   1.1728412155239898e-04
  1011   1.5677098695346812e-04   2.1962511781217325e-04
  1012   5.3988619401849371e-04   1.3567352435863946e-04
  1013   5.5956849007234640e-04   2.6389818078360980e-04
  1014   4.4952194397324851e-04   1.9164196017676683e-04
  1015   1.8781224965308700e-04   8.7255787430757728e-05
  1016   6.3201831379278454e-04   2.2692697102059736e-04
  1017   1.3670559950978241e-04   3.8439007484647134e-05
  1018   4.0430005467523793e-04   1.1610192607453876e-03
  1019   5.0786042556348436e-03   3.0156311307120759e-04
  1020   6.4901344015026979e-04   4.7808101938786831e-04
  1021   4.3092979785824039e-04   6.9120916310911278e-05
  1022   1.0070862615373017e-03   3.1729784199300393e-04
  1023   2.7904103711170206e-04   4.0100652004988963e-04
  1024   1.3186685281718377e-03   1.4485875215583332e-04
  1025   1.4347875660534584e-04   1.7332771494557738e-04
  1026   7.5134313227372715e-04   5.0969712387266574e-04
  1027   1.0687178841712018e-03   1.7518976946117351e-04
  1028   1.1768483730581944e-04   1.4600718251892380e-04
  1029   4.9629512252609810e-03   1.4013230776067948e-03
  1030   4.9117615601642934e-04   2.0431114703767312e-05
  1031   2.3045812329125448e-05   2.2969480927892765e-05
  1032   9.6686975389942279e-05   9.5347975781324401e-05
  1033   8.5515200103439585e-04   2.2282178364151304e-04
  1034   1.0886027088493612e-04   9.2447517592225920e-05
  1035   4.4121574410011709e-04   1.2565341850995229e-04
  1036   3.5774174637324822e-04   2.6821331670746700e-04
  1037   2.6829687234650262e-03   2.5350696870229880e-03
  1038   2.9450250410131863e-03   3.0135202958627187e-04
  1039   7.2101472491870771e-04   2.1364979861503925e-04
  1040   3.2276119002285023e-04   5.0023529002579572e-04
  1041   1.2625576500558252e-03   9.3028225718355402e-05
  1042   4.6351042973696713e-04   3.1337756326000325e-04
  1043   4.0313837666076019e-04   2.5526123152181198e-04
  1044   1.1925335007240696e-03   3.2888519048793804e-04
  1045   6.7633756252413551e-04   4.3127240647247012e-04
  1046   5.8840540717033376e-04   3.3410560802371424e-04
  1047   7.3619669235073691e-04   8.3877114343541658e-05
  1048   1.3156613169462168e-03   2.2158414104907452e-03
  1049   4.0990961114399519e-03   5.0811403750239718e-04
  1050   9.8112160479843762e-04   2.1225159141871692e-05
  1051   1.8828491763356080e-05   2.4291687985899074e-05
  1052   1.4676730970652170e-04   1.1886323134381172e-04
  1053   2.3756669287097228e-04   5.7463470929007401e-05
  1054   6.6046158432723630e-05   3.5574602935124220e-05
  1055   2.8369005588288769e-04   2.2881087853499020e-04
  1056   1.2506117089837873e-03   2.0423647017803236e-03
  1057   4.3419799150768946e-03   2.2485538895608375e-04
  1058   1.2045037443816089e-03   5.8008292173062899e-04
  1059   3.5047462473461564e-04   5.9750644595760553e-05
  1060   7.4362656085047516e-04   3.6760764815211953e-04
  1061   2.6244970094119581e-04   1.9665975334688690e-04
  1062   1.3970609158295150e-03   1.9417595454154085e-04
  1063   1.2985009358059367e-04   2.9074452815578934e-05
  1064   2.2033985368113092e-04   3.7051827783540997e-04
  1065   7.4623807522106829e-04   1.6576366434267707e-04
  1066   1.9011462778811203e-03   1.8567625704608605e-03
  1067   4.2961473408601094e-03   6.2993145957758088e-04
  1068   2.6165238886974442e-04   6.7164995567134072e-05
  1069   5.5262154626859047e-04   2.2450312972023651e-04
  1070   2.0502369934838067e-04   2.3823402854945572e-04
  1071   6.4796109570779690e-04   1.7367644334108850e-04
  1072   8.1962681528204744e-04   2.3148619882044924e-04
  1073   2.0561026255279602e-04   1.3852866496406400e-04
  1074   3.5320326249818433e-04   1.4239697707975026e-04
  1075   3.8675473458761242e-04   2.3598728895329727e-04
  1076   7.4840579118419992e-04   1.5004825750908907e-03
  1077   4.8716177688882837e-03   2.0651743262259815e-04
  1078   7.9483482204008380e-04   7.0556263472255942e-04
  1079   7.9023992015957634e-04   8.3086652669940185e-05
  1080   9.5088755116495667e-05   3.5465018915534713e-05
  1081   7.1318953352056240e-04   7.0194125157773269e-04
  1082   8.0520685665014127e-04   2.8132052809298693e-05
  1083   2.0932952907349519e-05   1.7193992050727099e-05
  1084   8.8505006662164534e-05   1.9838118391482301e-04
  1085   4.0373558086932446e-03   2.0895951169685747e-03
  1086   2.0416698710838846e-03   4.0156042470949427e-04
  1087   3.0354037274974154e-04   1.3592804729669879e-04
  1088   4.5160594965553292e-04   1.9340414279603454e-04
  1089   7.9878829387658142e-04   4.2487713648946615e-04
  1090   3.4936613511121165e-04   5.0477698054126416e-05
  1091   8.0282799217796342e-05   7.7592052585686319e-05
  1092   4.1770802867413921e-04   2.4895438918959956e-04
  1093   6.6155192786619948e-04   2.3267570841287841e-04
  1094   3.5074796225633396e-04   5.3619036293708954e-04
  1095   2.0516018112042224e-03   1.6654232858119302e-03
  1096   4.4779783520477786e-03   4.2351779337569391e-04
  1097   9.6465758749245643e-04   3.2401968373182516e-04
  1098   1.9618758115399527e-04   6.5330134863020653e-05
  1099   3.8294810862035954e-04   3.5147345386346524e-04
  1100   4.4593158252267934e-04   2.1872794383418160e-04
  1101   1.4066794265785089e-03   7.0753261487896255e-05
  1102   7.3765538030501183e-05   1.4300902581847294e-04
  1103   5.5114497879342104e-04   9.1681148415291848e-05
  1104   9.7760377842377638e-05   2.9324153695259634e-04
  1105   4.3404267048158885e-03   1.9662286303188665e-03
  1106   1.5516047704097313e-03   6.5091735933048880e-05
  1107   6.1961929534569621e-05   4.2507783737301550e-05
  1108   1.4338488545905667e-04   1.4210661789871486e-04
  1109   2.7184606953045188e-04   6.1798219530495447e-05
  1110   1.8317055383171261e-04   3.1640079402586003e-04
  1111   1.0009373245784261e-03   1.1000316857383458e-04
  1112   8.3524530826806871e-04   7.0549929456165247e-04
  1113   6.8807500067956926e-04   1.6767342232066419e-04
  1114   2.8948771433179071e-03   2.2316439008984428e-03
  1115   3.3305655725056069e-03   3.3555026417767583e-04
  1116   1.3184976639983378e-04   3.7113183756848112e-05
  1117   1.1080175686957012e-04   2.3723734477969059e-04
  1118   1.3886301010581569e-03   2.0300510457051734e-04
  1119   1.4242827876601055e-04   2.0223096578032395e-04
  1120   8.6703357821822993e-04   2.1809716946874651e-04
  1121   4.1082435482644287e-04   2.0078630279896328e-04
  1122   2.7580166318827556e-04   1.8120184659179602e-04
  1123   7.3244803497116552e-04   2.7466346545895547e-04
  1124   2.3795786856701546e-03   2.6034936410052095e-03
  1125   3.0897856526639713e-03   4.4710503566380445e-05
  1126   1.2902331499543550e-04   2.0953860717808326e-04
  1127   6.5910202049739464e-04   2.3076381556270205e-05
  1128   4.1930899335619871e-05   4.0448118808353336e-05
  1129   1.8368530513238678e-04   3.9375220299071460e-04
  1130   1.3298866416672521e-03   2.1368676987734960e-04
  1131   5.3961428868658104e-04   2.0286010135428604e-04
  1132   2.4282291440532727e-04   2.8051154506761062e-04
  1133   4.3450221788176886e-03   2.0315230783114874e-03
  1134   1.2774837012738589e-03   1.0727173374641985e-04
  1135   5.9984733110362860e-04   5.2045318824177366e-04
  1136   5.9533950079431570e-04   1.5130726709157731e-04
  1137   1.1253116813079410e-03   5.4982866990449129e-04
  1138   4.3691418058422173e-04   8.2012633184412495e-05
  1139   4.5546559074823132e-04   2.0863743937242613e-04
  1140   1.5075469502715788e-04   9.3904022114170752e-05
  1141   8.6959209374228041e-04   1.9270178236252203e-04
  1142   1.2138242857858107e-04   1.9559266852748936e-04
  1143   5.1276296380582103e-03   1.0902258285945710e-03
  1144   3.0009308466711395e-04   1.2756773173120241e-04
  1145   7.3120090111612886e-04   3.1744072653576986e-04
  1146   5.9648532467417058e-04   8.4025710106903572e-05
  1147   5.8486100968042279e-05   2.8128401686962351e-05
  1148   4.9867170446496684e-04   6.1552621950116337e-04
  1149   9.6206846559502993e-04   3.0144252895731704e-04
  1150   9.0661393974292639e-04   1.0132335209802399e-04
  1151   7.9325045497880573e-05   8.0891407725322087e-05
  1152   3.8873325794491365e-03   2.3418662072733102e-03
  1153   1.6536639266946402e-03   2.4803811005072582e-04
  1154   5.2663730761561597e-04   1.8263608603875708e-04
  1155   6.1114410577758980e-04   4.1489536267878455e-04
  1156   9.8864951580555915e-04   5.0957634337056470e-04
  1157   4.7732502090453430e-04   3.4867499522175688e-05
  1158   3.8786386390068593e-05   6.2038734316531671e-05
  1159   1.0555458060071111e-03   2.0463754042304879e-04
  1160   9.6999105857166590e-05   3.5991980204697481e-05
  1161   6.3923372741088295e-04   1.5746335043329957e-03
  1162   4.7825219140093678e-03   5.4697041162021581e-04
  1163   6.0799327651080842e-04   5.9541681561308745e-05
  1164   3.9977508841152800e-05   8.0385780180261104e-05
  1165   8.8923437860091107e-04   2.2288229901519621e-04
  1166   3.4629719684819217e-04   5.3916366226420555e-04
  1167   1.2230024948377816e-03   5.0857030269731902e-05
  1168   2.4548244186229994e-04   3.3544940035152220e-04
  1169   7.6207835445464827e-04   2.4241463398875869e-04
  1170   3.4607078895655766e-04   1.3382004636730433e-04
  1171   3.2653194674750765e-03   2.5527387451961601e-03
  1172   2.2562662095581523e-03   2.3340597451702383e-04
  1173   4.9436782308050133e-04   1.1945374848360666e-04
  1174   1.2565760655307038e-03   4.8281960037813951e-04
  1175   2.4579163169614258e-04   4.5791522697628353e-05
  1176   1.5162920505692453e-04   2.3895122387842908e-04
  1177   7.4623730537374210e-04   1.0988732950508682e-04
  1178   9.8480981556635686e-05   7.0961737202683813e-05
  1179   3.4140083435836447e-04   9.7495940028802602e-05
  1180   1.0472802495415448e-03   1.9141392119847883e-03
  1181   4.4060072960476699e-03   7.2300979101372180e-04
  1182   8.3347755366924067e-04   2.0997820406553375e-04
  1183   8.6863706722421275e-04   2.5796605355846175e-04
  1184   1.6256451962588068e-04   5.6631623104568939e-05
  1185   5.7873749646203030e-04   6.7686177416873461e-04
  1186   9.9025242584303125e-04   8.7812941829294247e-05
  1187   3.6997684244279076e-04   1.6086895640440364e-04
  1188   1.8289202047487652e-04   3.4885510376135623e-05
  1189   3.3197808089833798e-05   2.0705671288901448e-04
  1190   5.2260518409202039e-03   7.7196928413851833e-04
  1191   9.2883693967676050e-04   4.4565588091013644e-04
  1192   5.4873786758545453e-04   4.7240004252935844e-04
  1193   1.0717371987907015e-03   1.8548741029440541e-04
  1194   4.2251529377197153e-04   2.8770459034278009e-04
  1195   3.9691320347201657e-04   2.0459864746407919e-04
  1196   8.2022017360394738e-04   2.6198598266990607e-04
  1197   1.9337977351990628e-04   2.9436103755614974e-05
  1198   3.1131202782214933e-05   1.9210895797943958e-05
  1199   1.5815364131743640e-03   2.4014971408956205e-03
  1200   3.8466860059582957e-03   4.2648774808299926e-05
  1201   2.5645559482858667e-04   4.8008157847234992e-04
  1202   1.1522794436996506e-03   2.9708336496036858e-04
  1203   9.1519108733076760e-04   1.7942546239780937e-04
  1204   2.4757219808700740e-04   2.8750846500684744e-04
  1205   6.3479091792980247e-04   2.8994168745805158e-04
  1206   8.5302469932640622e-04   1.2071521380275404e-04
  1207   1.0216394791789140e-04   9.9281278894439485e-05
  1208   2.8099320430173807e-04   1.9237149383639543e-04
  1209   3.5946498295726281e-03   2.3801661820207170e-03
  1210   2.1338970996688045e-03   3.8592964199252384e-04
  1211   5.0568702607154564e-04   2.1306451645313406e-04
  1212   1.3371037938880318e-03   3.1428084504043103e-04
  1213   1.3997608690061847e-04   4.4039147148459450e-05
  1214   8.7329054683158382e-05   4.9052759417353896e-05
  1215   2.7548243991421954e-04   1.4771813040331672e-04
  1216   1.5509949841647355e-04   1.3882269507004141e-04
  1217   8.7497680322347598e-04   2.7261098318952953e-04
  1218   3.5543316730828951e-04   9.4005142808314859e-04
  1219   5.0969049023780397e-03   6.6764244690897736e-04
  1220   7.0383640809708325e-04   2.5428499765763979e-04
  1221   7.5229137518847923e-04   2.4102096307918662e-04
  1222   7.4712805264412680e-04   6.6383659798165422e-04
  1223   8.3191147646432574e-04   4.9091784836764143e-05
  1224   4.9703590606694933e-05   7.3022133710261836e-05
  1225   5.7400626042888858e-04   1.3603637462377297e-04
  1226   6.5481973794377294e-05   2.6063139840496460e-05
  1227   4.0303574297431672e-04   6.6914537139166786e-04
  1228   3.0482059114135076e-03   2.2576063248926741e-03
  1229   3.0822369297458848e-03   1.1586478186694745e-04
  1230   7.6343780988202446e-04   7.0863067380046651e-04
  1231   7.2784872752993128e-04   4.6249881069199889e-05
  1232   5.5110465643762026e-04   3.8490277909722484e-04
  1233   3.4084551064925437e-04   3.1825441641978116e-05
  1234   8.1583357414093908e-05   3.8426716993402639e-05
  1235   2.1020480956706884e-04   2.9053207383541150e-04
  1236   5.6517628029196978e-04   1.1058562807323428e-04
  1237   4.4478209399782713e-03   1.9106906402694870e-03
  1238   1.3415866896476626e-03   4.9490558096770083e-04
  1239   9.5258076196202794e-04   5.3408593780736010e-04
  1240   7.2103264867891823e-04   4.9190293273914134e-05
  1241   5.9280166803922185e-05   6.0165617337679292e-05
  1242   7.4273949842330758e-04   4.1900840664461627e-04
  1243   3.0812440639372678e-04   4.9018243677122375e-05
  1244   2.3565500027650701e-04   1.7662274672522674e-04
  1245   4.8301080614651881e-04   3.7150694958145840e-04
  1246   6.1324746169102193e-04   3.7863961485372821e-04
  1247   5.1433884791163573e-03   9.6738474620827871e-04
  1248   5.1596817254129701e-04   5.6001849159178379e-04
  1249   1.1926553045584240e-03   8.8116531774084614e-05
  1250   2.8884172117849471e-04   1.7654716743335319e-04
  1251   2.6084858286888840e-04   1.9290620413793956e-04
  1252   8.5916657085245219e-04   3.6485370513679769e-04
  1253   3.8425025226750028e-04   1.6886667547229102e-04
  1254   2.8779785987334398e-04   7.7079084101758433e-05
  1255   2.6423515691278147e-04   2.2329264048795834e-04
  1256   5.2556644421991768e-04   5.3819854166185712e-04
  1257   5.1768568336267888e-03   7.7176376175736245e-04
  1258   7.6673907557801911e-04   7.2313060364240732e-04
  1259   9.0199507739375975e-04   3.5062322064541191e-05
  1260   2.1204282895470524e-04   0.0000000000000000e+00
