  1260
     1   5.6333898711341949e-05   4.1710528408036131e-04
     2   4.1054234270420358e-03   1.0833417485175895e-03
     3   1.3790023777471051e-03   3.0816775581746491e-04
     4   7.2263411321067835e-04   2.3109403150313912e-04
     5   4.1435509035271016e-04   2.0273123846404253e-04
     6   6.9797394709398078e-04   4.1657692239422582e-04
     7   6.0723906927252248e-04   2.6720853169036736e-04
     8   4.8735376029552743e-04   1.8312316527040914e-04
     9   5.6829934228809530e-04   2.5662244536063175e-04
    10   3.8407340108721424e-04   2.3735692669273742e-04
    11   4.3302967495968458e-04   2.3185069370758039e-04
    12   6.0970542404428459e-04   1.6402546804719902e-04
    13   2.4510917400279083e-04   3.0524032281201613e-04
    14   2.6836118825197186e-03   2.0215912065934477e-03
    15   2.2532033340914282e-03   2.6472422726724363e-04
    16   3.1089633818249412e-04   8.5533396848888978e-05
    17   2.7977297936486223e-04   1.6966487962730300e-04
    18   1.9391499916015712e-04   4.3542937774355603e-05
    19   2.1237495432151269e-04   1.3258886431700138e-04
    20   1.3933982474345107e-04   3.3110807727613933e-05
    21   4.4280009521869055e-05   1.6366145370601274e-05
    22   5.6565329020591247e-05   2.4535310973426721e-04
    23   4.0714125331622331e-03   1.1347523518657426e-03
    24   1.5357726544199168e-03   3.7387251558878166e-04
    25   1.6219615865286911e-04   2.2147698398133697e-05
    26   3.7553131797710777e-05   5.7025607877457853e-05
    27   1.0536214112188919e-03   3.0599552182635235e-04
    28   1.4977916689519607e-04   3.1048945753199007e-05
    29   3.9108136382757476e-05   3.6740245684689129e-05
    30   7.2536254646734816e-04   3.3632205544107405e-04
    31   1.9941257683833238e-04   1.2000496058920286e-04
    32   3.7998894886000041e-03   1.5131085305839049e-03
    33   1.3144324752080441e-03   2.6747841097591598e-04
    34   1.5887784478587190e-04   1.0679854885557736e-04
    35   7.1031322382901258e-04   1.5529092540546240e-04
    36   8.8600277744627806e-05   8.6200294348552024e-05
    37   5.9139351398364022e-04   1.2712805561040428e-04
    38   1.1802026554941328e-04   1.6029949922901357e-04
    39   4.8984771699947278e-04   6.5672971620762448e-05
    40   2.6120764366079687e-04   4.5259327585113392e-04
    41   1.0011684617922231e-03   1.3387503550697487e-04
    42   2.3291644999045747e-03   2.0948494278791468e-03
    43   2.5051486484198664e-03   1.9733573342848028e-04
    44   1.1842019879461388e-04   3.9945486430452278e-05
    45   2.5271041300462254e-04   1.9151365504164336e-04
    46   2.0822296758341493e-04   3.4312589427200617e-05
    47   2.2769936781778260e-04   2.7705727938147031e-04
    48   9.1729307436046713e-04   3.5846331191090997e-04
    49   2.9012262566276744e-04   3.4877755252935656e-05
    50   8.7231844237914378e-05   9.8166676802624302e-05
    51   7.4097009213450204e-04   1.3427391051335155e-03
    52   4.0367403270462126e-03   1.7601002111238711e-04
    53   5.8673553372244321e-05   8.9848204018634870e-05
    54   8.4353499583591162e-04   1.7422530685965671e-04
    55   1.1316759725723299e-04   7.8134607862720941e-05
    56   1.8112064759583582e-04   4.4486235808939562e-05
    57   5.5529530338810395e-04   5.5982413661054698e-04
    58   6.6973825515760394e-04   1.8778925908830593e-04
    59   7.9140962931668348e-04   9.6958720284883511e-05
    60   1.0216243314876602e-04   2.2339597043360805e-04
    61   2.1737973983481647e-03   1.8972903019948667e-03
    62   2.9776752235966680e-03   9.8995885284932340e-05
    63   2.8040896911360377e-05   1.4970579576706398e-05
    64   2.3971421217731847e-04   2.9172363198716889e-04
    65   4.3259963829082122e-04   2.6084588176242231e-05
    66   1.4256951097727506e-04   3.1767282740066021e-04
    67   9.6753140253792367e-04   2.1395197040783385e-04
    68   5.8878590976014773e-04   8.2452792796125355e-05
    69   3.5586660139016077e-05   8.7698024884389105e-05
    70   4.4460036950549090e-03   5.6429256278780527e-04
    71   1.6688645516945504e-04   1.4436979815034479e-04
    72   3.0787018861894877e-04   2.8841064318991302e-05
    73   8.5152398187931006e-05   2.4800509955631196e-04
    74   1.1193989317729875e-03   1.6343341124322371e-04
    75   5.5004478833303836e-04   2.8399977953606450e-04
    76   5.3186312210628302e-04   3.1921797355593693e-04
    77   3.0477133680886927e-04   1.3196019538544680e-05
    78   2.6916568647475798e-05   1.4400026850695284e-04
    79   4.3811075217076072e-03   7.4450578983906916e-04
    80   4.1735712130013805e-04   1.3277098160882742e-04
    81   3.2346450455026721e-04   3.3854724037262379e-04
    82   5.1033433493472078e-04   4.7608905102725680e-05
    83   1.2017385733782079e-04   1.4737532560132440e-04
    84   5.9790797316437174e-04   1.5335184940885226e-04
    85   1.9723826894912553e-04   1.1787690985140472e-04
    86   1.7675604561482515e-04   2.1534203234248677e-04
    87   1.0969404808518731e-03   7.6158452144809222e-05
    88   1.9983754734546788e-04   8.7289380940226203e-04
    89   4.3433321784544007e-03   7.0779633227243042e-05
    90   3.3409104972762437e-04   3.0399405975953784e-04
    91   3.9248897546903630e-04   2.0044986077217308e-04
    92   1.0034402839256215e-03   3.7297429058986558e-04
    93   3.7689781138032383e-04   5.0958412785756093e-05
    94   4.3049844672605834e-05   7.5311080853811044e-05
    95   5.1330722464801120e-04   7.4192975148661551e-05
    96   3.7304436069051813e-05   7.6648538368870970e-05
    97   9.0492510686286654e-04   4.2167423004876707e-04
    98   3.9772127225989728e-03   1.3975160451624423e-03
    99   5.7138075824362720e-04   3.4350907337123419e-05
   100   7.1101434994999245e-05   7.5282600520697258e-05
   101   3.4563386819207366e-04   7.6261904262465180e-05
   102   4.1958853110761315e-05   2.4369889585499600e-05
   103   6.5634168195576829e-04   2.8531803178531630e-04
   104   1.4556509767875723e-04   4.9534400104069054e-05
   105   1.0836874178492078e-03   2.4238583130411476e-04
   106   3.6230728180624845e-04   7.5061785101816650e-04
   107   3.9936364680649089e-03   1.2059217489913344e-03
   108   7.9003561322860670e-04   2.2374998828117172e-04
   109   9.2852324626190464e-04   3.0006276432446480e-04
   110   7.8931736188003580e-04   2.2492733214133815e-04
   111   1.0786675742152878e-04   1.7989623746742851e-05
   112   1.4951508793615005e-04   1.4150167606026979e-04
   113   1.8900939866963414e-04   3.5780391423485759e-05
   114   6.2182428767062093e-05   2.5028766475323662e-05
   115   3.2304756927268728e-04   4.3656802393763039e-04
   116   2.4213489070151056e-03   2.0659263351969592e-03
   117   2.4430556741397271e-03   2.4734546291108301e-05
   118   2.2306600452448908e-04   3.5193750307541160e-04
   119   6.7930702988303786e-04   1.3305658789358315e-04
   120   2.5571613693552961e-04   5.3258160166011236e-05
   121   2.6712098917880715e-04   2.3581589104028315e-04
   122   3.1815814442663187e-04   4.6679871372136818e-05
   123   2.3695705272531371e-04   4.4045013772868501e-04
   124   1.0254356524462885e-03   3.5005300808540269e-05
   125   8.8944030671605568e-04   1.7572680428009817e-03
   126   3.6611195140021850e-03   1.8281245585356008e-04
   127   9.2963730405836657e-04   3.7871351038307205e-04
   128   3.8181236304578564e-04   2.3732543662054341e-04
   129   6.3991985061080789e-04   2.3368378369513553e-04
   130   2.4795293934061973e-04   5.1257631074371926e-05
   131   1.4745838212715693e-04   1.5576776966960102e-04
   132   2.7893383211516218e-04   5.7498623695263666e-05
   133   5.3193971102311857e-04   2.7276985460578221e-04
   134   1.7203699566835064e-04   3.3801113885026013e-05
   135   3.5264786165298784e-03   1.8601902974214857e-03
   136   1.0401979023787011e-03   3.1028745603153330e-05
   137   1.1196877714993168e-04   1.6235609605079877e-04
   138   3.4731418802945267e-04   1.6832027019187276e-05
   139   1.4689062162853787e-04   3.3464918394385045e-04
   140   8.9163029058699308e-04   1.8099456868351656e-04
   141   1.0404750293739890e-03   1.8870490060506583e-04
   142   2.2332308332581762e-04   2.5351609628250266e-04
   143   5.0588079894459625e-04   8.7337609599506501e-05
   144   5.2625393474740043e-04   1.1576936424656503e-03
   145   4.1255089875988265e-03   5.0629980353414307e-04
   146   2.3034273091899818e-04   5.4557147848415686e-05
   147   1.0644966346031255e-03   2.9250778154352218e-04
   148   1.1359349216954403e-04   3.6708616719002853e-05
   149   1.4995259320034444e-04   1.7565803926856567e-04
   150   4.5541973427490882e-04   4.6915429359218156e-05
   151   2.8036722293068764e-04   3.6139433199746876e-04
   152   5.1978905978601088e-04   1.3821542302953690e-05
   153   3.7142732795516001e-04   1.1974240946472027e-03
   154   4.1727181298876429e-03   1.0765512825860170e-04
   155   1.7846608405740877e-04   1.5709115429719423e-04
   156   4.0476768114167756e-04   2.6098127351480594e-04
   157   4.0059542433309634e-04   7.1186497722378427e-05
   158   1.0758707199887607e-03   3.8547629174246254e-04
   159   1.6303963091469825e-04   6.1009105465852839e-05
   160   3.6761809684173819e-04   4.1459833400366802e-05
   161   2.8631497748823486e-05   3.3331980806010766e-05
   162   1.0574942457332835e-03   1.4114344599192375e-03
   163   3.6313683650213121e-03   1.0859507830215710e-03
   164   7.6859753921158726e-04   4.8200010832335218e-05
   165   7.1540551604027552e-04   4.8466776649139649e-04
   166   5.8523553335491181e-04   1.3534664404997722e-04
   167   1.1558886126210324e-04   1.0093457927773021e-04
   168   4.1503869798631431e-04   8.1892655695988643e-05
   169   4.5709703236746743e-04   2.5516669763224183e-04
   170   2.2162087716112315e-04   4.4088851369078218e-05
   171   4.2413835821346408e-05   4.5635329992851362e-05
   172   4.3116503619612615e-03   9.1624124244092111e-04
   173   4.6756998607971634e-04   3.6300271671670651e-04
   174   5.4683695010078893e-04   7.1618846484530952e-05
   175   7.1143280404066056e-04   5.1564680249869112e-04
   176   6.5533585024131989e-04   1.9710131723317298e-04
   177   2.2377728592497175e-04   7.2390767476496936e-05
   178   5.0038685417171666e-04   9.2599076672830776e-05
   179   2.9461891380900605e-05   1.1545563049108304e-05
   180   5.5654630124858000e-04   2.7442878725292166e-04
   181   3.8558302545416156e-04   1.0073080014580303e-03
   182   4.2740855162885227e-03   3.6922459036877150e-05
   183   5.7695299805282207e-04   5.6873071112774744e-04
   184   5.8380271505744643e-04   2.6030858658969604e-05
   185   8.2138949092659089e-04   2.3738241647161106e-04
   186   9.9377742406400388e-05   7.9796493707554554e-05
   187   3.5759402652844408e-04   5.0177705775357222e-05
   188   5.2815333295542832e-05   4.7592039179789961e-05
   189   2.2580025235792724e-04   1.6599335993930915e-04
   190   3.0794228816027050e-03   1.9318780340462111e-03
   191   1.7991343891595112e-03   6.6154915966981284e-04
   192   9.0853234902121469e-04   5.2089099607646908e-05
   193   3.6747303898052139e-04   2.9206058575550884e-04
   194   3.3531205340145333e-04   3.7659460445895130e-05
   195   1.0674813131827059e-04   1.7746534448514331e-04
   196   4.6176473278285017e-04   1.7642178953782448e-04
   197   6.6542166672220666e-04   6.1864389555931488e-05
   198   2.2072273209331980e-05   2.7312095687485989e-05
   199   6.1584395783854994e-04   1.3096468934772820e-03
   200   4.0703494075649228e-03   2.2256731640552148e-04
   201   1.4889091416708122e-04   1.7278732243760668e-04
   202   1.0143056940689979e-03   2.9499667530611648e-04
   203   2.5540277408132747e-04   2.3043247898571950e-04
   204   4.4648817838336579e-04   6.7660809124394695e-05
   205   6.1358441002449702e-04   1.5339306130612691e-04
   206   1.2226190467852602e-04   1.1450203397861320e-04
   207   3.0670531634749220e-04   1.9701308309665437e-04
   208   7.3367482596756000e-04   2.8091135622382356e-04
   209   2.7988003723453174e-04   4.4334008767773895e-04
   210   3.5063216885217671e-03   1.5215806226910407e-03
   211   2.1271386764213462e-03   9.8258761679143904e-05
   212   3.4113124418783731e-05   1.7832776612120120e-05
   213   2.6144529089292400e-05   1.0059767068090796e-05
   214   4.2058796914560013e-05   3.6688721006717524e-05
   215   1.8414080684551782e-04   1.6996792062389557e-04
   216   2.3575000697564620e-04   4.2368042650067510e-05
   217   7.8351501235041836e-04   7.5456294349357089e-04
   218   3.9803760228354123e-03   1.2411116809034582e-03
   219   5.4510006940363049e-04   1.7453521185773597e-04
   220   6.5831362618609776e-04   1.0476404761918037e-04
   221   5.9195153488421294e-04   5.4085635033775429e-04
   222   6.0205779479806300e-04   2.9468332003368058e-05
   223   4.1057979336607066e-05   4.0633903610374678e-05
   224   6.8344374477729175e-04   4.9471649708433569e-04
   225   7.1019317158682593e-04   2.3747212234419090e-04
   226   2.4935997578519179e-04   1.2234696594635774e-04
   227   3.2055444308071699e-04   3.9221408407243239e-04
   228   4.4199376899631704e-03   5.0398569094965327e-04
   229   5.4774178335548565e-04   3.2870219244714351e-04
   230   2.9893950660047106e-04   1.5275944344825726e-04
   231   7.8893571948530873e-04   1.6269879044286813e-04
   232   8.4514944845936907e-05   6.0588150714313300e-05
   233   5.0139111801297766e-04   1.1410954458973964e-04
   234   6.4486060791473261e-05   2.0235956800468033e-05
   235   5.0903534726733538e-05   4.4798318657162608e-05
   236   4.0151312704016500e-04   1.0098371243661166e-03
   237   4.2087284316906911e-03   5.2445468117519399e-04
   238   2.6472965764743906e-04   3.4811021678246975e-05
   239   2.1423477838154322e-04   1.9801839173963081e-04
   240   9.1684096319243459e-04   4.3985932171981080e-04
   241   2.8917310161108076e-04   8.1971391239136254e-05
   242   1.1633050181894145e-03   1.5852867530532030e-04
   243   1.8924968713713561e-04   2.9093210768366313e-04
   244   6.5373710999924522e-04   3.4609161686091396e-05
   245   2.7157911327308062e-05   1.1669080262422172e-04
   246   3.2735027742050648e-03   1.8370733003658258e-03
   247   1.8031158139948942e-03   1.5467130340329036e-04
   248   3.9430078283774454e-04   1.5190708549791957e-04
   249   7.5043573001978839e-05   1.3590342920068943e-05
   250   5.6630932255255680e-04   4.1935524377127069e-04
   251   3.5216780283205850e-04   2.0978087744060635e-05
   252   2.2452153568908880e-04   3.0452342774549474e-04
   253   4.8395094593589805e-04   2.6449029478331560e-05
   254   1.1668204588957624e-04   5.1815297225654190e-04
   255   4.3572543887570002e-03   6.4196476396869210e-04
   256   5.0594299227944991e-04   1.0699150336560231e-04
   257   4.7649105893856643e-04   5.6605350949004961e-04
   258   7.7899506069264339e-04   7.3050795981141189e-05
   259   4.9453900505334501e-04   1.3736040571099781e-04
   260   8.6124404612681376e-05   1.1637626686271304e-04
   261   1.0557586246494359e-03   2.6199971092136297e-04
   262   3.0038130371407733e-04   8.4978392403953554e-05
   263   4.8820774832509084e-05   2.3666799582315418e-05
   264   3.0066891180506121e-03   2.1188936318048295e-03
   265   1.5539732352691810e-03   8.1009842428369586e-05
   266   7.3683909309223226e-04   1.6512720525253295e-04
   267   1.1322982130627108e-04   8.5938717293290793e-05
   268   2.5625509476197707e-04   8.5386067937317961e-05
   269   8.0968325754223253e-05   4.5791865436549684e-05
   270   5.1396374982980262e-04   4.0030944097473097e-04
   271   4.1691212449893625e-04   1.0915931802933086e-04
   272   6.4592101859951986e-04   9.8831957843568665e-05
   273   1.1680759080336482e-03   1.8912469950574185e-03
   274   3.3806640432319408e-03   4.9144508000773153e-04
   275   1.1892935665385931e-03   1.8791731584221060e-04
   276   2.5570470875864616e-04   6.4522818699699577e-05
   277   2.2465547721789290e-04   1.8503607669925832e-04
   278   2.7490747390898005e-04   1.8127859463654491e-04
   279   5.8389367746619072e-04   6.1786364729056535e-05
   280   1.8380543778119502e-04   3.7711988289441804e-04
   281   9.9616942388372292e-04   7.9282318040649932e-05
   282   6.2973555109298407e-05   6.9603030617731445e-05
   283   4.4237770592753635e-03   6.5088842320388694e-04
   284   1.1089592683263058e-04   3.0976578185750589e-05
   285   4.4842418958146858e-04   1.3941331603357083e-04
   286   1.3184308755234401e-04   1.4692595871398042e-04
   287   4.1013010620364172e-04   4.2986324870918529e-05
   288   6.3892520665735018e-05   1.7275214043911279e-04
   289   7.4944920613862094e-04   9.2160514608103931e-05
   290   7.6604154722508726e-04   5.6004244357215672e-04
   291   5.1501429956475988e-04   1.6736271725947539e-04
   292   4.3295514574320428e-03   8.8313625126358467e-04
   293   2.7420578146701796e-04   2.2381498660372487e-04
   294   8.2846260660664282e-04   6.4384290714769219e-05
   295   4.0905680620411446e-05   1.6920249033224876e-05
   296   1.6082754695415048e-04   1.4658580593395596e-04
   297   3.3212306372307730e-04   2.6349838271912232e-04
   298   5.6953305444765482e-04   2.7176055091908131e-04
   299   9.5780239543913348e-04   2.0833162261539928e-04
   300   1.2746483017116647e-04   1.0296261377300153e-04
   301   1.4950111315956930e-03   1.9276568112409685e-03
   302   3.2847745337651365e-03   1.7388086008700082e-04
   303   2.8470308391395660e-04   2.7921785792006627e-04
   304   4.8083980459867414e-04   4.1097302819330100e-05
   305   2.8168616056098884e-05   2.3103314747675611e-05
   306   3.0079892256656293e-04   1.6569037265752351e-04
   307   2.7649554901280188e-04   4.0284538345242236e-04
   308   1.0459154699802289e-03   2.6797342046857883e-05
   309   2.2701224369684753e-05   1.0158282822505012e-04
   310   4.3199248390168093e-03   9.1414652061235695e-04
   311   3.1115931910433365e-04   1.3251248200276872e-04
   312   5.7708366370696248e-04   2.6239614580505393e-04
   313   3.7511225004934715e-04   1.1502920753264679e-04
   314   4.3156751697276846e-04   2.4892647031252721e-04
   315   2.9496873094784793e-04   2.8274368241224408e-04
   316   7.1246690430859560e-04   3.4721369015387076e-05
   317   1.3949333582748618e-04   1.8643936962251412e-04
   318   4.3660379693927990e-04   2.8202911893214874e-04
   319   1.0246467041897958e-03   2.4442176217852590e-04
   320   2.9262131693420612e-03   2.1245200113004627e-03
   321   1.6596481646591677e-03   2.4361505649307455e-05
   322   1.6400770841587503e-05   5.4198584843989239e-06
   323   3.8754971124285720e-04   4.2450808340388003e-04
   324   6.5655885113029082e-04   3.6752638281566715e-04
   325   8.3566832633015715e-04   5.9094730139334586e-05
   326   1.0751874284828893e-04   1.7430937372200835e-04
   327   6.2552493321990296e-04   5.1949947974290843e-05
   328   3.0549216815570901e-04   1.0702059804456156e-03
   329   4.2469707410372837e-03   9.9117930067518071e-05
   330   9.0419508802437969e-05   1.1267716387625792e-04
   331   2.5770282327154974e-04   1.9876776305253974e-05
   332   4.8416703534013448e-05   1.0233606237640573e-04
   333   4.3241675225542302e-04   2.4689570890272993e-04
   334   7.0572716703104737e-04   1.7508064864522950e-04
   335   3.8612708708301538e-04   3.2246697119797251e-04
   336   7.8982291276327862e-04   3.5234629840623165e-04
   337   4.2587301465054820e-04   3.7011064954544043e-04
   338   2.7617312057046928e-03   1.8918336298440735e-03
   339   2.4388070872817698e-03   1.8665552116546209e-04
   340   1.1100015484286467e-04   2.1248231234403801e-05
   341   5.5637951244594842e-05   1.9893283933022191e-04
   342   1.1348787223098371e-03   1.8787970198661376e-04
   343   5.7069754076728729e-04   9.2118643390586726e-05
   344   2.7374577008902341e-05   9.3200194457122851e-06
   345   1.5541748408505766e-04   1.9524131247700786e-04
   346   3.3775504813479223e-04   4.3006204379158081e-04
   347   4.4721483824655649e-03   1.4118453874813373e-04
   348   6.7122658191839869e-05   1.4872991748351842e-04
   349   5.4654789006219808e-04   1.8960369177899462e-04
   350   3.0415478197662560e-04   3.9768301815425011e-05
   351   5.3275424811579405e-04   2.4658915445474405e-04
   352   1.2700786146352847e-04   1.3239460572543332e-05
   353   3.4792658301004272e-04   4.9443192211415981e-04
   354   8.4043524803524008e-04   5.6283718032460126e-05
   355   1.1651622353132662e-03   1.6570124963839186e-03
   356   3.4914727189968488e-03   8.8555427553920841e-04
   357   8.0364014588565750e-04   7.4089760912635609e-05
   358   9.6470313236496775e-04   4.7625237449230282e-04
   359   2.9740491717169084e-04   4.7622536558910908e-05
   360   4.4610946040495221e-04   3.6981134426521573e-04
   361   3.7483077735535065e-04   3.2830111034195024e-05
   362   2.9561566021115278e-04   9.6441271055519752e-05
   363   9.2310717539717126e-05   9.3486278683371633e-05
   364   2.9465926799019504e-04   2.0638497523369677e-04
   365   3.2463329495822260e-03   1.9938466408051651e-03
   366   1.3770954995690956e-03   8.7992677008539785e-06
   367   9.1142326925316235e-05   1.9000718440942348e-04
   368   4.5218100537297183e-04   3.2738637212598060e-05
   369   4.7737881471400551e-05   2.9113898017890305e-05
   370   2.7764940306660281e-04   2.3597067898679957e-04
   371   9.1493251021806899e-04   3.9474936426260008e-04
   372   3.9797082066873353e-04   2.8735796880458416e-04
   373   6.2366720585036719e-04   3.3620536311526736e-04
   374   3.7349855112904875e-03   1.4706378856605890e-03
   375   1.6029328144641676e-03   4.9731802093034021e-04
   376   4.0464781443277161e-04   1.7645906131308098e-04
   377   3.7201437900127583e-04   5.6832504889040353e-05
   378   2.7356326694897296e-04   3.2765938637629928e-04
   379   5.6677417625904580e-04   1.5508537159561388e-04
   380   6.8770045994740023e-04   1.9067276082867482e-04
   381   8.7096791939747200e-05   1.1963207950049582e-05
   382   2.3435698388910547e-05   7.9730954106415304e-05
   383   1.6503174071875175e-03   1.5863062728156149e-03
   384   3.6407383235723036e-03   1.1950360003773941e-04
   385   1.7206584074344338e-05   2.6617226248638676e-05
   386   2.1191691273922804e-04   4.0366457923830771e-05
   387   3.7721156276986699e-05   3.5881616542941332e-05
   388   5.0166818298304856e-04   5.6907647064080428e-04
   389   7.7091648533985822e-04   4.8009176004229190e-05
   390   3.2470719630807280e-04   1.8822278691172902e-04
   391   5.6814210513754970e-04   6.9610852134028190e-04
   392   2.4249803600472400e-03   1.8673764955920954e-03
   393   2.7530149577582744e-03   5.1341497016648299e-05
   394   1.6979780317828708e-04   1.4558857835699924e-04
   395   2.2335524856149791e-04   1.1282131117744611e-04
   396   4.2505424925842864e-04   1.6551863757919430e-04
   397   1.5010526408874806e-04   1.2253336289595827e-04
   398   7.4664962951882807e-04   1.9864316100234915e-04
   399   2.8236704330940652e-04   3.0716097008575538e-04
   400   5.6760538438849672e-04   3.7038731051129626e-05
   401   3.1957332780343080e-04   1.0593032036172534e-03
   402   4.2508790688803033e-03   1.1344523309780372e-04
   403   1.4172297107818490e-04   2.4198724724338840e-04
   404   5.2932641652410470e-04   1.6900112011749493e-05
   405   5.0970209308380911e-04   3.7513884572889855e-04
   406   3.2567901791223701e-04   1.6085214976593057e-04
   407   1.1477459020307068e-03   1.9580839006135055e-04
   408   1.9900634995883830e-04   1.8100451528415821e-04
   409   2.9520631486825517e-04   6.0024194551258438e-05
   410   2.9202809365601204e-04   4.3025445017637521e-04
   411   4.3970138241517668e-03   5.9382272476131784e-04
   412   1.2060061057107133e-04   2.2394090835284274e-05
   413   3.2587834549964217e-04   4.9639484221340898e-04
   414   8.5082302018437328e-04   1.8787415465561475e-05
   415   3.8699161976270582e-05   2.2698402364760097e-05
   416   3.9878548739949408e-05   7.3489177748059300e-05
   417   8.3324143486700794e-04   2.0371028962582903e-04
   418   1.0703330923975439e-04   1.9233131705277719e-04
   419   3.8955847436077432e-03   1.4757636556924423e-03
   420   9.8877367118201218e-04   9.2599281656265814e-05
   421   3.7729578266144622e-04   3.2336347411763330e-04
   422   3.5755617504755504e-04   1.7140345447149203e-04
   423   1.1200226934223369e-03   2.1730664257758051e-04
   424   4.4064726606016458e-04   1.9968462757829363e-04
   425   2.6650452945461842e-04   1.3923105233657466e-04
   426   1.3927199752468525e-04   3.6553656443854306e-05
   427   3.4059699152034492e-04   1.6490279266762696e-04
   428   6.3023030519497266e-04   4.1515997122835708e-04
   429   2.7537122480621899e-03   2.1162399360080612e-03
   430   1.9202608555513451e-03   7.0082958251231088e-05
   431   4.7267007981159219e-04   2.6807787235795646e-04
   432   2.2378501075069818e-04   3.7360807086174349e-05
   433   7.7342070446318666e-05   1.9980183854479040e-04
   434   1.1116958906809919e-03   3.7655815574651547e-05
   435   1.8409508122334305e-05   1.4683935453397413e-05
   436   4.0268299021012935e-05   7.9023158299095029e-05
   437   1.2233303335948968e-03   1.6267672728055380e-03
   438   3.7052206308845338e-03   2.1789422285418693e-04
   439   7.5487284986899285e-04   5.4890575445737963e-04
   440   4.8720226155942603e-04   1.7251785385864301e-04
   441   8.9366889791019522e-04   1.0843661581489366e-04
   442   6.3579930110113964e-05   3.5281932383026563e-05
   443   1.1846524082271192e-04   1.0397340618540253e-04
   444   1.7087178181526239e-04   3.4548414823781874e-05
   445   3.3138779414350951e-04   3.2355218043568241e-04
   446   4.0847035499448153e-04   2.7960047767398432e-04
   447   4.4804139782975557e-03   3.0923546931960682e-04
   448   5.0122662304127820e-05   7.2829442399609015e-05
   449   7.0147849482314107e-04   1.7627764772989313e-04
   450   2.4623375104997536e-04   2.3068552887159648e-04
   451   3.5967784917263453e-04   1.3927859794673393e-04
   452   8.0716573611236018e-04   3.5885288569200205e-04
   453   7.3306498387072248e-04   1.0559974669740964e-04
   454   4.4092699754458930e-05   4.3274279655833029e-05
   455   4.1320242851347356e-04   3.4176374097427616e-04
   456   8.7938282851419362e-04   1.2342069605229048e-03
   457   3.8565834448549439e-03   8.8509916048939053e-04
   458   1.2920266316398549e-03   8.9070712128108950e-05
   459   1.7868891243735260e-04   1.4728558719317102e-04
   460   1.6328226071435058e-04   2.9681485659414698e-05
   461   8.0963424727333453e-05   1.0126188043515564e-04
   462   8.0533269913739042e-04   2.3907706960235494e-04
   463   1.2295138548476316e-04   4.7765140777758192e-05
   464   1.9667070978832463e-04   5.5465011112936253e-05
   465   4.4407512465899530e-04   1.2782028520315846e-03
   466   4.1187245620098369e-03   7.6887574750496515e-05
   467   2.6157405895822056e-04   1.9726247931226614e-04
   468   1.9948343531767544e-04   2.6443538929525956e-05
   469   6.4377591710179332e-05   1.6499456324405791e-04
   470   9.2751297698391360e-04   2.4159977316771429e-04
   471   8.5326589593952100e-04   1.6949039477877348e-04
   472   1.2275617721473398e-04   2.6402998252701427e-04
   473   1.1141247147971444e-03   1.2391823343370451e-04
   474   6.9883425784535017e-04   3.6454680267261792e-04
   475   1.7547185389533112e-03   2.1047482374587289e-03
   476   2.8990478634650855e-03   1.0592153352678454e-05
   477   3.3691212472076933e-05   8.3399308305784283e-05
   478   4.4387460291274119e-04   1.5632754860622460e-04
   479   1.9475067780816242e-04   1.0796382398172176e-04
   480   2.1245105403090239e-04   1.0283291121839538e-04
   481   5.8852501564810727e-04   1.5860985922044779e-04
   482   2.0038093060685352e-04   2.7555107355482311e-04
   483   7.1912812812928504e-04   2.0976699068348543e-04
   484   2.0700480349882511e-03   2.0321519604388993e-03
   485   2.8200074526818658e-03   1.8795324548416542e-04
   486   7.0840502058294115e-05   7.4044576833825200e-06
   487   3.3808266134720292e-05   8.9903473454740253e-05
   488   1.0949540342555188e-03   3.4295983625437640e-04
   489   2.2969482592766932e-04   1.2530524805276201e-04
   490   2.9883036467647406e-04   2.0917021153988021e-04
   491   1.0777879618704325e-03   1.5441117908486483e-04
   492   4.9312222060830903e-05   4.6138314341599778e-05
   493   3.8643698788499293e-03   1.5816618212732526e-03
   494   7.0704735835259416e-04   5.9690612535258090e-05
   495   5.8721318323973768e-04   1.8703460965377867e-04
   496   3.8754632306412835e-04   2.6207441247587794e-04
   497   2.6051941387053313e-04   1.5298881030703675e-04
   498   6.6487463272871966e-04   4.8120727924504927e-05
   499   7.6484017234216043e-05   2.7841006796356043e-05
   500   2.5640260924364982e-05   3.7346456279680120e-05
   501   4.4229070154803307e-04   8.0722678968049122e-04
   502   4.0700270528798094e-03   1.0011728818215240e-03
   503   1.0708182580650898e-03   1.7893006988639400e-04
   504   7.6317953656570686e-05   9.1572811343527881e-05
   505   1.1389472872191816e-03   2.3098171471728980e-04
   506   4.6519864860492975e-04   2.5394833304130524e-04
   507   1.8189917969311145e-04   7.2052889827284563e-05
   508   6.1575513438980869e-04   8.9540860709417231e-05
   509   2.8830052410267669e-04   4.6750821765800490e-04
   510   8.9058121079931170e-04   4.1360017847462641e-05
   511   1.5119457131411150e-04   6.4568202195072863e-04
   512   4.4227485485421351e-03   1.0975534110847845e-04
   513   1.6409260788156368e-04   1.7174166459590524e-04
   514   2.1481172298849297e-04   6.0121791979116412e-05
   515   2.6595202264795070e-04   2.3535579496918798e-05
   516   3.3681284171599702e-05   1.1086337996602503e-04
   517   7.2996848288437246e-04   1.5472564927195790e-04
   518   1.2283897688349934e-04   5.9480751381453387e-05
   519   4.7502112255545879e-04   3.7271908301913755e-04
   520   2.6899943956164287e-03   1.9891065240003679e-03
   521   2.2660858032417896e-03   4.4167846582369264e-04
   522   7.6029490506115808e-04   4.5502866583828707e-04
   523   5.7293342167451223e-04   3.2563508189822770e-05
   524   5.4901568225804349e-05   1.3576140954218213e-04
   525   7.4552816138323986e-04   2.2232555164311736e-04
   526   4.5443522591127287e-04   1.8111043449150176e-04
   527   1.4402703087107902e-04   7.4833649371925894e-05
   528   1.0077692120798107e-03   3.6209039745624334e-04
   529   1.9023948748520604e-04   4.0236090602132729e-05
   530   3.9126606572604380e-03   1.5396695157952175e-03
   531   6.2124050919723874e-04   1.4958311444321240e-05
   532   4.9704627303693910e-04   2.3793679744893377e-04
   533   1.5098604996406536e-04   1.0399255130465175e-04
   534   5.3857527142684152e-04   5.6997752434742093e-05
   535   6.4767194025674039e-05   3.0840517928852207e-05
   536   5.2412970543234226e-05   1.7653702631425106e-04
   537   1.1953979302724664e-03   6.0663840785632514e-05
   538   2.0677059641557825e-03   2.1820232340434525e-03
   539   2.5719655303355370e-03   1.7584839394589095e-04
   540   2.6245762927245441e-04   2.6922862903090857e-04
   541   6.3493382770251673e-04   6.2113018871338824e-05
   542   4.8200105791149508e-05   2.5771163246759417e-05
   543   6.1345763833789326e-04   2.8598245368645066e-04
   544   4.6803072432761203e-04   3.8708790987342762e-04
   545   6.5760110415014690e-04   3.0535343327800539e-04
   546   5.9028297072685970e-04   2.0475430380971547e-04
   547   7.8052496711928895e-04   1.0650282244184452e-04
   548   1.3765081494347673e-03   2.0515973459919270e-03
   549   3.1793050870522225e-03   8.6769686982352619e-05
   550   2.4192121340799869e-04   3.8823658908759475e-05
   551   3.8768635885135704e-05   6.9176322585582110e-05
   552   3.3712767816169791e-04   7.5286859472056578e-05
   553   2.5423643208483771e-04   1.9347375424806477e-04
   554   3.6610369893821438e-04   4.1085844699859363e-04
   555   1.0140263814548628e-03   6.1327642681260482e-05
   556   4.3601596621053226e-05   1.1490348499910845e-04
   557   4.4143847353182754e-03   6.4578168379934083e-04
   558   4.7397441552473929e-04   3.0132756290436017e-04
   559   3.1433979330266207e-04   4.4606762206451444e-05
   560   1.2872935066498114e-04   1.9131713243900075e-04
   561   4.4369262019864020e-04   4.3603992809536238e-05
   562   1.4434200159806824e-04   2.9085706865774800e-04
   563   1.0358107710779288e-03   1.2174087468020755e-04
   564   4.7317796545317094e-04   3.7723771909326361e-04
   565   3.7609748134527244e-04   4.2617711708975129e-05
   566   2.1770450756066306e-03   2.1833261446525904e-03
   567   2.4503089688168779e-03   3.6722286645335492e-04
   568   8.2341616604049265e-04   7.0505550461618619e-05
   569   3.4890015425505680e-05   3.3950814494738587e-05
   570   6.6849309319340811e-04   1.1313169789290876e-04
   571   1.4340727326588138e-04   3.4206431426514873e-04
   572   1.1096112078700187e-03   6.0726523020514716e-05
   573   4.5638588043987913e-05   3.3805517662115809e-05
   574   1.8992769803101141e-04   1.5147421503834110e-04
   575   3.0491116670064663e-03   2.0603123011378901e-03
   576   1.6214443007430640e-03   1.4490523523833949e-04
   577   2.9739623513441791e-04   5.7090097679481972e-05
   578   2.8225460485289980e-05   1.9319240805305599e-05
   579   3.4318125885204529e-04   2.0318338380148572e-04
   580   4.4974120637820026e-04   4.5366843598936539e-04
   581   8.2670150119390972e-04   8.2773715644746129e-05
   582   8.9290643206802457e-05   8.9068120941847976e-05
   583   4.8029178256905094e-04   2.1566312181472562e-04
   584   1.4292270443014457e-03   1.8002280397927373e-03
   585   3.4473623269141700e-03   3.0593755371765825e-04
   586   1.4688393513966199e-04   1.4139383639417028e-04
   587   7.5076907271521111e-04   2.0205249458075743e-04
   588   4.1566201335916633e-04   2.9618689653981476e-04
   589   8.9522238288805968e-04   3.3223840468098588e-04
   590   4.5247702228213557e-04   3.6996996905681910e-04
   591   6.2272142381515942e-04   1.1333088115281369e-04
   592   5.2540760240805929e-04   1.2185138060577793e-04
   593   4.4319332091730445e-05   9.6601173969298296e-06
   594   1.5913468483964791e-03   2.1403884861654894e-03
   595   2.9556918555403208e-03   7.4987953165461563e-05
   596   6.1220049991070997e-04   2.0437908731004190e-04
   597   1.0293415056705840e-04   1.5407810277316428e-05
   598   3.0486405954960243e-05   2.1299353496349323e-05
   599   4.4727879075239917e-04   5.4635940976834778e-04
   600   7.2523003378680017e-04   9.7429781560621168e-06
   601   2.9404452943408029e-05   8.7271935987391717e-05
   602   3.7426577668557841e-03   1.5993627651220642e-03
   603   1.1341423780708757e-03   5.7851056536378190e-04
   604   9.1910393257650202e-04   2.6653657976883601e-05
   605   1.1086813832588088e-04   1.9666954737015353e-04
   606   5.7231887954399389e-04   2.5879536061530143e-04
   607   6.1901335430328763e-04   1.2291464059613339e-04
   608   1.4787706272160399e-04   1.7627828861612076e-04
   609   6.2609175245763977e-04   1.9431048300981346e-04
   610   4.1514125314980337e-04   1.3155659300710600e-04
   611   1.8841487156688553e-04   2.0906955796552002e-04
   612   2.3766195072403937e-03   2.0829130274134986e-03
   613   2.4622255028698956e-03   3.2455826212434124e-04
   614   4.4818568424541476e-04   5.2840220574656354e-05
   615   3.8384437760898654e-05   5.4260431183342515e-05
   616   5.1577677001016383e-04   7.8155595503229695e-05
   617   7.9162056737081083e-05   1.1455151171484044e-04
   618   5.4314564391017895e-04   4.0809021192839178e-04
   619   8.1882404207069210e-04   1.9598913238694907e-04
   620   2.9547428445060776e-04   2.7353951821159695e-04
   621   5.2530578819290623e-04   2.4622103315786976e-04
   622   4.1720114888757999e-03   1.0612996835022029e-03
   623   1.0539775595048387e-03   6.0288126290693092e-04
   624   5.4490534470590720e-04   6.0371915836183795e-05
   625   2.2908492745363890e-04   6.2526830376429486e-05
   626   3.5075697127698747e-05   9.1301100746697947e-06
   627   1.9849578982489559e-05   2.5010304349103668e-05
   628   7.3852700082166131e-04   3.3186721127391461e-04
   629   1.7462242575881176e-04   4.7512465570266274e-05
   630   4.2357765146434079e-03   1.0883276833168283e-03
   631   3.5321548725716158e-04   1.5609531917877719e-04
   632   7.1900185214842890e-04   1.5138694038859823e-04
   633   9.2142005825264018e-05   1.5078711400645351e-05
   634   3.6555046748326427e-05   1.3644375978864336e-04
   635   1.0911785626801253e-03   2.5719482494568406e-04
   636   5.2314012705920046e-04   1.1704739883250398e-04
   637   7.1135874939379457e-04   5.5443421533039872e-04
   638   4.6880193627274952e-04   5.5664495090822845e-05
   639   1.9028249441825327e-03   1.8550880545678498e-03
   640   3.1860836571714801e-03   2.9543473138434590e-04
   641   1.5944115999622473e-04   8.0187151484427131e-05
   642   4.6392093071678309e-04   1.9903780356476388e-04
   643   1.4826999512186796e-04   1.4519585539374302e-04
   644   6.1250042316784081e-04   6.5380584998270163e-05
   645   2.3564531298728226e-04   1.6407472482828992e-04
   646   1.7926616823747384e-04   7.5906319268544898e-05
   647   2.1217045749044911e-04   5.2044208616998417e-05
   648   8.3518150686119760e-04   1.7045086994091926e-03
   649   3.7210755658582347e-03   2.0454548534762617e-04
   650   8.6636493855223561e-04   1.3004926541319956e-04
   651   2.3797302388845108e-04   1.4459484818129614e-04
   652   1.2288138623962790e-04   6.4704857973166697e-05
   653   1.1183051737264093e-03   3.3035610051020782e-04
   654   1.4274267082786684e-04   3.7248285040738618e-05
   655   4.9099940547586165e-04   3.7267791249282389e-04
   656   4.2971599207219046e-04   2.1411745332335663e-04
   657   9.5061100811898191e-04   3.2032042529110802e-04
   658   8.0684858542630301e-04   1.3192028565224714e-03
   659   4.0353014244167359e-03   2.4436467975975722e-04
   660   6.5357417429642235e-05   1.3166814168991261e-05
   661   2.1735424568217444e-05   1.2219467872850622e-05
   662   4.0551340681398380e-05   3.1704014508378656e-05
   663   2.9844532498800883e-04   3.1295643632011874e-04
   664   4.1957242032904658e-04   5.8484645221085163e-05
   665   3.7567219866758327e-04   1.8971567542719361e-04
   666   1.7232360261502876e-03   2.1335772170779244e-03
   667   2.8867140807902997e-03   8.9074846155356240e-05
   668   6.3161281469617189e-04   2.5782699822841828e-04
   669   8.4552013316420102e-04   4.5399137621920325e-04
   670   3.8617995301060002e-04   1.7504280856114757e-04
   671   6.6435633333976698e-04   1.6808150007575581e-04
   672   5.8247419291646235e-04   3.3706086063753251e-04
   673   2.3970869753818437e-04   1.1895422088986005e-05
   674   2.7929665534377914e-04   4.7068106019610979e-04
   675   8.9504730633187572e-04   6.4166273028063965e-05
   676   2.7769423230192716e-03   2.1788666983011233e-03
   677   1.7947638209867989e-03   9.5298376440268790e-05
   678   3.7970160380495219e-04   9.1724961894817410e-05
   679   6.4965065937341046e-04   2.6881847351379836e-04
   680   1.4018416588251591e-04   4.2109288714541281e-05
   681   1.8349728049722237e-04   7.4289278516396489e-05
   682   7.9461028169972801e-05   4.0648591377692368e-05
   683   2.8232872869929745e-04   7.9330439607005882e-05
   684   1.9678521918206380e-04   7.0349543034766012e-04
   685   4.2374742691962944e-03   7.3743050127284958e-04
   686   1.2775647364488875e-03   3.3113136576725744e-04
   687   1.4086743421647344e-04   8.6452339839570837e-06
   688   1.6507993421298396e-04   2.8199482986193057e-04
   689   5.3157869677216861e-04   5.7131638181459920e-05
   690   4.1340085339172189e-04   2.9249207393065234e-04
   691   7.2977464656034778e-04   1.6078703920186904e-04
   692   4.3583038689670294e-04   5.0756044364103786e-04
   693   7.3883927369943348e-04   5.8790849891519098e-05
   694   1.4110664599303194e-03   2.0463482693790589e-03
   695   3.1722740465085736e-03   8.3621718258863537e-05
   696   4.6431904603601060e-04   1.5301676455706418e-04
   697   1.2496208128526606e-04   1.1390985814833417e-04
   698   4.4230170819854953e-04   1.1915961130339639e-04
   699   3.2409571866825646e-04   2.8032200674713546e-04
   700   3.1300206894199539e-04   2.4801966825013588e-05
   701   4.4286099148591745e-04   3.5790194602123296e-04
   702   4.2500917057283679e-04   1.0222234717452041e-04
   703   1.3016599406047110e-03   8.8929061375268316e-04
   704   3.6305234696787942e-03   1.5440566343391418e-03
   705   8.2199626277250836e-04   2.2445221641369377e-05
   706   4.6794603198299353e-05   2.1470144439408343e-05
   707   3.6695487413737457e-05   3.3829112522522079e-05
   708   3.5443886950918080e-04   1.1678695006424478e-04
   709   3.9332028861688360e-04   5.0443793010016577e-04
   710   8.0393344039719555e-04   4.3340457706198018e-05
   711   1.5676871138831311e-04   3.0028566663025741e-04
   712   1.8848418526877160e-03   1.6937189321492836e-03
   713   3.4151972180607483e-03   1.9877054615960883e-04
   714   8.2028736991991165e-05   1.1398151766120382e-04
   715   6.1516395319910185e-04   1.6118817027035295e-04
   716   1.5378214415045084e-04   1.0788972768320096e-04
   717   2.1622718170872840e-04   5.6719822113682052e-05
   718   2.6312899395046128e-04   1.7514329076848980e-04
   719   1.0179426874414811e-03   4.1774544723168172e-04
   720   2.1731678901042525e-04   1.0602106504137716e-05
   721   1.7230863794792631e-03   2.1537603425475105e-03
   722   2.8427985093643741e-03   2.7930042900777008e-04
   723   6.5017514286865637e-04   1.2766733399698316e-04
   724   6.1993964988366372e-04   8.8434331157647922e-05
   725   2.9058288088221632e-05   4.9030126416695664e-05
   726   4.0377068222721750e-04   1.7478188788185175e-04
   727   4.7631871781470122e-04   1.1703220258245306e-04
   728   4.2739349091657392e-04   3.5775699202703580e-04
   729   7.2793746534913282e-04   4.1055326322773906e-04
   730   4.4913704175683937e-04   8.4239785618330933e-05
   731   4.4486045702010479e-03   5.5964266277285370e-04
   732   8.2621073604206911e-05   1.8827760344019847e-05
   733   6.9788528012392642e-04   3.6308837211367046e-04
   734   2.1553740884961805e-04   2.3105413232852816e-05
   735   1.1551034971558518e-03   2.7769724113932735e-04
   736   8.2938954220250529e-05   1.9535648594847506e-05
   737   2.3415060963101594e-04   2.8957330176481187e-04
   738   4.7553183937467443e-04   1.0631863716843209e-04
   739   1.5843894711065802e-03   1.9034310785495103e-03
   740   3.2757477863082332e-03   2.1275264274975866e-04
   741   9.5133360061009761e-05   2.8206425372509166e-05
   742   3.2700612169723179e-05   1.4003102128490680e-05
   743   6.4310668995738783e-04   3.0033321493749501e-04
   744   1.8303946388468841e-04   1.2787771237998379e-04
   745   1.0681103609908227e-03   2.4212016997505732e-04
   746   1.8029474557238145e-04   1.1680936422804204e-04
   747   2.3231538594065387e-04   1.5752088077168453e-04
   748   3.1190669703577288e-03   1.9614318352998345e-03
   749   1.7543031722276111e-03   2.1489925337071433e-04
   750   2.8032415308461343e-04   1.4337544058525058e-04
   751   3.0211897834566933e-04   3.4929594124426147e-04
   752   1.0778221230327842e-03   1.0370717943504733e-04
   753   7.4757981894789084e-05   1.6677740236701881e-04
   754   7.2413874276054853e-04   1.3049992813131780e-04
   755   7.4367935195233232e-04   1.3808108577292882e-04
   756   5.9192304411046383e-05   7.4956090177384527e-05
   757   4.1681756830450766e-04   2.4279936195690250e-04
   758   4.1113464621271344e-03   1.2664127600345823e-03
   759   4.6261382308281649e-04   3.8399388005913480e-05
   760   8.5345731352569085e-05   8.8533704864308604e-05
   761   2.0256659311684052e-04   3.7529920488019025e-05
   762   1.5307312815032416e-04   2.4855075834321456e-04
   763   5.8266681776806596e-04   9.5949985486246426e-05
   764   9.1838736829621807e-04   4.3183357389422252e-04
   765   2.7632880105634300e-04   3.3779669164545142e-05
   766   1.9260673331136677e-04   8.2389537757108513e-04
   767   4.3359059793772305e-03   3.0882314521312484e-04
   768   1.1249006253403703e-03   2.2294531775852029e-04
   769   6.8076326452937250e-04   3.7126414513645423e-04
   770   2.4653129421435018e-04   3.4857050253550529e-05
   771   2.1822568926503335e-04   1.6427883219547699e-04
   772   2.0932775561852189e-04   3.9138726716311799e-05
   773   7.6105098485095110e-05   1.3343267782918894e-04
   774   8.4162312739940038e-04   1.5369235879355168e-04
   775   1.0422594018400924e-04   3.2785906778379464e-04
   776   4.4198066798244191e-03   5.5282167658297909e-04
   777   5.3167583529086871e-04   1.8387345603591615e-04
   778   1.0414428356151452e-04   2.1024773457595769e-05
   779   6.8032005295191628e-05   6.4769824472391403e-05
   780   5.7128712601254704e-04   1.9765621422265171e-04
   781   1.2406229218009648e-04   1.9083044319487938e-04
   782   1.1010655605342831e-03   1.1815165181349207e-04
   783   2.1414670053598091e-04   1.9298118747677445e-04
   784   6.8647371490665238e-04   6.0985175372430076e-04
   785   1.7505069232359783e-03   1.6933512307365658e-03
   786   3.4446043336283341e-03   1.2478539495189661e-04
   787   2.8120433316802031e-04   1.2658740384277316e-04
   788   2.8108952172121716e-04   1.9309950014257426e-04
   789   3.0090219946122935e-04   2.3153926841061831e-04
   790   4.9499667108862384e-04   3.1845615002447417e-05
   791   3.2201674744635449e-05   4.6340192182081467e-05
   792   7.3078897048274127e-04   1.8826288608364124e-04
   793   7.5881109034084564e-05   8.0309496327469893e-05
   794   4.1695052619541897e-03   1.1892230756750371e-03
   795   4.6687823705154473e-04   2.2091668705253716e-04
   796   7.7695813023428853e-04   1.8894897185998369e-04
   797   2.7878867707263567e-04   6.1210370143200058e-05
   798   4.9026245900372162e-05   2.1280144144339469e-05
   799   2.4648512417730717e-04   4.5388289942398588e-04
   800   1.0092233439535170e-03   3.9525688044964839e-05
   801   1.6635088275149452e-04   3.3768123918349370e-04
   802   9.4161059742494562e-04   2.7769346649319685e-04
   803   9.6792341201608497e-04   1.3497846523636795e-03
   804   3.9980819158538117e-03   1.7003791169274693e-04
   805   3.2944157426148985e-04   2.4315485506940857e-04
   806   2.2866196277520736e-04   1.2726356287417141e-05
   807   1.9815262342919648e-05   5.6355692949781660e-05
   808   6.2578107814661792e-04   9.1527675749786009e-05
   809   3.0877215732094978e-05   2.3470777125335329e-05
   810   5.6520844020646534e-04   2.6152301796467749e-04
   811   3.6661823229964640e-04   9.5084472298590851e-04
   812   4.2994730588053406e-03   1.1026617656390379e-04
   813   3.2710874057254876e-04   3.6679166901104680e-04
   814   5.0782764282767670e-04   5.7554762188377243e-05
   815   7.6736571161647343e-04   3.2715428497671835e-04
   816   5.1168588336282159e-04   3.9012669764987171e-04
   817   6.9153665044896593e-04   3.7000719418426009e-04
   818   5.7163657009443665e-04   5.1348381498728723e-05
   819   1.4383677239206201e-04   1.2887196594621708e-04
   820   2.4295734546524379e-04   2.1137577795716126e-04
   821   1.3448300848523942e-03   9.8891642678638472e-04
   822   4.0232992256437252e-03   8.7512965834153980e-04
   823   4.6085179027939414e-04   8.7522309933915819e-05
   824   5.1149872015313183e-05   9.3445269184197994e-06
   825   3.3359076113947485e-05   2.3069769751560929e-05
   826   4.7871542880030070e-05   3.5105030232147003e-05
   827   1.3887812733328299e-04   1.2992858913076454e-04
   828   3.3339075856277702e-04   1.7197713160522482e-04
   829   7.1449670264511485e-04   1.1658663769506443e-03
   830   4.1505724009747039e-03   2.3496422104047048e-04
   831   1.2135332266526121e-04   2.6625508953014113e-04
   832   1.0863712374810416e-03   2.4017904276666532e-04
   833   4.2954648484476047e-04   8.1121387356895703e-05
   834   1.7195698555471192e-04   2.6308666089418280e-04
   835   5.7117325574331250e-04   8.9077881274533290e-05
   836   6.3824455173176601e-04   3.5520361403139919e-04
   837   2.9148548672710498e-04   6.6584073620731945e-05
   838   6.4191010361630758e-04   2.0499198743726416e-04
   839   4.7087089979217130e-04   1.1141126631141766e-03
   840   4.0693382698959698e-03   7.2993775389811847e-04
   841   8.2107045748761401e-04   1.6889016512492799e-04
   842   6.3753957929236821e-04   5.1796908873074407e-04
   843   5.4918595896631770e-04   3.4797548028209793e-05
   844   4.4059949344626517e-05   4.0800639664190755e-06
   845   2.3726697472216409e-05   4.9239140632956006e-05
   846   3.0235218928132150e-04   1.7620569486847940e-04
   847   1.8453146334887821e-04   1.5323057756976024e-04
   848   4.1985745074148064e-03   1.0079549461352636e-03
   849   1.2484679850097080e-03   5.2937503890655073e-04
   850   3.3012832014029991e-04   1.8950608215964341e-05
   851   4.5840308655188839e-05   4.1624497177878172e-05
   852   2.2675918425534415e-04   1.1887349250647453e-04
   853   1.2806015997921839e-04   5.7826229504524717e-05
   854   4.1022820946545318e-04   3.2150079902161684e-04
   855   5.9038632972274188e-04   2.1068232165626294e-04
   856   3.0078121115862923e-04   3.2243361245720329e-04
   857   2.5924868640446984e-03   2.0539378876316570e-03
   858   2.3009918581550731e-03   1.1663357374446981e-04
   859   1.0815729521017280e-03   2.0008752476260300e-04
   860   3.1159310433239405e-04   3.3351665397469299e-04
   861   4.7964443452502338e-04   5.7234970432133321e-05
   862   6.0396764453793036e-04   2.9295990868312850e-04
   863   2.0651336439107346e-04   7.4840763339038323e-05
   864   2.9266951231287470e-04   1.4323668789683537e-04
   865   1.3907009347243404e-04   9.2876317871195603e-05
   866   9.4138129019357536e-04   5.3175296220313718e-04
   867   3.1379642867769863e-03   1.7585271529985624e-03
   868   2.1152679649595165e-03   3.7933765018941152e-04
   869   2.9178188850014533e-04   1.4195568519236141e-04
   870   1.5333324430631676e-04   5.3082637515745873e-06
   871   7.8667670900385218e-06   6.8572535060830559e-06
   872   1.5841471744268109e-05   7.1045073861067293e-06
   873   8.1299672108317090e-05   2.0427718097729199e-04
   874   2.0211597207861836e-03   1.9895822014725875e-03
   875   2.9122322008669722e-03   2.6610572284972435e-04
   876   8.3205302579283252e-04   1.0674479410338793e-04
   877   1.7505061450023954e-04   3.3518034393988360e-04
   878   1.0252308273726305e-03   7.4795265040692279e-05
   879   2.9292426399446659e-05   3.3511854661768323e-05
   880   9.2061172853439156e-04   4.0410459033112276e-04
   881   4.6083830731764061e-04   3.6323350531028593e-04
   882   6.0676347427773521e-04   1.1814318354420079e-04
   883   5.2862461617838859e-04   2.3531671206466166e-04
   884   1.1602388642673654e-03   1.8180725378861664e-03
   885   3.5036757458079392e-03   3.3923705472478128e-04
   886   6.3774410612925944e-04   3.1876229785410403e-05
   887   1.2667666846785636e-04   1.1734936005881133e-04
   888   1.2679063669110221e-04   5.5216204865537953e-05
   889   3.2173488122378069e-04   9.7549039558823852e-05
   890   6.0000282761587468e-04   8.5628792624278821e-05
   891   8.1444727973139440e-05   1.2244936603025727e-04
   892   3.2874404976288181e-04   2.4395157936096010e-04
   893   4.1083120674256929e-03   1.2681617069719416e-03
   894   4.8427451298764388e-04   2.0170909244501154e-05
   895   5.4178777137852892e-05   1.9117288894166526e-04
   896   1.1846559351566493e-03   6.6605949207010820e-05
   897   3.6321047838186303e-04   4.2363276177524446e-04
   898   5.5803655835885322e-04   5.1734439070564814e-05
   899   2.3029271826137106e-04   1.3913783855539426e-04
   900   8.0557065518222339e-04   4.8752204414025194e-04
   901   4.1533421426041502e-04   1.0122144537849011e-04
   902   3.4099483307493210e-03   1.9289635584360196e-03
   903   1.1639504401089182e-03   2.4430895635737261e-05
   904   2.7255959010167441e-04   3.4904968383421439e-04
   905   5.3623021493266201e-04   5.7666729801079886e-05
   906   3.3781802458456646e-04   1.8202535754191799e-04
   907   1.6502237102466587e-04   1.2870645535808213e-04
   908   6.4421847320248100e-04   4.5326654909157598e-05
   909   4.1698608419978901e-05   6.3829771976508436e-05
   910   6.7932866370187047e-04   8.4866898533878736e-04
   911   4.2396014171677109e-03   6.3892892777728391e-04
   912   1.6473012908058241e-04   1.2013937165409484e-04
   913   1.1969084755572290e-03   1.2778257438233253e-04
   914   4.6295619297727212e-05   8.6562097900129290e-05
   915   6.0671566852280869e-04   1.1914723903763568e-04
   916   8.9696880155645906e-05   1.4478047652711212e-05
   917   2.1582338045440889e-04   3.2263390774347540e-04
   918   6.8035021660147854e-04   1.7654658649702656e-04
   919   4.6035637141356471e-04   6.5428360253921175e-04
   920   4.2637612615117736e-03   7.9919467864950132e-04
   921   2.9344833898040535e-04   2.0939159358512256e-04
   922   1.0198593422164179e-03   2.7372574412539878e-04
   923   2.9325382434147187e-04   3.2804994004609416e-05
   924   6.1384925659120352e-05   4.6371632754993733e-05
   925   2.1185949623024993e-04   1.3548881937953424e-04
   926   1.4745463945630867e-04   1.1011247117519157e-04
   927   7.5170370849786806e-04   1.0195324520099675e-04
   928   1.7002743507705791e-04   6.2713326185439785e-04
   929   3.8914252593396596e-03   1.2301673996160617e-03
   930   1.7114608783051445e-03   9.8199049414019737e-05
   931   3.9780493744365789e-05   8.4710906131690359e-05
   932   6.6631191500041522e-04   7.3819615642629099e-05
   933   6.1887146814377291e-05   2.8458358240763861e-05
   934   4.8617426573335925e-05   7.3325314991265744e-05
   935   3.8734148905044340e-04   1.0629820217076149e-04
   936   2.4905897265204362e-04   1.8094625793344478e-04
   937   1.1136678823950052e-03   1.6929907615350855e-03
   938   3.6384796188357266e-03   4.0100903827514593e-04
   939   4.2500915781615366e-04   1.8824093598768645e-04
   940   7.4421433159115003e-04   2.8341194450308605e-04
   941   2.5640936302292870e-04   2.9029613392162428e-04
   942   9.9587310222692808e-04   1.2966810454922878e-04
   943   4.6348140481100759e-04   2.9014871583835398e-04
   944   2.5312291054520466e-04   8.5315165116323811e-06
   945   6.9036066639832020e-05   2.3208149846845927e-04
   946   1.1709630739969766e-03   1.4293312805146687e-04
   947   2.2130116502124858e-03   2.2406447586713553e-03
   948   2.3397680078457842e-03   1.5521495117155804e-05
   949   2.3604071083150146e-04   1.9774642155007699e-04
   950   2.9032085625343382e-04   2.2527627493514719e-04
   951   6.6231601245649843e-04   2.8455328781064458e-05
   952   1.2254964470463138e-05   1.4893153263522922e-05
   953   1.2555637000670822e-04   1.4520172901434579e-04
   954   4.3258619958404145e-04   2.9052640565281412e-04
   955   1.2198394589158943e-03   1.6653005007949274e-03
   956   3.6742675252213947e-03   7.5847745595293128e-05
   957   3.4297637697879400e-05   2.9809874741761751e-05
   958   6.0103327090700891e-04   4.4379711790074955e-04
   959   7.0316919144267857e-04   2.2617712572461880e-04
   960   4.0303985407291206e-04   3.4024907371722226e-04
   961   7.1709569897559860e-04   1.5429037409802709e-04
   962   5.5737228216762432e-04   5.5811335257959004e-04
   963   6.9255607628026399e-04   2.5976159803190849e-05
   964   1.9906270843292269e-04   3.8590997557749973e-04
   965   3.0677038886660598e-03   1.9555493958058798e-03
   966   1.8250368592297426e-03   4.5457116940407168e-05
   967   2.5752162232253923e-04   2.7610349407507093e-04
   968   4.3631012911937527e-04   5.7299084271196732e-05
   969   5.0729487005059904e-05   4.9590570658359832e-05
   970   3.9624753739100134e-04   1.0258225424356120e-04
   971   6.1210510089582476e-05   3.7114155704935738e-05
   972   5.7980049576085576e-04   3.2030009309325205e-04
   973   3.8324352615334286e-04   7.0269777193501402e-04
   974   4.2829296636249098e-03   7.0335972587099620e-04
   975   3.2514815523048237e-04   2.7189860483067876e-05
   976   1.0007695972964952e-04   2.0982374560596449e-04
   977   1.1798955869954629e-03   7.0929639195878842e-05
   978   4.9511823712899505e-05   9.8160599346442846e-05
   979   4.3723817808834415e-04   1.6855089497952718e-04
   980   6.6610551212827409e-04   3.0628074555802182e-04
   981   6.2487551910924278e-04   4.5551352738469863e-04
   982   4.8450382842983917e-04   9.1084032294993608e-05
   983   3.6657657734052622e-03   1.5696709116276781e-03
   984   1.6035292786440226e-03   3.5680133615035030e-04
   985   1.6525793257654914e-04   5.1126018642229026e-06
   986   4.7389459316705370e-06   1.1105808170764087e-05
   987   1.5441548037362001e-04   8.7850219145883888e-05
   988   1.3214859969945354e-04   9.5479384669367145e-05
   989   5.8479186079569935e-04   1.3984731224839662e-04
   990   1.2390116759630396e-04   4.4979163462104485e-04
   991   4.2033660272247720e-03   9.9555385984732977e-04
   992   8.5550315254398241e-04   2.2651290647305862e-04
   993   1.0710751089051413e-03   2.9087382098534501e-04
   994   1.1630674495225210e-04   6.6094290502021453e-05
   995   6.3000162503816601e-04   2.3467573174925914e-04
   996   3.8311311001135113e-04   1.3939790519008663e-04
   997   1.1677397740370993e-04   3.7578420786190151e-05
   998   5.4803045717660333e-05   8.7932877625848782e-05
   999   1.1307071811735637e-03   1.5292499631000268e-04
  1000   2.1588040204243691e-03   2.1179330595026422e-03
  1001   2.5931536400008500e-03   3.1565605822589984e-04
  1002   2.3197170078157340e-04   6.3604062403303915e-05
  1003   7.9080714309535038e-04   2.6374074403861088e-04
  1004   1.3033823309381581e-04   8.1949400202454087e-05
  1005   6.7377551977161978e-04   6.3523851140601949e-05
  1006   4.3162046785039633e-05   4.8144065067559459e-05
  1007   2.0642550778339629e-04   1.4709590797100169e-04
  1008   2.2167071187441319e-04   1.9246276345779266e-04
  1009   2.5617767436455423e-03   1.8209574411567468e-03
  1010   2.6971079997434432e-03   6.8643286252479405e-04
  1011   7.1462805579328994e-04   7.9328105456194108e-05
  1012   5.5512921045485072e-05   1.8090854797881066e-05
  1013   3.3041561535063061e-05   2.7209058376806813e-05
  1014   8.0323540076226088e-05   1.2635767206420776e-04
  1015   6.4247104226015342e-04   8.2359479826368270e-05
  1016   4.1491841223666935e-04   3.8147217074889966e-04
  1017   4.1807554191303534e-04   3.0286199393171994e-04
  1018   3.4846024816806618e-03   1.5635983097557918e-03
  1019   2.1050780410615238e-03   1.3570435540991260e-04
  1020   1.8143971338489433e-04   2.0688326255302434e-04
  1021   4.1133180236159320e-04   7.3571799807457789e-05
  1022   7.4019684564695807e-05   3.9933048662028161e-05
  1023   4.1719129172711726e-04   3.2732132140869143e-04
  1024   6.4689780240530280e-04   1.2897448280169347e-04
  1025   7.6471899224873078e-05   1.1967795003451637e-04
  1026   1.1797649503006190e-03   2.0035661252783683e-04
  1027   5.1385850646224309e-04   1.3117333377529654e-03
  1028   4.0852643011862529e-03   1.4124122052314118e-04
  1029   4.9268324680917395e-04   2.9480980034598408e-04
  1030   2.2217927285987619e-04   6.9221412343508371e-05
  1031   4.2270616852652180e-04   4.2782266494570116e-05
  1032   5.3007610650273046e-05   6.5389477941320073e-05
  1033   2.6926761245638781e-04   8.7462596877693250e-05
  1034   6.5932852206130688e-05   4.2102730420971568e-05
  1035   8.7387653733603297e-04   7.9139159785176453e-04
  1036   2.6761025397398024e-03   1.9803463900806401e-03
  1037   2.1759079506252126e-03   6.5310394473620676e-05
  1038   2.2200191133410312e-04   1.6963930730229745e-04
  1039   2.1730497853826672e-04   9.0647489839631667e-05
  1040   7.3718812295910693e-04   1.5080334411492156e-04
  1041   5.2487372366166161e-05   8.7139635653630054e-05
  1042   1.1733809300626104e-03   1.8425728895840070e-04
  1043   3.3731725960426903e-04   2.8804115221637075e-04
  1044   3.9922020416429153e-04   1.0695085155298832e-04
  1045   5.2301138082068172e-04   9.7893664026658337e-04
  1046   4.1526999330388902e-03   6.8213145232147465e-04
  1047   8.8061532596547159e-04   2.6081962682587367e-04
  1048   1.2226393381509034e-04   1.5514651013928550e-05
  1049   2.2369146014241856e-04   2.5457375803953226e-04
  1050   3.2746949731022408e-04   9.2544400502509497e-06
  1051   1.9262484502985525e-05   6.1567681108736091e-05
  1052   6.8163422386710831e-04   7.4508865979525392e-05
  1053   5.9369239583530273e-04   7.0032950625932111e-04
  1054   1.9234689489104691e-03   1.8344009921933252e-03
  1055   3.1598011704063464e-03   2.7317081047077012e-05
  1056   1.6310720602706136e-04   9.3719521778893653e-05
  1057   1.1085407402271551e-04   1.4050683501827773e-04
  1058   9.9154928394331872e-04   3.8144896660441906e-04
  1059   5.0563724792457765e-04   1.9932438630397486e-04
  1060   1.7670111487057388e-04   1.4353279299900305e-05
  1061   8.8434398631899680e-05   2.0275147112843768e-04
  1062   7.2412019498994983e-04   1.6259503653387575e-04
  1063   3.7128969538432685e-03   1.7168828737551933e-03
  1064   8.4052970926024734e-04   4.9909415956104419e-05
  1065   7.6894963682986532e-04   2.4501193047715632e-04
  1066   3.4189669535404486e-04   1.9930142055134167e-04
  1067   1.7271211223610338e-04   2.2689796281610516e-05
  1068   4.5878163538166363e-04   2.3025837016695739e-04
  1069   2.7648636898266272e-04   1.8343887551420762e-04
  1070   2.4783163897286882e-04   1.0927251864244475e-04
  1071   1.1225544314378646e-03   1.4899391611914863e-04
  1072   1.1794941943614138e-03   1.9253285738789546e-03
  1073   3.4086465976689417e-03   5.7318259324609139e-05
  1074   1.0031820251517830e-04   2.2251178655468968e-04
  1075   1.0015058105279206e-03   3.1367399754218144e-04
  1076   6.4281398589125698e-04   1.7057497214005633e-04
  1077   1.3742174017677649e-04   1.2810313130512976e-04
  1078   5.0815083495384886e-04   2.1277310721749498e-04
  1079   3.5395704980178608e-04   8.2421971047462778e-05
  1080   7.3272064322236569e-05   3.9662713512536497e-05
  1081   1.7121809940154093e-04   7.1124728502174354e-04
  1082   4.4044454759997595e-03   2.8502961700194024e-05
  1083   1.8157514681845576e-05   7.9560993510438920e-05
  1084   7.9137525590677090e-04   8.2998744863673434e-05
  1085   2.7640302256805256e-04   3.8057465202731312e-04
  1086   6.1502943009095657e-04   7.8234521014669352e-05
  1087   3.6004275498178269e-04   2.1459644691012125e-04
  1088   5.2706488774889625e-04   4.7509453468421109e-04
  1089   7.4762226070648058e-04   5.4444101788258468e-05
  1090   3.4963292806029474e-04   1.0542940905246569e-03
  1091   4.1980303673604079e-03   4.4850824002105839e-04
  1092   8.8970951940915948e-04   5.0113738482477146e-04
  1093   5.6100447369526794e-04   5.7196304856077048e-05
  1094   5.0027610329943568e-05   4.3913362285979832e-05
  1095   5.2030621593873792e-04   2.3812917474626329e-04
  1096   1.6069632933254083e-04   6.4140456945313123e-05
  1097   3.2110007938795774e-04   1.2092544448402543e-04
  1098   1.0534834505282253e-04   2.7747167797989703e-05
  1099   6.1352641681504199e-04   1.4348939523804367e-03
  1100   3.9496502785615261e-03   4.1267226277162824e-04
  1101   6.7784573111459286e-04   9.1372395012626618e-05
  1102   4.8461024255392503e-05   4.5016738502473662e-05
  1103   4.6261640428184666e-04   1.6900757600129374e-04
  1104   1.2210596329577760e-04   1.1826804375427895e-04
  1105   8.6875756142232785e-04   4.0780222568981576e-04
  1106   5.1768312512287388e-04   1.4294731555345840e-04
  1107   2.4888971824574703e-04   3.2786598602608185e-04
  1108   9.1007272479397738e-04   1.9513155924314959e-04
  1109   1.2156489657381888e-03   9.8221412924760472e-04
  1110   3.8262008597036196e-03   1.2606307078088406e-03
  1111   5.6601462248685752e-04   5.7318655725082714e-05
  1112   7.5464830441666930e-04   1.4430830517165948e-04
  1113   6.1694056682926781e-05   4.6066674581348317e-05
  1114   2.2853001633297155e-04   6.2730735108541114e-05
  1115   3.2300954054399812e-05   5.8634395240605733e-06
  1116   6.6112959325287035e-05   1.0086954508497604e-04
  1117   5.1611935243055284e-04   7.6114857717035015e-04
  1118   4.2943256472152960e-03   5.9806104176735595e-04
  1119   1.5153553357317420e-04   3.3173937674901174e-05
  1120   5.7039364271456341e-04   1.9973333020176779e-04
  1121   1.0263574215109447e-04   8.7599748433517025e-05
  1122   1.1553045367415904e-03   1.9724593342797066e-04
  1123   1.0471749974318309e-04   2.1245800761645456e-04
  1124   1.0715606625567007e-03   1.7682640866992404e-04
  1125   6.3101723697149179e-04   2.2368792947287771e-04
  1126   2.3824515399218846e-04   1.5456811602288881e-04
  1127   8.1730884637162382e-04   1.5187940529123171e-03
  1128   3.8794917557536811e-03   2.7190254527346752e-04
  1129   3.3399568927309218e-04   1.0408855103850898e-04
  1130   8.1995673482218362e-04   2.0850135351384243e-04
  1131   7.4864888727532451e-05   2.1313816407815698e-05
  1132   3.7076109672825398e-04   2.8377363844099747e-04
  1133   3.1132824621718492e-04   1.8426716389419095e-04
  1134   6.5708578029061518e-04   5.5523961003437306e-05
  1135   2.2391608910565852e-05   3.4800354293895571e-05
  1136   4.2799440892579994e-03   1.0108522441062951e-03
  1137   2.7594872919378937e-04   2.6981261044690118e-05
  1138   1.5154470523704366e-04   3.0099038614687473e-04
  1139   1.1262632276263270e-03   1.1409320940503337e-04
  1140   7.9051403374755580e-05   1.2969970315319509e-04
  1141   7.0719085026979371e-04   4.3215178470896738e-04
  1142   7.1393971806962462e-04   4.3500657409619893e-05
  1143   3.4524611373941609e-05   4.2804153010463985e-05
  1144   2.5513678993653035e-04   4.6083285899119842e-04
  1145   4.1102088496308212e-03   1.1764092837238875e-03
  1146   6.6929935325345225e-04   2.6687883364093993e-04
  1147   4.1653046424952763e-04   4.8603209038718391e-05
  1148   4.2723504013153697e-04   1.6954763693488231e-04
  1149   3.7027997134114331e-04   3.6878711447741082e-04
  1150   5.0920658137497215e-04   1.2602614600930537e-04
  1151   6.9821525274169419e-04   1.0271700187589770e-04
  1152   6.6356455964667349e-05   2.3746466373580799e-05
  1153   3.8310440125656587e-05   1.8475547104711908e-04
  1154   3.6997153519376237e-03   1.5460261844127935e-03
  1155   1.5783547062812216e-03   1.3978457257068225e-04
  1156   3.8055018639064885e-04   4.9017046353553705e-04
  1157   8.7333587422249511e-04   2.1256708018854207e-04
  1158   3.7658609763094466e-04   6.1405671699958647e-05
  1159   7.8208573225693848e-05   1.2182530980598900e-04
  1160   1.0029626190166789e-03   3.0966426008888025e-04
  1161   3.5132105145893177e-04   2.5096449230785914e-04
  1162   3.5958408143128980e-04   5.3324438495117196e-05
  1163   1.9316393764882004e-04   2.1119894525394676e-04
  1164   3.9197764314693635e-03   1.5101001241885805e-03
  1165   6.6127171164718167e-04   2.5077677940870170e-05
  1166   5.0002723729180562e-05   2.3724375315560614e-05
  1167   4.0791302244254543e-05   2.4687284889936826e-05
  1168   1.1884369024326947e-04   2.5855497738156498e-04
  1169   8.0440019123229132e-04   2.7733237443213400e-05
  1170   3.8826831526068967e-04   4.0193850013090090e-04
  1171   5.9901174232947023e-04   4.0682850646837318e-04
  1172   1.7353664028626188e-03   1.4955885843723482e-03
  1173   3.7022958456497360e-03   1.1537824745162087e-04
  1174   2.9826196127405560e-04   3.1609507697267483e-04
  1175   3.8574017826833139e-04   4.4667350787427986e-05
  1176   3.0696458217330784e-04   2.5664883636126226e-04
  1177   8.6458325271880187e-04   3.9675721710681985e-04
  1178   3.6524619654575629e-04   1.0755095284540609e-04
  1179   6.1083286138098082e-04   2.6372528668668863e-04
  1180   2.7159031832582961e-04   1.9206896929240618e-04
  1181   3.4310669087424126e-04   7.3603227401537386e-05
  1182   2.9106165510038606e-03   2.1055486930769882e-03
  1183   1.7605981191637240e-03   1.4870239398618635e-04
  1184   1.2931539920425805e-04   1.3838958110976462e-05
  1185   3.1657004883885212e-05   2.3681389299894942e-05
  1186   3.5989672410125737e-04   1.6138497720834588e-04
  1187   1.7135199669448181e-04   1.9239998747830740e-04
  1188   5.7470349485300360e-04   3.3173918549690641e-04
  1189   1.0348116709110848e-03   1.0253735770949738e-04
  1190   1.0795830014214388e-04   4.3762145456479278e-04
  1191   4.4575958042137606e-03   2.8470276263979849e-04
  1192   4.0545087601443982e-04   4.2244906678844753e-04
  1193   5.4090336019489552e-04   3.4661577574371480e-05
  1194   1.5906383903017897e-04   3.6464188438580007e-04
  1195   1.0145432025963777e-03   3.2083997317958941e-05
  1196   1.8408631316935690e-04   1.2477940116116366e-04
  1197   3.3597129977127433e-04   2.9950884747138428e-04
  1198   4.0277438761317317e-04   2.2238773529288833e-05
  1199   5.3095425505112512e-04   1.2346381610767261e-03
  1200   3.9868122180990138e-03   7.5906503727279744e-04
  1201   7.3039186770523529e-04   8.1363922971792432e-05
  1202   5.6707371012738492e-04   3.0601083170148660e-04
  1203   1.9387821521063585e-04   2.9013945271688799e-05
  1204   8.0436468319130072e-05   4.9508876499540233e-05
  1205   1.1266867034273442e-03   3.2373927457639290e-04
  1206   1.1484417463887232e-04   2.9541830892043801e-05
  1207   2.2348887564767051e-04   1.9192422375109133e-04
  1208   5.3075388983520012e-04   1.0343511263212423e-03
  1209   4.2511203148466320e-03   6.9846154607741494e-05
  1210   1.0695417802802783e-04   2.3967619550648237e-04
  1211   9.4472968817038824e-04   3.2866627053824033e-04
  1212   4.1874754364722849e-04   8.5923092253931881e-05
  1213   3.2676739360834378e-04   3.8430489677493504e-04
  1214   6.1705517520223069e-04   7.4861304350404281e-05
  1215   3.6339682016910840e-04   1.8673347024984684e-04
  1216   2.6683415774502622e-04   1.5327198202701379e-04
  1217   2.0537522279757584e-04   1.4053331363990493e-04
  1218   3.9314761849432800e-03   1.4525749285602180e-03
  1219   9.0989247505668879e-04   1.2481232816953928e-04
  1220   6.0234886670019721e-05   1.1221998194180885e-05
  1221   7.3353893852781823e-04   4.6160892995809812e-04
  1222   5.2906380115589247e-04   3.8183728489117445e-04
  1223   6.5975692175582505e-04   2.9207526517973941e-05
  1224   5.2402630516852101e-04   3.5653431701493241e-04
  1225   2.8213257083057334e-04   2.5595754507630366e-05
  1226   2.3420314224839819e-04   5.4007029998366532e-04
  1227   3.7002508524563845e-03   1.5617295773205353e-03
  1228   1.2784406949898955e-03   9.2107170306172882e-05
  1229   6.2960395952205140e-05   1.4408446597051917e-04
  1230   1.1266785598083935e-03   6.4965083611044668e-05
  1231   1.4348240360501004e-04   1.0454291762304377e-04
  1232   9.5011694359815118e-05   8.6236746001692917e-06
  1233   3.0581781963144182e-04   4.1588667611618737e-04
  1234   5.9756980147192523e-04   2.7561885712275830e-05
  1235   2.9464392229642273e-03   2.1380404715772099e-03
  1236   1.6156613293367085e-03   7.8918943520340395e-05
  1237   6.4306797083983993e-04   4.0421505926892162e-04
  1238   8.6557414929396871e-04   2.8146961037181024e-04
  1239   1.6668007626402520e-04   2.5609824186912574e-05
  1240   7.5119297081939978e-05   8.8623452911728841e-05
  1241   5.0178174463260967e-04   8.1932292536973840e-05
  1242   7.8983540042542477e-05   1.1812658286980322e-04
  1243   3.7430871986912509e-04   1.7417349559088849e-04
  1244   2.1298776497663909e-03   1.9245944752970356e-03
  1245   2.9132801036290618e-03   4.6896338027176436e-04
  1246   4.0145799199305831e-04   3.2255206351886528e-04
  1247   9.2599782824485076e-04   1.7911621407818196e-04
  1248   5.0369615470570710e-04   2.6955884666939175e-04
  1249   4.2290264564344703e-04   2.0444100819364943e-04
  1250   1.8932423048541921e-04   3.5178022155929571e-05
  1251   2.4468645568723250e-04   6.4532406054071645e-05
  1252   5.6050828576124298e-05   1.2476837889464974e-04
  1253   6.2113979366322416e-04   1.7642263215982075e-04
  1254   4.0472342725894721e-03   1.3346559443978350e-03
  1255   6.4814912874236485e-04   4.0589392322305432e-04
  1256   1.0790312229530283e-03   7.5998834545575468e-05
  1257   1.5377605706530482e-04   2.8102221900067417e-04
  1258   7.8473468618673193e-04   5.0124411941026805e-05
  1259   5.9123001425263488e-05   1.4717617175239900e-05
  1260   1.2768501101312502e-05   0.0000000000000000e+00
