  1083
     1   1.9199481243148583e-08   1.6529213133708512e-08
     2   1.6355068425278350e-08   1.5565450357819604e-09
     3   1.5720861267661678e-09   3.2696359820861970e-10
     4   4.8348648695747020e-10   2.7188907394650695e-10
     5   7.0842562836897817e-10   2.2393786133434256e-10
     6   2.3628337806052786e-10   3.8858243780251057e-10
     7   7.9410910789590405e-09   1.5860497939365881e-09
     8   5.4559373604966487e-10   1.0232266301926526e-10
     9   2.1842933192763906e-10   1.9117507354274520e-09
    10   3.4288410908243658e-08   4.5395441667794253e-10
    11   1.1357011878645181e-10   2.7169069204937496e-10
    12   1.5767468952100988e-09   2.4097087484573879e-10
    13   1.2758199655355754e-10   8.6760187164767286e-11
    14   9.0541940329988907e-10   3.0730612853388872e-10
    15   7.1251276325286071e-10   1.2863519969085256e-09
    16   3.3085123795658001e-09   2.1881938490586222e-10
    17   9.9486219255650778e-09   1.4021972450495174e-08
    18   2.4915639797900543e-08   6.1869428542706039e-09
    19   7.9022431191853078e-09   1.4313268358095586e-10
    20   1.5279121946045321e-09   1.1585759042211629e-09
    21   1.2397105086268449e-09   2.9532928432358399e-10
    22   3.9027509860639677e-10   1.4619410095841675e-10
    23   2.3524489503372549e-09   6.8414049770763750e-10
    24   2.3498677124394896e-10   3.8647387032302619e-11
    25   6.6037033030807482e-10   3.5426144060676425e-09
    26   3.3971223452329717e-08   1.4103517748056590e-09
    27   2.0222013454897714e-10   6.8349769103547960e-11
    28   2.3015656976100046e-10   4.6001627423590640e-11
    29   3.2715450320809990e-09   4.0313305660840772e-09
    30   5.0428168924966310e-09   4.8820314754517868e-11
    31   9.7170619111692826e-10   1.0587859370026260e-09
    32   2.9652307007811306e-09   1.1993690062482153e-09
    33   1.2895451789266233e-09   3.4322074812376607e-09
    34   3.3926623090386435e-08   1.9789395379671207e-09
    35   1.3291096677349468e-09   6.5594091757392225e-10
    36   6.2180314620992526e-10   1.0791186442253206e-10
    37   7.1643806491876872e-10   1.6632402439622509e-10
    38   9.7761424602843855e-11   1.1462434643465214e-10
    39   1.8477226484403267e-09   1.0918071184257053e-09
    40   8.6329350220872020e-10   2.4645005174558506e-10
    41   9.1170185066270079e-09   5.5782985684256115e-09
    42   3.0858556084157643e-08   8.4831383789724931e-09
    43   3.2674596691140004e-09   5.0419967744814884e-10
    44   1.3374899186998894e-09   1.1159836283405846e-09
    45   1.4660374142628586e-09   1.5187334061024769e-10
    46   4.9527365769851548e-10   1.7455061032381255e-10
    47   6.6220415845848334e-10   4.2957446469784290e-10
    48   3.5439831414347642e-10   2.8815574082732251e-11
    49   3.4955268554623625e-09   4.0946725589677920e-09
    50   2.9083264201605145e-08   1.1703238919940781e-08
    51   5.7208162336906674e-09   4.5983979605081237e-11
    52   6.5489941152631066e-11   3.5961146260056602e-11
    53   2.1321205343803200e-09   3.4508093948639878e-09
    54   6.3413468007232165e-09   2.5611874709758764e-10
    55   2.5945739287738106e-10   1.2642959168691402e-10
    56   9.2331504145359002e-10   7.3075996591425142e-10
    57   1.1661040592796217e-09   3.0714209764237867e-09
    58   3.3877892636494199e-08   2.8456608747472564e-09
    59   5.8536385602499128e-10   8.9047528275625033e-11
    60   2.2643011547893779e-09   7.8553231017590412e-10
    61   3.8505786200956271e-10   8.3182843732832996e-11
    62   3.0487044253287186e-10   2.3016416211690675e-10
    63   9.8425813377699396e-10   1.0807554832658282e-09
    64   1.8786819150521950e-09   6.3678195502827797e-10
    65   6.7130173190065028e-09   3.2799392235887702e-09
    66   7.0201341572494886e-09   1.1550930555695539e-08
    67   2.9196806298576203e-08   2.8266648998669089e-09
    68   3.8491854195550723e-09   1.9514103755879507e-10
    69   7.4610009083680044e-10   3.8287744809856948e-10
    70   2.3661060044761494e-10   2.7693934466488073e-11
    71   8.2069494622957784e-11   3.6725367840258835e-11
    72   2.2314664564384026e-10   1.4158688675956906e-10
    73   5.9149084297965171e-10   3.4637528719328178e-09
    74   3.3835968935448161e-08   2.6565338666957346e-09
    75   8.7700320660078110e-10   1.1254136738230754e-10
    76   8.4178874972908942e-10   6.3609307110361915e-10
    77   5.9919454346439445e-09   3.6000333811277075e-09
    78   2.4925816454322716e-09   1.5291317781138481e-10
    79   5.2447725610322464e-10   4.8344700083809763e-10
    80   1.5563587902912509e-09   5.2587591968738329e-10
    81   2.0477045986467814e-09   1.4767802042724491e-09
    82   2.3217199457563531e-09   4.5372434052502677e-09
    83   3.2160576028556984e-08   6.9475951175630292e-09
    84   4.1838423621210363e-09   4.3007247279231172e-10
    85   8.3188748290219694e-10   5.9113084707286909e-11
    86   2.1995328645497932e-11   1.0172690701376042e-10
    87   2.4818265848428939e-09   4.6176844748481235e-10
    88   2.8074014711301879e-10   1.3782515805561085e-10
    89   6.4766982912500434e-09   3.4090247549065266e-09
    90   1.9600057191624123e-09   1.6967779024414235e-09
    91   3.4296567711459544e-08   7.1440134771608200e-10
    92   8.7373266872818884e-11   5.7923440807377922e-11
    93   1.6955708646676863e-10   1.3418001900163589e-10
    94   3.9589251131052854e-10   5.5255046316112572e-11
    95   1.6667705778936095e-10   5.1094457183864247e-10
    96   3.6314536849807408e-09   7.1434443103434026e-10
    97   4.5433496678887921e-10   2.1653409953105789e-09
    98   3.4207498301004788e-08   1.3665413319685762e-09
    99   8.4495672655276125e-10   3.5759415013181245e-10
   100   7.7011148020127229e-10   1.1445068529732542e-09
   101   4.8067783690075005e-09   3.0164004537769350e-09
   102   5.5206120881397213e-09   2.7953397181906712e-10
   103   4.5537421459226164e-10   6.8913200066478520e-10
   104   1.2751722698959610e-09   8.7357729920255554e-11
   105   3.4761917178230255e-10   3.5007454510041822e-10
   106   1.8865236247219671e-08   1.6929985556072668e-08
   107   1.5940404899766319e-08   5.0455813570636967e-10
   108   1.4772455186118163e-09   8.9393764943825957e-10
   109   1.7070029740302884e-09   4.7225429833754546e-10
   110   4.2516093123441524e-10   3.0830942036502317e-11
   111   2.4969131407178663e-10   2.3359283077211123e-10
   112   5.6050303762003023e-10   1.4533623500689628e-09
   113   7.8812569502347303e-09   8.6632903239922337e-10
   114   2.9542213872721944e-09   4.9857584089907575e-09
   115   3.0474521920348118e-08   9.4990179908995776e-09
   116   5.6232293795551786e-09   2.6717013975035955e-10
   117   9.5059295542865730e-11   7.9010908837083878e-11
   118   3.2231687916948211e-10   1.0378009838538158e-10
   119   5.6499791280220565e-10   2.8787930252803634e-10
   120   3.0916703150388894e-10   7.1742002439017097e-11
   121   3.9719868660288016e-10   1.0212713414699383e-09
   122   1.4293825652391269e-08   1.5564774412157009e-08
   123   2.2331939450943250e-08   3.0156880807651882e-10
   124   1.2802005065982456e-10   1.6974902835632202e-10
   125   8.1669969693197258e-09   9.5759340191467770e-10
   126   2.4911371061970533e-10   3.8334954071275702e-10
   127   1.5630003032027217e-09   1.1130637936768490e-10
   128   5.5029148499853162e-10   9.0157994257422695e-10
   129   2.1882768479359028e-09   3.4778559873988302e-10
   130   8.8500107326834941e-09   1.3450374478555354e-08
   131   2.6881818607039251e-08   3.7253971515535853e-09
   132   2.7223712405866536e-09   2.3279075279053855e-10
   133   1.9300145715786200e-10   1.4134632465927092e-10
   134   7.2299778752487095e-10   3.0135460517958871e-10
   135   4.7118284475950404e-10   9.6045992891584088e-11
   136   1.8752976635416584e-10   9.1820323859414777e-10
   137   8.1459901074648707e-09   5.3704591561656060e-10
   138   1.1798698808274756e-09   5.4647888676389906e-09
   139   3.3450467437090314e-08   1.3143835719294343e-09
   140   9.4635035720891425e-10   2.1800959726127826e-10
   141   8.2896568161475054e-11   3.5594542294704550e-11
   142   1.8894752148577479e-09   1.0666691014419730e-09
   143   8.2705652793577428e-10   1.4990614663616712e-10
   144   1.7796887802965294e-10   4.2270952285953352e-11
   145   2.8007887424386992e-09   4.3415051208657909e-09
   146   2.8000475125099979e-08   1.2487948151476349e-08
   147   7.5329592243180634e-09   1.8591018634104308e-10
   148   6.2880125209352043e-10   1.1432547197117589e-09
   149   7.6177752804128068e-09   1.8833086066608026e-09
   150   1.0937957603689269e-09   5.5468659903372744e-10
   151   1.4554699084158856e-09   6.1531284789222851e-10
   152   1.5226179442070602e-09   8.4613125799786907e-10
   153   1.5055500215942342e-09   7.3223690424006104e-11
   154   2.6579195129593282e-10   2.2641231764610367e-09
   155   3.4008964880219604e-08   2.8562315298464961e-09
   156   7.1815531231555970e-10   1.0341407847271704e-10
   157   6.4261047764543296e-10   2.3303633269364516e-10
   158   1.2579667123645272e-10   3.1599089283454068e-11
   159   1.0934779317209561e-10   5.2419150884232716e-10
   160   8.2347914861463281e-09   3.6643306844668460e-10
   161   1.7455783623849122e-10   8.8184543785663727e-10
   162   2.9070767651074996e-08   1.1845915904130884e-08
   163   7.9475647598891598e-09   7.2488040110755855e-10
   164   2.2436642746110562e-09   1.5900522944792303e-09
   165   1.7505414324102651e-09   3.7844113712075272e-10
   166   4.9953976743786153e-10   3.2032764706014861e-10
   167   6.5046156584181291e-10   7.9186074957538108e-11
   168   1.3166463771027383e-10   6.4559926030037142e-11
   169   7.8606466080185705e-10   1.3303426394529964e-09
   170   3.0878996776854322e-08   1.0299717874420744e-08
   171   3.8248800642271369e-09   2.5040357467979780e-10
   172   2.4157914556921801e-09   9.4132097857685647e-10
   173   4.3080194093015964e-09   3.8870645770967860e-09
   174   4.3215837754024836e-09   3.0911572508240823e-10
   175   1.4469547600660472e-09   5.2439126537650535e-10
   176   2.9805885890577844e-10   6.2085734756423035e-11
   177   2.2781826796583233e-10   1.7923666749044504e-10
   178   1.5035468190746753e-08   1.6981435953269909e-08
   179   1.9509974964860096e-08   4.4821443095520994e-11
   180   1.7844225901091596e-10   4.7499272508560985e-10
   181   3.7765904033098778e-09   1.7714866763005878e-10
   182   4.6707055949818280e-11   2.0704412223162828e-10
   183   2.6024443811393656e-09   1.1655085161601303e-09
   184   6.6461541046169441e-09   2.9657791168423086e-09
   185   1.9962090854822790e-09   2.5342732191259060e-10
   186   1.4391455300624249e-08   1.6659364770994380e-08
   187   2.0523604075959478e-08   4.7059432675105839e-10
   188   2.4383193176048476e-10   2.5316605116513518e-11
   189   2.2865904399414150e-10   1.8651434364387984e-10
   190   6.1624199122558461e-10   2.3418445114502609e-10
   191   2.6528262723173815e-10   4.4100042720879072e-10
   192   2.4531902757706428e-09   3.1575407400147784e-10
   193   2.4532985138844786e-09   8.4049147473212864e-09
   194   3.2162222327482166e-08   9.6776034499492562e-10
   195   6.2094494883664569e-10   5.0448628337584635e-10
   196   2.2268047331265802e-09   2.2177091884343792e-09
   197   7.4219334226857894e-09   5.8152874447946667e-10
   198   8.2622552131482669e-10   1.0624615197633298e-09
   199   2.9904975670898687e-09   1.1548512437796107e-09
   200   1.1137796498182760e-09   6.5154341306377108e-11
   201   1.0374517561035175e-10   3.4465978815081874e-10
   202   3.0742443133723755e-08   1.0540324535160756e-08
   203   4.0058485714118424e-09   3.0733577648560298e-10
   204   8.3887896418637175e-10   1.9042081427056821e-10
   205   3.9091894557964018e-10   7.0860153612507599e-10
   206   2.2869198759127783e-09   2.6088892616890685e-10
   207   3.7380243897317801e-10   2.0881064900904892e-10
   208   2.8379564199109550e-09   3.8077991611153898e-09
   209   5.6195645231626166e-09   1.9769889419311769e-10
   210   2.1885996070941131e-08   1.6507098103426129e-08
   211   1.2626873276419149e-08   4.1831189376446699e-11
   212   1.9830487032484888e-10   8.2514711812314335e-11
   213   3.1857910945269260e-10   7.4220924594274448e-10
   214   3.5012317367272084e-09   5.9279829592125350e-10
   215   1.3029095000895229e-09   1.2380785607707745e-09
   216   1.6018318088857859e-09   1.0880950177277837e-10
   217   7.0692989179646763e-10   4.4270281594599224e-09
   218   3.3784404664549965e-08   1.0799653905174315e-09
   219   1.3252247004205700e-09   6.0763623362883281e-10
   220   6.3677818007133441e-10   4.4094347701221853e-10
   221   7.0369951156995899e-09   2.8660045289934663e-09
   222   1.5641563139221242e-09   9.1917933384603280e-11
   223   7.6981680018069711e-11   4.7119240436033308e-11
   224   5.2960384928926915e-10   4.6351251609445298e-10
   225   3.6741013646421829e-09   8.8625262629024542e-09
   226   3.1413306238072033e-08   3.7293861403226847e-09
   227   2.1558036434807136e-09   5.2833826397872400e-11
   228   1.4574088177741002e-10   2.5414293322856450e-10
   229   8.3045475690050562e-10   1.2027357234054530e-10
   230   1.3587264213866729e-09   1.6080760465363080e-09
   231   2.6793963320901713e-09   6.7546726562943188e-10
   232   1.1637176756603034e-09   1.9311658110185871e-09
   233   7.8091666857309368e-09   1.2120784834716016e-09
   234   3.4071549713616782e-08   3.0424125000340025e-09
   235   6.5221839378986375e-10   4.2323891675519946e-10
   236   6.9871302165421851e-10   1.3517595290728058e-10
   237   3.9987276506312768e-10   4.3784641461534121e-10
   238   2.3867622107401048e-09   4.9299758726911167e-10
   239   2.1917901331873919e-10   1.5042802479282645e-10
   240   4.4647996587135732e-10   1.5558737844267594e-10
   241   2.4586017579021467e-08   1.5418999872719146e-08
   242   1.0169764774629663e-08   5.1114399869743020e-10
   243   1.4943308215069255e-09   2.1833570410198498e-10
   244   7.2029361234366764e-10   2.2128344396205516e-09
   245   7.6307631612145495e-09   2.2216834841168699e-10
   246   4.1063897816306802e-10   3.3762548810797885e-10
   247   2.3997108170567848e-09   6.7423711033963601e-10
   248   8.4870868957785852e-10   1.3373415507160118e-09
   249   3.3021733434020846e-09   1.9485526235326447e-09
   250   3.4257406958516715e-08   8.6200289073350631e-10
   251   5.7661918774953689e-11   2.6244440477607344e-11
   252   8.9078294005581338e-11   7.1403646437738182e-11
   253   1.7928206210235097e-10   6.8653678268612694e-11
   254   1.2063880215237319e-10   5.0162762375605562e-10
   255   8.0737532220299943e-09   1.2586135050211668e-09
   256   3.5525025784026483e-09   9.6903850859887894e-09
   257   3.1320011139451910e-08   1.0182099721669957e-09
   258   1.3407829780114188e-09   1.0194466374771007e-09
   259   1.6333946802481449e-09   4.1967493138340493e-10
   260   7.9430130011419222e-10   1.2484263775850177e-10
   261   1.0486198414197499e-10   1.8499481185553579e-10
   262   1.0325944170937407e-09   8.4263953710495204e-10
   263   3.3994855715377227e-09   6.9336298261949965e-10
   264   1.6843058454051890e-09   3.9045170621519631e-09
   265   3.2773151027147674e-08   6.1535867673956710e-09
   266   1.8111099483854809e-09   2.9797555572085186e-10
   267   9.8268079096929765e-10   1.4814540245695607e-10
   268   2.6172880603185437e-09   1.4882691106769301e-09
   269   6.1961929364813078e-09   3.2372985574700629e-09
   270   2.1080475176895506e-09   1.7425562093290366e-10
   271   6.3112205799804204e-10   2.4241117330210116e-10
   272   2.2600637259367073e-10   3.7296230845873590e-10
   273   3.1241201083308300e-08   9.8861654868915826e-09
   274   3.4334367240914437e-09   7.9888380445837791e-11
   275   4.0891007514835397e-10   1.0129877035019613e-10
   276   4.4595693735757466e-11   1.7317415407435147e-11
   277   1.0565693533661821e-10   3.1512196500817705e-10
   278   3.2362222045464660e-09   1.2043672810496892e-09
   279   1.3119092538994024e-09   1.7616316403005599e-09
   280   2.4090351342283098e-08   1.3676245702057718e-08
   281   1.5645892930223410e-08   3.6316935516512876e-09
   282   4.9942630229162607e-09   8.9152169892579313e-10
   283   4.3687910440377942e-10   8.8237917758742497e-11
   284   2.1854165891979221e-10   9.6363133625664212e-11
   285   1.1811522547028475e-10   1.4666819366990063e-10
   286   1.6029435197576311e-09   3.8626053401635401e-10
   287   6.1123143591772478e-10   1.1886263023144881e-09
   288   1.4125903693151716e-08   1.5634946680408874e-08
   289   2.2319723621784932e-08   7.4780550540181439e-11
   290   6.8513066788431676e-11   7.6050006484446509e-11
   291   3.5096086075072157e-10   6.2351953069809888e-10
   292   5.8593776223289591e-09   3.5050995720302182e-09
   293   3.1103826351724018e-09   2.0028458006694599e-10
   294   3.4617868491495919e-10   1.5859588252755717e-10
   295   1.2169736997248186e-09   2.2427663342816077e-09
   296   2.6111696725634301e-08   1.3729978584726470e-08
   297   1.1198317103263574e-08   1.1391793079445598e-09
   298   9.1331471505915638e-10   1.3726231026973497e-10
   299   1.0938928534238725e-10   8.9552342072728070e-11
   300   3.1205465403038646e-10   1.2385307159907727e-10
   301   1.2713165907019395e-09   1.0660068088433610e-09
   302   1.5720182170770616e-09   5.1840476281432083e-10
   303   6.3118690178778134e-10   1.5314719656020262e-09
   304   3.3914694951268813e-08   3.3845084893691259e-09
   305   6.5358458110158573e-09   3.6152627054697730e-09
   306   2.3182855373920338e-09   6.8393170125370005e-11
   307   2.6668420139419415e-10   3.6376033664631797e-10
   308   7.7592471648943801e-10   6.4513752981265214e-10
   309   2.2998097087422556e-09   1.0824319179898843e-10
   310   1.2460858893763832e-09   6.9694369823672071e-10
   311   5.6674341794834463e-10   1.2395925356017688e-09
   312   3.4235247600355987e-08   2.0256048959066591e-09
   313   3.7340500940578846e-10   8.3012916200008063e-10
   314   3.6435554926773199e-09   2.0188746433465284e-10
   315   3.7399307785865329e-10   1.7250327612472922e-10
   316   2.8960938082986815e-10   1.0439495289076932e-09
   317   8.1090914108629438e-09   5.6424474997764200e-10
   318   2.2279546894033901e-10   4.3243349896948074e-11
   319   5.9372731450745149e-09   1.2835181865283837e-08
   320   2.8608313083153308e-08   4.2456187245144832e-10
   321   4.0695831451201757e-10   1.5731537671418627e-10
   322   9.2492556918810459e-10   1.1291094645974276e-09
   323   1.7976893606676858e-09   9.4162459972820589e-11
   324   5.6803146931594530e-10   4.7163097144683343e-10
   325   4.9106943093408904e-10   3.9067079657796112e-11
   326   2.1543330294962396e-09   6.7880771067428594e-09
   327   3.2296052294464966e-08   4.3629397556180632e-09
   328   5.8857687019720875e-09   3.3484019082686640e-09
   329   4.2627915986307948e-09   1.3714121994962474e-09
   330   1.6846995190441733e-09   6.6477866133814670e-10
   331   2.6153014573065942e-09   1.4885527595131468e-09
   332   1.6110863788728025e-09   1.2863302427739162e-10
   333   1.4545828208372266e-10   2.1287909417204990e-10
   334   1.6090114855064663e-09   1.9244774100299899e-10
   335   1.1919989729305352e-09   5.9659394905507403e-09
   336   3.3323692224638136e-08   4.4742633005519783e-10
   337   1.9658855347006206e-10   4.1254765898788834e-11
   338   1.3664122493355872e-10   1.9639618114032561e-10
   339   7.4343049363507032e-10   8.8160837120222999e-10
   340   7.7618678779161185e-09   1.7990795271753773e-09
   341   5.7774995972402703e-10   2.7600017001828393e-11
   342   9.2297478470560640e-10   4.2170602782833599e-09
   343   3.3595864289915834e-08   2.9665195133140370e-09
   344   2.2937549024540623e-09   8.7033442138107758e-10
   345   1.0070906168066640e-09   3.5936585539558317e-10
   346   5.2451782051900442e-10   9.6173127515816845e-10
   347   3.5589203380879702e-09   1.2876463997042653e-10
   348   1.7485887491690248e-10   1.3358718757023248e-10
   349   1.2143419593096313e-09   1.1676274035848949e-09
   350   1.5551626151751867e-09   1.1722420027642332e-09
   351   3.3463963836459428e-08   5.4445306436273743e-09
   352   1.2695314334600883e-09   8.7731334716709446e-10
   353   8.1348529063255866e-09   6.7424750562251946e-10
   354   1.7210588907375539e-10   8.2825787804091783e-11
   355   1.4663215836249209e-09   5.0717934924796854e-10
   356   2.6094921121586881e-10   2.0429689438019835e-10
   357   9.2932953103214099e-10   1.7697978878166342e-10
   358   9.0595493755558548e-10   4.4142431470084984e-09
   359   3.3809628353847336e-08   5.8452070084064254e-10
   360   9.1339097385266512e-11   1.5237495219346940e-10
   361   7.8514220785823900e-10   2.7345129730015147e-10
   362   1.1162776315290574e-09   1.3622076984339755e-09
   363   3.3144379402907067e-09   1.0264371075994426e-09
   364   6.7691008299495555e-09   2.9310056565610540e-09
   365   1.6277248372056291e-09   2.5111727541697163e-10
   366   1.2540137285980895e-09   1.3781141083958623e-09
   367   1.3287704764556670e-08   1.5669271057380870e-08
   368   2.2739140092291470e-08   2.4615511855856730e-10
   369   8.7429290498063883e-11   1.2498581121546207e-11
   370   6.1507045561394853e-10   1.0740403686964665e-09
   371   1.9528058129384712e-09   1.0035267680321666e-10
   372   4.4388967205956432e-10   9.5060454343707073e-11
   373   8.1109318662320039e-11   1.0206432352288659e-09
   374   3.4327812969744186e-08   1.1637008590198064e-09
   375   2.6121746919110483e-09   3.4617392841116619e-09
   376   6.1142535144796989e-09   7.6521111724177774e-10
   377   6.7814916667677325e-10   4.7878323591371178e-10
   378   1.4038846211629409e-09   1.2021786314612904e-10
   379   1.9850097602470743e-10   7.0629874353858581e-10
   380   3.6922188647413780e-09   2.3531586527741963e-10
   381   6.4057204764166374e-10   7.7641524967798730e-10
   382   3.2341941789810337e-08   8.0758295813702160e-09
   383   2.4533624063475378e-09   2.6308177187722908e-10
   384   2.5792356293596644e-10   6.2248781043051706e-11
   385   1.8049271738839954e-09   1.1517553403483196e-09
   386   8.5823555687553389e-10   2.4451908563310993e-10
   387   6.0162615217413701e-09   3.5000482697441337e-09
   388   2.8300459175629586e-09   5.2309423413186645e-10
   389   5.5858270519915345e-10   3.2855257497627926e-10
   390   3.3704172648422485e-08   4.7507861956857571e-09
   391   1.8318679460354203e-09   1.2421028838048047e-09
   392   1.4839566761312937e-09   3.9022188544726630e-11
   393   2.6836968057586215e-10   3.6735335976219364e-10
   394   7.1789473644436187e-10   1.4636479939745949e-10
   395   2.2918956890967422e-10   3.0703725425201385e-10
   396   3.7448621373294390e-09   5.6261117772819091e-10
   397   4.8869635832022491e-09   1.1666327332928270e-08
   398   2.9781506174360511e-08   4.7944507219188489e-10
   399   5.2558325221833841e-10   1.4196035851757398e-09
   400   7.8578716763532410e-09   1.0476863342066079e-09
   401   1.7159940453167222e-09   3.5142061005507859e-10
   402   1.8226438962097218e-10   7.4546003336302870e-11
   403   4.0399417465595005e-10   1.9236406002687490e-10
   404   1.8524632075359995e-10   2.1926407756184911e-10
   405   3.1532982062744756e-08   9.2436751938163590e-09
   406   4.5507927728201982e-09   1.2528957186812957e-09
   407   9.6935272444741606e-10   7.3576353191968123e-11
   408   2.0305096340918506e-10   8.5591097742762390e-11
   409   3.1410216840240645e-10   7.3428367773982310e-10
   410   2.7866509832964590e-09   1.6451497811894157e-09
   411   7.6230258110594492e-09   1.1263197643227223e-09
   412   5.2096126899020314e-10   3.3449502231634594e-10
   413   1.5953712865547264e-08   1.6497184614071115e-08
   414   1.9536280367373046e-08   1.8458680258913679e-09
   415   3.2649528360426689e-09   5.1637980901114188e-10
   416   3.0000247836366431e-10   4.2779750607955834e-11
   417   1.4627440705236161e-10   3.1025892032524578e-10
   418   8.7688329557576772e-10   8.9574360978128735e-11
   419   3.5117921931254065e-10   3.2217999081048152e-10
   420   8.3353485781685039e-10   3.3305343023277477e-09
   421   3.3991174732730641e-08   1.6405362798635816e-09
   422   6.1052127895446303e-10   7.1294784533613706e-10
   423   3.5759148497206684e-09   3.2545167767109849e-09
   424   5.9785128308512125e-09   4.5148371348699260e-10
   425   2.9144773041011060e-10   8.6785810516109756e-11
   426   2.0263334724686428e-10   1.8920239794601975e-10
   427   1.0276123679255472e-09   9.3145621191330916e-10
   428   1.8464817800292167e-09   1.1468943940233627e-09
   429   2.5217465668542730e-08   1.4968082791301642e-08
   430   9.8942101406897736e-09   3.6156025155329466e-10
   431   1.0868938912824090e-09   1.3509719820040066e-09
   432   3.1684804382587245e-09   1.7783977136451472e-10
   433   1.5424404647481542e-10   3.3683663202175590e-10
   434   2.4896482796926166e-09   1.9456007550814012e-10
   435   2.8886969013037273e-10   5.9458956025691828e-10
   436   8.0150226024613883e-09   1.4107760874819523e-09
   437   3.0101760809466197e-09   9.1199511825007022e-09
   438   3.1743224360555880e-08   2.7133819476881340e-10
   439   1.3911143330122544e-10   9.8791130812437600e-11
   440   4.0820907182201163e-10   1.0701790273576782e-10
   441   6.5772074634724782e-11   1.9764271859615274e-11
   442   7.2335281350937684e-11   1.8774702608217750e-10
   443   1.8850240982521751e-09   3.0166314738592776e-09
   444   3.3922019678617327e-08   2.5883258723088864e-09
   445   7.7826072311952759e-10   1.0220340134518536e-09
   446   3.4135346147075192e-09   8.2696177884971445e-10
   447   2.4927572251408328e-09   3.3831415899754503e-09
   448   6.2511826074233301e-09   2.3251245204346914e-10
   449   6.6318553059296319e-10   8.8844620336925635e-10
   450   1.9670003123788778e-09   5.5312905819720285e-10
   451   1.0214342226479146e-09   2.4986391655939812e-10
   452   6.3085191195245455e-10   3.8537514370702698e-09
   453   3.3938044928814696e-08   8.8145470540142389e-10
   454   1.2988196433798779e-09   1.0948395448242935e-09
   455   1.5190791851249536e-09   4.2055182291921530e-10
   456   6.5335185761834543e-10   6.4704566562227585e-11
   457   2.5790393395508137e-10   1.7903730005737159e-10
   458   1.6578344673844399e-10   2.5943503612021735e-10
   459   8.1992541123378813e-09   1.1024747254418767e-09
   460   1.3746899658351180e-08   1.6524729911721506e-08
   461   2.1139914164295383e-08   6.0956200219302675e-10
   462   4.3749766267269212e-10   1.1005655242595405e-10
   463   1.1824501979634396e-09   9.7584299232899639e-10
   464   3.3135358889328347e-09   7.8738683462096007e-10
   465   3.0259991707866823e-10   1.6130924257295696e-11
   466   1.2065535664831928e-10   1.3514798742841039e-10
   467   5.5505193480756249e-09   1.0872489051295837e-08
   468   3.0235205545550702e-08   1.5304807315785075e-09
   469   3.2559525500692815e-10   1.1220197270677386e-10
   470   2.3060368708515791e-09   7.7599971968714055e-10
   471   3.8374149169564326e-10   6.5866951908012873e-10
   472   8.2207277612916487e-09   2.4808569423237900e-10
   473   9.1473939234291005e-10   1.2090040349795396e-09
   474   1.6674667793292388e-09   5.3360050428027865e-11
   475   1.2785097751089143e-08   1.6452760752366938e-08
   476   2.1876023745905661e-08   2.9734459558849044e-10
   477   1.9952926093021161e-10   1.1562434334204380e-10
   478   5.3681413116684374e-10   6.8507269660215362e-10
   479   3.4795547201104431e-09   7.8953990291474099e-10
   480   1.0462889835078508e-09   3.1944436617847444e-10
   481   2.6203561130585384e-10   8.3985911194683882e-11
   482   5.3461630381982869e-10   2.8163117974526141e-09
   483   2.9653166896200249e-08   9.9277161783473201e-09
   484   1.2530585602280588e-08   1.1141169931562953e-09
   485   3.2563484350457875e-10   1.0228792718286355e-10
   486   3.6381715532235346e-10   1.7966498579019515e-10
   487   3.0002947798263336e-10   1.2559115945798031e-10
   488   7.5961967428894811e-10   5.5659105466648914e-10
   489   1.0398703586679121e-09   6.6271347079363351e-10
   490   1.3511187363641294e-09   3.0371350211144045e-09
   491   3.2400247737223234e-08   7.2504506938637816e-09
   492   3.8705135882346338e-09   1.7634850042299683e-10
   493   2.4901487082498221e-10   2.5279597405338216e-10
   494   1.4045111139811747e-09   1.1136904249880101e-09
   495   1.4816532366807334e-09   5.6988117245116305e-10
   496   6.7661424636759035e-09   2.9485344401708656e-09
   497   2.1953413746812948e-09   9.3212844156503404e-10
   498   3.0967139310329237e-09   1.2245644653945169e-09
   499   1.1870018322738242e-09   1.2484462231697450e-09
   500   3.3761785148861285e-08   4.4672936227611522e-09
   501   7.2254446521307718e-10   6.0625181094664131e-11
   502   3.2815852759169156e-10   3.1027613785044897e-10
   503   5.4192237433100264e-10   4.2474209877661510e-11
   504   8.4841500806979752e-11   4.3372071125166432e-11
   505   1.2728747831872700e-10   2.6341736123518691e-10
   506   2.7575439317947424e-08   1.3637410450948699e-08
   507   7.1296489504487709e-09   6.7875407641719853e-10
   508   8.1096167033211646e-09   1.0269503136775879e-09
   509   3.3185187843332167e-10   1.4301480177614887e-10
   510   2.1813233370397418e-10   2.1218544927804396e-10
   511   2.3747573776117311e-09   7.7005747167524798e-10
   512   1.3756087832062186e-09   1.3733965659344973e-09
   513   2.6217651843147471e-09   8.6902156367005819e-10
   514   1.6475550734884440e-09   3.0714195001411972e-09
   515   3.3420172098324762e-08   4.7524998692314875e-09
   516   1.7981938218581039e-09   5.3566102358675448e-10
   517   5.8203736091713259e-10   4.3602444743255265e-10
   518   2.4556236276678917e-09   1.6484009980649170e-10
   519   4.5829408139012897e-11   3.4595633459322487e-11
   520   7.2804238310580470e-09   2.7001517557119313e-09
   521   1.0260597227014812e-09   5.5369991836211034e-11
   522   3.2686757458707449e-08   7.4815211824767793e-09
   523   1.7541581736185051e-09   5.3054898214102962e-11
   524   5.0601316027769664e-10   2.9592996032426205e-10
   525   4.4277747592811197e-10   1.6987528919656929e-10
   526   4.9976093295226566e-10   3.2961602564434058e-10
   527   7.1400497891317781e-10   8.5220174830375361e-10
   528   3.3332188735863755e-09   9.4477644634437436e-10
   529   2.2663325860988609e-09   6.8799815592529376e-09
   530   3.2910255221832099e-08   7.5817131299246961e-10
   531   1.5588444048690339e-10   4.5657070789094040e-10
   532   7.9893723638065990e-09   1.2219000410687867e-09
   533   2.7266894467524195e-09   4.8010408458583773e-10
   534   1.5458803822932442e-10   1.5535549142210112e-10
   535   1.3967748251950180e-09   5.2547624867527839e-10
   536   7.2107362511723485e-10   5.2247175681119148e-10
   537   2.1690108711423402e-09   3.6001998191149747e-09
   538   3.1613094552410010e-08   8.5955045271047902e-09
   539   3.4343769312771347e-09   2.6898101842278332e-10
   540   5.2665134964220856e-10   1.6548020164814219e-10
   541   1.3233208135169536e-10   2.5343987625457926e-11
   542   1.4907720551979267e-10   1.7686493586268864e-10
   543   1.1402948268035291e-09   2.1783894683980091e-09
   544   7.4309476516775781e-09   1.2128272490811204e-09
   545   2.5587468799414321e-09   7.1229059984384105e-09
   546   3.2738491922752610e-08   1.4351257925150286e-09
   547   3.5198996663823328e-09   1.0960494667940645e-09
   548   5.0610366543373001e-10   1.2313095635805591e-10
   549   2.4830002189177710e-10   1.6956286852514999e-10
   550   2.9356912123836419e-10   5.7964266002595395e-11
   551   1.7348985587364217e-10   6.9552204764659950e-11
   552   4.4586168099927139e-09   9.3669474739665551e-09
   553   3.0948168822421268e-08   4.1429398623252435e-09
   554   1.5772306682488676e-09   2.7224080406163168e-11
   555   2.3349931592047565e-09   3.4567566821185821e-09
   556   6.2331207587866548e-09   5.5003254416304840e-10
   557   1.2623190682027990e-09   7.2906136539126299e-10
   558   7.6878215298199445e-10   5.9657155005102713e-10
   559   2.2880820433361809e-09   2.9142093725297637e-10
   560   3.7603076381965534e-10   1.2622277104094935e-09
   561   3.4136641701938531e-08   2.6928671034124215e-09
   562   1.0589963009360419e-09   1.3566485079914233e-09
   563   3.0687543897416939e-09   6.9824753153146587e-10
   564   9.5737217175969887e-10   9.0131649666310571e-11
   565   8.4352167086539185e-11   1.0036852027356920e-10
   566   7.1410335423141634e-10   1.7419683812596226e-10
   567   2.1757687224117137e-10   9.2839250587780668e-10
   568   1.0846722310340266e-08   7.9310876219448351e-09
   569   3.1688241472187013e-08   1.1669543669197794e-09
   570   1.4866594390567287e-10   1.0006963151509254e-10
   571   3.3259827492238770e-10   1.7951165160947863e-10
   572   3.4966161364572943e-10   2.5414130891306778e-10
   573   1.5032972955798869e-09   1.0366560557486368e-09
   574   1.3359764713969438e-09   5.3579518712358471e-10
   575   8.0186311529629721e-10   4.7524906976409634e-10
   576   3.3622387245589371e-08   4.9971664535236464e-09
   577   2.0108784286651747e-09   1.2925086609237909e-09
   578   3.0836072246853783e-09   6.9285894236638553e-10
   579   3.5420395457736387e-10   1.3388168702587675e-10
   580   2.8112200855365859e-09   3.4422980266034422e-09
   581   5.8328144369428428e-09   1.3203161935586189e-09
   582   2.1593456695548759e-09   5.1015706452276495e-10
   583   1.7580721684691876e-09   5.5585792690959705e-10
   584   3.9582214778473587e-10   1.2781877015448222e-09
   585   3.4243486465027593e-08   1.9384277611270649e-09
   586   1.7907402430354618e-10   4.0500820288849089e-11
   587   1.3389113311639030e-10   4.1168272114450903e-11
   588   4.6582344323706455e-11   1.6996202459275034e-11
   589   2.0598684317273643e-10   2.3498789881968392e-10
   590   1.5092297208905773e-09   3.8986082859800702e-09
   591   2.2364429763315945e-08   1.3351716576010278e-08
   592   1.8965688846252673e-08   1.0220234474916577e-09
   593   3.8771699054359532e-09   5.8121843594773582e-10
   594   2.8753380051438114e-10   5.2507353218482774e-10
   595   2.0336770322801372e-09   7.1729407377718559e-10
   596   1.2989972787532184e-09   4.8647799886693444e-11
   597   1.6725842591093396e-10   1.3554906954386255e-10
   598   3.8914183692408850e-10   1.1574785870405537e-09
   599   3.3715615880244813e-08   4.6487620418845916e-09
   600   9.5623773619956134e-10   5.3765301879481895e-10
   601   1.7404736176661129e-09   5.5728557545329723e-10
   602   1.8282195453264705e-09   6.7808119886638027e-10
   603   1.1264210910832919e-09   5.9935315571801138e-10
   604   6.3673553867514849e-09   3.3559833197980746e-09
   605   2.2493063053189761e-09   1.5035841111064309e-10
   606   4.3078852356294182e-10   3.8491040054308568e-10
   607   3.2871842750290675e-09   8.9544415859048726e-09
   608   3.1810926974530155e-08   6.6677341095258373e-10
   609   2.6963027421238247e-10   1.0451141464894378e-10
   610   2.5291626007246979e-09   1.7873368593028874e-09
   611   1.4094149147947098e-09   1.4802809672843488e-10
   612   3.2742760623545908e-10   6.1375542810876790e-11
   613   6.5040866444673387e-11   1.1168844445414520e-10
   614   3.8776388122201326e-09   9.6716451945423168e-09
   615   3.1215719697807506e-08   1.8612095918794061e-09
   616   5.4787187716635884e-09   3.0024211786142511e-09
   617   5.0391423248671349e-09   9.5453257699459489e-10
   618   7.3667435993489332e-10   2.5866876231898426e-10
   619   2.0682533092096762e-10   4.6802600409981864e-11
   620   1.0812651437461284e-10   3.4844970588408873e-11
   621   9.7242532300121889e-11   5.1282770776480714e-10
   622   2.7280231704144327e-08   1.3340395409702715e-08
   623   9.3725651884730803e-09   5.8949566512560748e-10
   624   1.2501981720083528e-09   8.7514172541254245e-10
   625   7.8038141634399287e-10   2.7170382291395186e-10
   626   3.5569967761436697e-09   9.3556604408179661e-10
   627   5.2415894463100365e-10   2.3961439549763092e-10
   628   7.7149174630270699e-09   2.0652191145598993e-09
   629   7.0075856367571908e-10   1.0262969581179950e-10
   630   3.1469707968847855e-09   9.4870898903366856e-09
   631   3.1491903739913098e-08   9.9786378028350705e-10
   632   8.2370340431734483e-10   1.4234580847747250e-10
   633   1.0968280718690884e-10   4.5204732642831963e-11
   634   5.4837020991909506e-10   4.9276806153005199e-10
   635   6.5436657360404682e-10   5.0455783639416550e-10
   636   2.4024365661873071e-09   1.3692060896993068e-10
   637   1.0630136623854652e-09   5.8462666086100995e-09
   638   3.3367848931091308e-08   5.0117517419761468e-10
   639   3.5439091648557309e-09   3.6416531060135558e-09
   640   5.4869288705750021e-09   2.1411647945057781e-10
   641   2.6205258311726788e-10   6.9276745661439239e-10
   642   3.6609664674597596e-09   4.3165868358453771e-10
   643   2.3128885510199359e-10   1.2534754369776125e-10
   644   3.4529874286235435e-10   3.4525990496467887e-10
   645   2.8607972197423795e-09   6.2528014095286957e-09
   646   3.2519846618343468e-08   4.5734064167963014e-09
   647   1.7942140212409075e-09   7.1235196308160871e-10
   648   1.6344281343617342e-09   1.4995701531012840e-10
   649   1.2617936298938670e-10   9.4457725191743996e-11
   650   1.8601983478567190e-10   1.5979646125649640e-10
   651   5.3222899217945252e-09   3.8319999922475946e-09
   652   3.3056512611873155e-09   3.7223423621641444e-10
   653   8.6524630268946066e-10   3.4326263045239629e-09
   654   3.3996026459854429e-08   1.3552209797125980e-09
   655   3.3683933103666411e-10   1.1329348710207800e-10
   656   4.4683331249841602e-10   3.6194647945665004e-10
   657   2.0345396518162345e-09   9.7171724472079393e-10
   658   6.7226888316740140e-10   4.9054042731042947e-10
   659   3.6531574162942626e-09   5.8970973009627075e-10
   660   4.3499453318414293e-10   1.9086082172460983e-10
   661   6.4063662713803603e-09   1.3116393188663904e-08
   662   2.8255465399368765e-08   9.4172486333643271e-11
   663   2.4313142089418512e-10   6.0556412850582304e-10
   664   7.3076280901891596e-09   2.5434649355353161e-09
   665   1.3275316351527232e-09   3.2570655908459704e-10
   666   7.9651413167368289e-10   1.0927376447857473e-10
   667   4.7835911907063952e-10   7.6748967665923312e-10
   668   2.0769965276420090e-09   6.3097758785670105e-10
   669   8.6974293061115706e-09   1.3940602513650769e-08
   670   2.6826374285243948e-08   5.9541395644435967e-10
   671   9.6422967459443292e-10   7.4460170933591465e-10
   672   7.5722929976588800e-10   7.4758814041070547e-11
   673   1.7938574651572139e-10   1.3531655390471853e-10
   674   2.2559312100553330e-10   2.5573136157951933e-10
   675   4.1806878759257372e-09   1.5391954127458681e-09
   676   6.3570110544296825e-09   3.0663856344646680e-09
   677   3.2564793295428744e-09   6.9023923400726768e-09
   678   3.2853638806321038e-08   2.0967692967567007e-10
   679   1.7483007083880331e-10   5.1886711269448205e-10
   680   2.3312994101365047e-09   4.3993762003199610e-10
   681   7.3941847579292794e-10   2.5460781250971135e-10
   682   2.7567247923851994e-10   4.2879895446102533e-11
   683   3.4441816305873562e-11   8.1807922274990071e-11
   684   3.2647693995795683e-08   7.5609205884121726e-09
   685   1.7984937676596522e-09   1.8392945879385304e-11
   686   2.3452206715326575e-09   3.5818819204566739e-09
   687   5.9982690532339080e-09   8.5576221793485128e-10
   688   2.4811919092125123e-09   4.0181784422226579e-10
   689   9.1439975582232435e-10   5.3042386499856501e-10
   690   1.0159038446147926e-09   6.8604276383351099e-10
   691   1.2690942693297159e-09   1.3360409012219178e-09
   692   8.1318527498131596e-09   1.1354856094258927e-08
   693   2.9482209483580714e-08   1.8127867016645595e-10
   694   1.8765191254464638e-10   2.3936727251716903e-10
   695   6.1712102713331095e-10   2.8712476232908226e-10
   696   6.9614440374401063e-10   2.0624418208299269e-10
   697   1.8940594843224520e-10   1.5082163833677369e-10
   698   1.1659555911883582e-09   1.5409106125277496e-09
   699   5.1348698648972615e-09   3.8952634095557624e-09
   700   1.4801485419190214e-08   1.3844276533548485e-08
   701   2.4347717213473766e-08   5.3100168831805738e-10
   702   8.9475266063087235e-10   2.4287184616396664e-10
   703   1.4243928500540684e-10   1.0370545183438154e-10
   704   3.0760079352603123e-10   1.4989034669100165e-10
   705   2.7677392514075189e-10   9.8696641284533405e-11
   706   1.0532129843421372e-10   2.9565056393946811e-10
   707   2.8947734308489893e-08   1.1732888733876012e-08
   708   9.1263580654997774e-09   8.4800520581440077e-10
   709   2.3211631467701032e-10   1.1057274053969955e-10
   710   5.8966642076532236e-10   1.0074198067858607e-09
   711   6.6277317065404926e-09   2.5726294246597949e-09
   712   3.9192446015613659e-09   4.5607376982647845e-10
   713   4.3347528623420695e-10   5.5944615234403741e-10
   714   1.3487724944985587e-09   3.2996508461086428e-10
   715   9.6990723238151097e-10   4.0576238925947664e-09
   716   3.3867971128946588e-08   1.1785690929595293e-09
   717   3.8803620839974022e-10   3.2456034814687629e-10
   718   4.8777262806489046e-10   5.3636354798817420e-11
   719   1.9859661215153450e-10   5.2760383752717733e-10
   720   2.4267026500978959e-09   1.3676784563902163e-10
   721   1.7599792667774973e-10   1.3686076742920049e-10
   722   4.6398337632036675e-09   7.6816939832365469e-09
   723   2.5221115630020739e-08   1.2428561627172360e-08
   724   1.2938438996684396e-08   2.0531775740365952e-10
   725   2.8996844278672634e-09   1.5487010282726234e-09
   726   1.2818117329812011e-09   3.5203284457106304e-10
   727   7.6683566551566960e-10   2.9762202306046880e-10
   728   2.3469858796176602e-10   3.2638311209975033e-11
   729   3.1069204046361605e-10   1.9179532840506938e-10
   730   6.3184842955913883e-09   1.2800887125400558e-08
   731   2.8542337129560687e-08   8.9874375303864332e-10
   732   4.7131240649023097e-10   1.7747541076444014e-10
   733   1.3383492087973613e-09   8.6261062743064580e-10
   734   1.9341057579954752e-09   7.2390277934900403e-10
   735   5.0929613921990877e-09   3.8725067336878239e-09
   736   3.4564717354158602e-09   1.5458246678394121e-10
   737   1.4454675725175510e-09   5.3786739111524634e-10
   738   3.2993711879740087e-10   1.3945154758217455e-09
   739   3.4249281557572770e-08   1.8000961541351650e-09
   740   2.8034196141443044e-10   1.5233143350320509e-10
   741   3.0762286436633008e-09   1.1126131941722143e-09
   742   1.3979230772860456e-09   1.2009879690876794e-09
   743   2.0490143118890407e-09   4.3464260511851832e-10
   744   4.3049747276520106e-10   4.4434762671918318e-11
   745   6.0120226465383557e-11   1.9928159805327267e-10
   746   3.3669772244441780e-08   4.7703899547809866e-09
   747   2.7879940242329166e-09   3.5873535306504930e-09
   748   6.2718187567378410e-09   4.2115033761740462e-11
   749   9.6031748843830522e-11   1.1917317734176904e-10
   750   5.8280720587933325e-10   2.7022325805938540e-10
   751   3.3949385538911309e-10   5.9671540567157740e-11
   752   1.2591170361439891e-10   9.9651332804376878e-10
   753   3.2071346270487505e-08   8.2811451628579707e-09
   754   4.5828918104829383e-09   7.1833363428090604e-10
   755   9.8849320737642608e-10   7.5340119636386837e-10
   756   2.4987126158535521e-09   1.5212444281138759e-09
   757   1.7656065512143220e-09   2.6006312853092306e-10
   758   1.2184839335913037e-09   1.3600110280395391e-09
   759   6.6075939763316181e-09   2.8643699883689709e-09
   760   2.4787041694472840e-09   2.6737182821007660e-10
   761   1.4382696959716449e-10   6.4731747375663216e-10
   762   3.3731709132606645e-08   4.5912284018357673e-09
   763   2.2957861134128201e-09   1.1655219703800237e-09
   764   1.0817082354747428e-09   1.4500670602338946e-10
   765   3.1416989890883894e-10   2.1653298105508675e-10
   766   6.0397922151105514e-10   3.6464871274891269e-10
   767   4.4554695758080947e-10   2.6347781257999753e-11
   768   1.1410400204592601e-10   1.0206381812516585e-09
   769   3.3424627704556526e-08   5.5828179874601646e-09
   770   1.4405055428573714e-09   8.1651453410292122e-10
   771   8.1262907646265884e-09   7.5345561558954569e-10
   772   7.9760181334866154e-10   3.9257669884441373e-10
   773   2.8868149647957426e-09   1.5935863263910989e-09
   774   1.0569898378612062e-09   8.6318226485136869e-11
   775   2.6741692988868084e-10   4.8764581693262401e-11
   776   7.2019559046649715e-10   4.5157954480948077e-09
   777   3.3704348109800173e-08   1.7094905645754992e-09
   778   2.4634403615939686e-09   6.5242592976794405e-10
   779   2.6319460669355530e-10   9.0261319186676168e-11
   780   1.5242175559206755e-09   4.3941743953264129e-10
   781   3.3611395726912716e-10   4.4899888535490897e-10
   782   4.6101360599885748e-09   3.0607332981472824e-09
   783   5.4284384986584006e-09   1.4393632463713368e-09
   784   1.1301676551745885e-09   4.9819470238557861e-10
   785   2.8255610830012684e-08   1.3135643048512553e-08
   786   6.2914530918086078e-09   5.3652573514301409e-11
   787   3.0716378641201644e-10   1.9617888513988900e-10
   788   7.3565077173029698e-10   5.1074031346146939e-10
   789   1.8733013413830012e-09   1.6818038644415074e-09
   790   2.3451603124267582e-09   1.1814621656335264e-10
   791   2.5244992952540253e-10   3.3048300837170173e-10
   792   3.7122937702040289e-09   9.7983376487461087e-09
   793   3.1272075756036559e-08   1.3627981860125668e-10
   794   2.8621433032442850e-10   1.4078763602527440e-09
   795   8.0311002767120862e-09   2.2074306541741525e-10
   796   2.4532451893607162e-10   1.6475054915852402e-10
   797   7.2287747516931592e-10   3.3231371978986515e-10
   798   3.3873187667524646e-10   1.2205500566346073e-10
   799   1.6675719070230714e-09   4.9246058045743637e-09
   800   3.1886056791139675e-08   7.4018249605973081e-09
   801   3.5244144720743027e-09   1.3022775912694434e-10
   802   2.7864812773650856e-10   3.2981472074838096e-10
   803   2.2549461938853113e-09   4.6457114185440994e-10
   804   1.5864119045575227e-09   8.1106620218285664e-10
   805   1.0017193598281642e-09   1.2524315917072797e-09
   806   3.2594107253797444e-09   3.9329519704003907e-10
   807   7.9212046337575693e-09   1.7491450197664057e-09
   808   4.3673032439137699e-09   1.0853773794375281e-08
   809   3.0461313921587438e-08   2.9307900310186105e-10
   810   2.2807087889655059e-10   2.1156206112696807e-10
   811   6.7237357341636202e-10   7.9654469481120406e-11
   812   8.0256358017132119e-11   7.5365314441829209e-11
   813   2.9475382796471398e-10   1.8414202336883351e-10
   814   2.4147315408699060e-10   7.9471497882495912e-10
   815   3.4250294781312925e-08   2.1190173162713399e-09
   816   5.2597475763787006e-10   2.1099890161193395e-10
   817   2.0126585261319478e-09   3.0037866513514181e-09
   818   6.7037287255546891e-09   1.0415983220294957e-09
   819   6.0890121670665349e-10   1.5206215242561324e-10
   820   3.5766796082197235e-09   7.6584667534579507e-10
   821   9.0854171432892164e-10   1.1601082168288114e-09
   822   1.9411329509210094e-09   2.1281260080827606e-10
   823   2.7517541620298726e-08   1.3661008265914828e-08
   824   7.2839917232531206e-09   2.1518009852060925e-10
   825   3.6635285942251244e-10   6.0222896011389720e-10
   826   2.0897391146487193e-09   4.9269956546031866e-10
   827   1.6644963953442229e-09   5.4712398490475267e-10
   828   7.1783998474032816e-10   2.7570057674674703e-10
   829   3.1291742371709731e-10   2.9858341751761651e-10
   830   2.4489528663321361e-09   3.4765749760420855e-09
   831   8.9883010095828965e-09   8.0855580633824780e-09
   832   3.1782291340490228e-08   5.0888944618016256e-10
   833   4.4992018668561705e-10   4.0089210611096484e-10
   834   6.1127949448158503e-10   7.9995105814294076e-11
   835   4.3051241755915444e-11   2.1637731845572383e-11
   836   2.2632432475154066e-09   1.8528073274205535e-09
   837   1.6766736999298866e-09   1.0166162393220438e-10
   838   1.7223747147085016e-08   1.7119040841904784e-08
   839   1.7340058393463050e-08   9.8107771433745774e-11
   840   1.0173745945742376e-10   2.1318217818466581e-10
   841   4.5719525994517043e-09   3.0310176053062030e-09
   842   5.4789719394437245e-09   1.5404622453904973e-09
   843   1.0480239430587328e-09   1.1593894270646627e-10
   844   9.8407642613896210e-11   4.3669531767985006e-11
   845   7.5534405531036000e-10   3.4401634376422419e-09
   846   3.3530027855919483e-08   4.0972698177893498e-09
   847   2.0708627146503278e-09   8.0973761099592043e-10
   848   1.4173587317895598e-09   7.5099340310416777e-10
   849   1.1930641777174836e-09   5.8555583946086536e-10
   850   8.4076916226434754e-10   1.8121300065024375e-10
   851   8.2123273065164878e-10   2.7747584331354133e-10
   852   2.6201736003254792e-10   4.5498086239213490e-10
   853   3.9995537752071797e-09   1.7672768197675776e-09
   854   2.3487700256429271e-08   1.3803463979904863e-08
   855   1.6080730781284592e-08   4.6728982497986135e-09
   856   3.0363200560827336e-09   4.8068892341034465e-11
   857   4.1288865610666634e-11   2.0277185574622190e-11
   858   1.4237619576937305e-10   8.8286993434258553e-11
   859   1.3285500963535896e-10   1.5919014907390393e-10
   860   8.7400385727757677e-10   1.2325596024255334e-09
   861   3.2529940172478124e-08   7.5654679074043655e-09
   862   3.0181428029186201e-09   1.1391054881500631e-09
   863   1.5630923551191091e-09   3.2482770666151475e-10
   864   6.1964435913162841e-10   2.3985775590669083e-10
   865   4.5666442535398942e-09   3.8704716688362309e-09
   866   4.2345228482898318e-09   3.2957918905048069e-10
   867   1.7953926178305623e-10   1.2702954766653128e-10
   868   1.5853358207504408e-09   1.6954378354431906e-09
   869   3.8970309054053590e-09   6.4355754071627753e-09
   870   3.2956289030020830e-08   1.6312077540516215e-09
   871   2.4892291515344343e-09   6.3619737860161679e-10
   872   5.9680619984006965e-10   3.7526271177227477e-10
   873   1.3884930512869067e-09   5.0442507904276683e-10
   874   2.9318021117167391e-10   8.0887619401878043e-11
   875   3.4322938959264393e-10   1.6898093530570351e-10
   876   1.7980103764980960e-10   6.4310890100650936e-10
   877   3.2844263126682989e-08   6.2947877054776136e-09
   878   8.4611235223513583e-09   3.1029145171057321e-09
   879   1.5693524207244828e-09   8.9782824342777055e-11
   880   1.1227871778816284e-10   2.0448189863572508e-10
   881   9.4983622698934511e-10   8.9293595772029635e-11
   882   1.7732174439225759e-10   2.6350627061763140e-10
   883   1.3078202653316227e-09   1.2038442878164516e-09
   884   2.5612876655956075e-09   4.4008494374784980e-09
   885   3.2965338075370255e-08   4.9913439265024899e-09
   886   4.2702652069007796e-09   2.5815448615186188e-10
   887   1.2363305843519979e-10   6.2099293343857698e-11
   888   2.1710729545664775e-10   4.2423142143625222e-10
   889   5.1114094043866522e-09   3.7508859316735149e-09
   890   3.8071136738995570e-09   2.7815886374133118e-10
   891   2.3661348024612754e-09   6.7350868191178614e-10
   892   3.3987803761444283e-10   1.8077696326366726e-09
   893   3.4269697564728878e-08   1.0938212742738085e-09
   894   8.3099876080375391e-10   7.6384271085360820e-10
   895   9.8726860359616338e-10   4.2658309443659864e-11
   896   2.7350073353395952e-10   3.9384275789906216e-10
   897   7.1257992116312822e-10   4.8728454046857974e-11
   898   7.6715988739963237e-11   1.7968880156218498e-10
   899   1.0082319971709884e-08   1.2607538049135750e-08
   900   2.7521750123839912e-08   3.2369325782303420e-09
   901   3.4843806311310397e-09   3.3662197477575253e-09
   902   5.8108599512242165e-09   5.3212330832449126e-10
   903   5.3469595859948750e-10   2.1791752021108835e-10
   904   2.3230877481685471e-10   9.6782145636137206e-11
   905   1.0419397432961314e-09   1.1448508856022658e-09
   906   1.6771243275086908e-09   1.2065909301651697e-10
   907   4.4974639949775492e-10   3.2906748046592185e-09
   908   3.4041766813661774e-08   1.1741909465864055e-09
   909   4.6646979107782424e-10   1.6630471495092640e-10
   910   3.1641403799710478e-10   5.5807419355235513e-10
   911   2.2981135204184049e-09   4.7315071626792720e-10
   912   1.2598983311054164e-09   1.2980007151001449e-09
   913   7.6587233003011438e-09   1.7249748903913112e-09
   914   5.5835982493743575e-10   3.7963548544018384e-11
   915   4.3920453099127225e-09   1.1160952546976118e-08
   916   3.0178229377376906e-08   1.5351829400920833e-09
   917   1.7287653420552210e-09   6.4426947842262938e-10
   918   3.6186536145252407e-09   3.3585154118689558e-10
   919   1.6569286305621223e-10   1.2027048893942030e-10
   920   2.1739500843399319e-10   8.5166798464840699e-11
   921   2.0676235200916491e-10   1.1779855540289501e-10
   922   1.0372956304241109e-09   5.0629076873702300e-09
   923   3.3610433474270169e-08   8.0670561740968746e-10
   924   5.1127628792854359e-09   3.9932821451756134e-09
   925   3.2843215639612034e-09   2.3916217435211461e-10
   926   1.9572023014657059e-09   9.0629209913850848e-10
   927   1.1153811545737394e-09   2.7023531743290533e-10
   928   3.9303354734055848e-10   2.5944878757590312e-10
   929   3.9156396831858262e-10   1.2949888670455293e-10
   930   2.8808617377987609e-09   7.9043388037390942e-09
   931   3.2374517602540591e-08   1.2080708029132131e-09
   932   1.6503834705312793e-09   1.3275037767940852e-09
   933   1.3945976351392129e-09   8.0282522713978424e-10
   934   3.4526588244437893e-09   1.2795275304647456e-10
   935   6.6588362949425303e-11   1.0797977587938842e-10
   936   5.1732287244407787e-09   3.8642356061647899e-09
   937   3.4759180529254846e-09   2.4893169846978221e-10
   938   8.8615480565626316e-10   2.8650957087504639e-09
   939   3.2247142400283700e-08   7.7339591979870578e-09
   940   3.0717420713941384e-09   1.9455534232617402e-10
   941   3.9267644341457515e-10   2.4744125165124918e-10
   942   5.4754247222341361e-10   2.0171302549073896e-10
   943   2.0417590899317136e-10   1.1165530644988381e-10
   944   7.4371225840716638e-10   3.9281142047903299e-10
   945   3.8441076128870965e-10   5.9783138451678555e-10
   946   3.3953084713724262e-08   3.8360556452061235e-09
   947   7.6625284920836126e-10   7.6312251476797778e-10
   948   3.7663572578356431e-09   2.4545640624077620e-09
   949   6.8242344077981740e-09   7.5499193094318081e-10
   950   2.4174765086587901e-09   1.7915769660791274e-09
   951   1.5824211998323298e-09   1.3344331175385161e-10
   952   1.4169889914329948e-10   3.9376960473434058e-11
   953   7.7871385961767022e-10   1.1896468637858291e-09
   954   1.8549009417448382e-08   1.6147674915302197e-08
   955   1.7892857244288316e-08   7.4217847442359309e-10
   956   3.3890295384886265e-10   9.4408272662924138e-11
   957   1.9156048843137467e-10   1.6352248838024349e-11
   958   5.5894765187144797e-11   2.7713671964987358e-10
   959   4.8219106751081251e-09   3.3333596452975631e-09
   960   5.0544847629399188e-09   3.3527350487342148e-10
   961   1.1424826692411839e-09   5.7849565705266428e-09
   962   3.3382467022425774e-08   6.4996416129972265e-10
   963   7.0050843236527791e-10   3.6067817378564983e-10
   964   5.8593867080876490e-10   7.5630112909922010e-10
   965   3.5561693453607260e-09   6.2599363758735229e-10
   966   3.6442459593338028e-10   6.8302619007330713e-11
   967   1.4516737076304599e-10   2.7272579916333147e-10
   968   1.1581924501927034e-09   1.1423925105084316e-09
   969   1.8122325714014373e-08   1.6155025605005425e-08
   970   1.8329503103597546e-08   1.9402835582003283e-10
   971   1.5043430434356773e-10   4.9974535981864847e-10
   972   8.0159368986531930e-09   1.3667721368953350e-09
   973   4.3850805427079783e-10   2.2867096058064668e-10
   974   1.2656518223347478e-09   6.7327723257972470e-10
   975   2.1361506674324039e-09   4.6459709499206756e-10
   976   2.1997258331719873e-10   2.2283379128599764e-10
   977   2.9096408689788168e-08   1.2344183756744225e-08
   978   5.6677280124301299e-09   2.4338795912786552e-10
   979   4.4490281345255018e-10   2.8052092680336713e-10
   980   4.2639331724030670e-10   3.5725582780896720e-10
   981   3.7299044794170749e-09   5.3975283613435034e-10
   982   1.4663601020588842e-10   1.6001708997637024e-10
   983   2.3033898195041014e-09   2.0528833787039695e-09
   984   7.5186776019022284e-09   1.0956572713014038e-09
   985   1.6314898156202247e-08   1.6881067694939326e-08
   986   1.8604619181599557e-08   2.2744309510025403e-10
   987   7.1211509447291316e-11   8.8583557119154169e-12
   988   4.8610215758459360e-11   1.8814860682726170e-10
   989   2.3060238679994463e-09   6.8131661263849882e-10
   990   5.4232352851726640e-10   1.9151144388059270e-10
   991   3.4029525589068411e-10   1.4905655233981585e-09
   992   3.4212592677560487e-08   2.0491571972888050e-09
   993   4.0079061251661672e-10   3.9362911790982778e-10
   994   2.1284808296445372e-09   1.3282532623879574e-09
   995   4.3833943404184835e-09   3.6375258365701775e-09
   996   4.6029689640481944e-09   3.7413064842523933e-10
   997   1.2624010638286421e-09   1.2783041783182527e-09
   998   3.0627602060970159e-09   6.7862035100844658e-10
   999   6.9913795675507803e-10   1.8508887888456310e-10
  1000   1.4418927506045718e-09   6.5612199197692599e-09
  1001   3.3094563091347344e-08   1.4346060146174255e-10
  1002   4.8633660246158666e-11   4.7017438367591830e-11
  1003   5.6028861238136556e-10   5.4008199440428423e-10
  1004   8.7714635679535779e-10   4.2398453495477163e-10
  1005   1.2791080084919924e-09   2.4500494459679266e-10
  1006   7.8909202533434013e-10   2.1002887941430493e-09
  1007   7.8506740486450515e-09   2.0762494917010297e-09
  1008   3.3703158702744575e-08   4.2374651459878965e-09
  1009   8.3662630410827543e-10   3.0643759626036788e-10
  1010   5.4786565116670377e-10   1.4072405195126773e-10
  1011   7.6232893715243904e-10   1.0491169978976262e-09
  1012   1.9976519357920321e-09   3.2181312404269412e-10
  1013   3.2109343866161692e-09   1.3101435150271220e-09
  1014   8.1094715887796676e-10   1.0939884393906554e-10
  1015   1.6476344106349261e-09   7.0493022644750605e-09
  1016   3.2860578175652660e-08   8.8390364868334823e-10
  1017   1.2535300370316691e-09   8.2937395240855661e-10
  1018   2.0441536316059266e-09   2.2345535087237250e-10
  1019   4.1415794167760512e-10   1.5825988513473988e-09
  1020   7.9620119523228440e-09   1.8992625823552309e-10
  1021   8.0455900406827883e-11   3.9155826123822654e-11
  1022   1.8345903949129607e-10   8.8574509933614295e-10
  1023   3.3579255145069451e-08   5.1674737733596091e-09
  1024   9.8756443016689520e-10   6.5635026286398133e-11
  1025   4.7389725182377334e-10   5.0677007901850806e-10
  1026   1.4389694650831598e-09   1.4291210090726470e-10
  1027   1.4249568923244540e-09   1.7557953836436822e-09
  1028   2.4999212153302021e-09   4.5122612026785177e-10
  1029   9.0004449258127291e-10   3.0642192566706409e-10
  1030   1.0124245118606553e-08   8.5224192072694615e-09
  1031   2.8822314676611145e-08   8.8560451800908657e-09
  1032   4.0826779832228780e-09   1.5980478856879276e-10
  1033   7.7599880863445879e-10   1.0771452038283450e-09
  1034   1.8839472730837177e-09   1.7136508974719287e-10
  1035   2.7772129565775399e-10   2.1869842171065730e-10
  1036   6.1239877149101392e-10   3.1034127487540414e-10
  1037   1.1164660618225186e-09   7.3242017179120861e-10
  1038   2.9444051443893388e-09   5.0035144731635011e-09
  1039   3.3425442267548279e-08   2.4736703492787633e-09
  1040   3.3762029338646132e-10   6.5027684023102393e-11
  1041   1.0114425432528342e-10   1.1482872811975699e-10
  1042   3.6922725005240653e-09   3.8644896505099730e-09
  1043   5.0310227748187481e-09   8.5903720695870987e-11
  1044   7.4000599171094207e-10   1.4505828457569577e-09
  1045   3.1682373031951454e-09   2.0365348052875960e-10
  1046   2.8467831495537339e-08   1.2959596939621065e-08
  1047   6.0867270443327962e-09   3.0363495598820912e-10
  1048   6.5359449140544196e-10   1.1219527674454421e-10
  1049   1.3837551543472819e-09   5.8606569749313961e-10
  1050   3.5302881726848577e-10   1.3705482055126601e-10
  1051   4.2532211994330077e-10   1.2652901654957761e-10
  1052   5.1663384602363587e-10   8.1546587926381569e-10
  1053   1.3537141734164087e-08   1.4132886080285432e-08
  1054   2.3767075381364558e-08   5.4118429102878731e-09
  1055   6.4643982092558628e-09   1.7715060224578593e-09
  1056   1.8181236309043286e-09   1.4842867329538966e-10
  1057   1.0285352436886569e-10   7.5599330774958610e-11
  1058   9.7213108731629556e-10   1.1427639323090393e-09
  1059   1.7603642716262068e-09   1.0928969262751001e-10
  1060   2.6036223474954212e-10   8.4518424522622982e-10
  1061   4.7270078645359820e-09   5.6517565336768075e-09
  1062   3.3314717616836031e-08   5.6370502299066432e-10
  1063   7.1230892850612948e-10   4.0784858386336393e-10
  1064   2.6576741127008568e-10   5.5855637083282215e-11
  1065   5.8901046165413861e-10   1.4961158421691927e-09
  1066   7.9625199744201500e-09   4.8251151636136625e-10
  1067   8.9752238766921060e-10   3.2160024825279006e-10
  1068   2.0897542052391953e-10   5.7088353459494633e-10
  1069   3.4262997531335889e-08   2.0973159634422205e-09
  1070   2.5009230720950673e-10   2.8795808642180736e-10
  1071   1.5339573428450119e-09   3.2524586317723227e-10
  1072   2.4584397239107641e-10   5.6670263869595190e-11
  1073   6.3287647516062235e-10   9.4763862473620365e-10
  1074   2.0614376129776146e-09   4.1605953421938025e-10
  1075   1.3776125690130160e-09   1.5524225084228382e-09
  1076   5.2675105242387783e-09   8.2969587869778097e-09
  1077   3.1956682350612339e-08   1.4972236223881520e-09
  1078   4.2995026784962173e-09   4.0716062068209075e-09
  1079   4.1694399724399372e-09   1.2790931577880474e-10
  1080   1.9419881864116548e-09   1.0628747158334238e-09
  1081   7.9180498363672784e-10   1.2018292206398161e-10
  1082   2.5125792309714046e-10   8.0826092746450382e-11
  1083   2.0345424555276739e-10   0.0000000000000000e+00
