   420
     1   1.0577796179865964e-04   6.5991999575335458e-04
     2   5.1579482246244266e-03   7.2184701173117155e-04
     3   1.2876679481576465e-03   4.2281152780990043e-04
     4   7.1467669087255787e-04   3.6361866337448204e-04
     5   7.5411253677674310e-04   2.9201476423893098e-04
     6   3.0928735026421205e-04   2.6178523411639679e-04
     7   1.1853454900419302e-03   3.9786485359194848e-04
     8   5.8681769404908427e-04   4.2389728608534884e-04
     9   6.3014363894394788e-04   1.7942538600866542e-04
    10   6.4794626301460483e-04   2.2287511964686683e-04
    11   4.4133626328934445e-04   3.6692703511804488e-04
    12   7.0834650937566328e-04   2.3501454900050155e-04
    13   5.9645140966425999e-04   3.9119097245664540e-04
    14   3.0610132856108631e-03   2.4813626616786259e-03
    15   2.6496334500921252e-03   2.7343333932633061e-04
    16   4.1843113721438377e-04   2.5533957278054130e-04
    17   5.6214754794562055e-04   1.7077509695175293e-04
    18   2.8936557984877488e-04   2.3131282159284810e-04
    19   4.3581311818031911e-04   7.5452704194147935e-05
    20   1.1892581322502114e-04   1.0622134491620736e-04
    21   3.9764764294348079e-04   1.1556914271231163e-04
    22   9.8449188017049092e-05   3.7016348945641390e-05
    23   1.4326716244144979e-04   6.2256263905818420e-04
    24   5.2812477425258266e-03   2.7311523628953984e-04
    25   9.1742955702922457e-05   1.2178734593748035e-04
    26   1.3258501826119533e-03   4.0269874620719179e-04
    27   1.8450059860163724e-04   2.9752219740933561e-05
    28   9.1379667802982774e-05   2.1007511056254731e-04
    29   1.4382219873401519e-03   1.9803817041122581e-04
    30   8.0723825206599701e-05   2.6775438243237920e-05
    31   9.2210920397648545e-05   1.8682278864539805e-04
    32   9.9739641426791034e-04   3.2963273268356400e-04
    33   4.0419368019718191e-03   2.2519456196638085e-03
    34   1.4588364817913388e-03   2.8027780197072128e-04
    35   9.8331176192138184e-04   1.1531224938781042e-04
    36   9.2362171969168338e-05   1.5247544472816692e-04
    37   8.7922365710892125e-04   1.4399253159331525e-04
    38   8.4928944895153397e-05   4.5591144116116635e-05
    39   4.4529910606715806e-04   3.8592690286810339e-04
    40   4.5620277558373017e-04   6.6893170602952702e-05
    41   3.1063985318320700e-04   2.9423899029088434e-04
    42   4.4095027661403909e-04   2.3822393319109037e-04
    43   4.4947125012950702e-03   1.8693787477166437e-03
    44   1.2991282227234671e-03   3.3197159173546095e-04
    45   4.2889493932317483e-04   3.4808562331120076e-04
    46   1.2829404034305828e-03   2.4146282844054141e-04
    47   3.2992341773074207e-04   1.8291375140346757e-04
    48   2.6428553927705309e-04   1.5003741231831073e-04
    49   4.4025303348867829e-04   1.0572168269936591e-04
    50   2.5082672554502852e-04   4.4014241619694033e-04
    51   1.3337924620321739e-03   9.8810509543387448e-05
    52   6.2790213064445170e-05   4.9920148670412064e-05
    53   1.0507036295339348e-03   1.9249581258707219e-03
    54   4.4892685842455376e-03   3.3751953446090207e-04
    55   2.4081350169175483e-04   8.8506456042185348e-05
    56   3.0689634232426824e-04   1.7713562973082470e-04
    57   1.9442681297595030e-04   9.1438750482342748e-05
    58   9.1340748511477331e-04   3.9173337313822920e-04
    59   2.3433675093960737e-04   3.0880716290050882e-05
    60   3.8496534729110015e-04   4.4817954203817687e-04
    61   6.7329313642265414e-04   4.7443820592888974e-05
    62   8.1790267462462078e-05   3.2917350830445597e-04
    63   4.9854086818236325e-03   1.2013047363297052e-03
    64   1.3687271019745104e-03   3.8625030643012854e-04
    65   6.8948513988566619e-04   5.8609748947469227e-04
    66   7.3561546748052175e-04   3.8157287660802799e-05
    67   4.3135618254985638e-05   3.5404690098022328e-05
    68   3.4995256299860731e-04   3.8002804822111360e-04
    69   5.5754520749844334e-04   8.4486098383876367e-05
    70   1.0925866965046189e-03   6.3992779458400915e-04
    71   4.5492578553510638e-04   8.2834800583506796e-05
    72   6.4376021738500047e-04   2.5344668035385268e-04
    73   1.2683136839448954e-03   2.1517681804000210e-03
    74   4.2344898163694912e-03   1.0803337239925830e-04
    75   4.0453355129274116e-04   2.7148105129092334e-04
    76   2.7020551350094378e-04   3.3531346057502330e-05
    77   6.8436207794871296e-05   8.5484636463568965e-05
    78   5.0874937077962019e-04   1.4000926078208109e-04
    79   9.5233265749820764e-05   5.3955088555466292e-05
    80   5.1570862055552822e-04   4.7803475561264207e-04
    81   6.9781394784318852e-04   1.3479078204563206e-04
    82   5.2376214016242777e-04   8.3057997295170858e-04
    83   4.0119092811592280e-03   1.9062189556660215e-03
    84   2.3296179551749755e-03   4.9723254491326383e-04
    85   3.9154829107593644e-04   5.5014521980678271e-05
    86   1.0639503592574595e-04   2.0116830282874873e-04
    87   9.3619843045014890e-04   1.2881834845879543e-04
    88   1.2707480946095212e-04   1.4553116473323613e-04
    89   3.9536318052278799e-04   7.4830621490814284e-05
    90   2.5201405295802973e-04   4.7289460701850985e-04
    91   1.2865680221255055e-03   1.5435392122034052e-04
    92   5.5627917120409671e-04   4.3110511782338423e-04
    93   1.1056815019623164e-03   1.6184062347580480e-03
    94   4.7085956612293711e-03   4.5525576685167711e-04
    95   3.2029762058662710e-04   5.9026810248897992e-05
    96   6.1753976450207085e-05   3.1872139982792511e-05
    97   3.8032458868387473e-04   3.9169650743513804e-04
    98   5.1246953198288059e-04   3.6815336622191329e-05
    99   5.5329974750612425e-05   4.6694534049989802e-05
   100   4.9893336885476879e-04   3.7057726694263073e-04
   101   5.2460305218510834e-04   4.4253373134207999e-04
   102   1.3064199297660901e-03   6.0491252038053184e-04
   103   5.1802186434668235e-03   7.1671132846678120e-04
   104   1.4719642497209611e-04   4.1815267907784077e-05
   105   6.2321888589391219e-04   3.8451532440169077e-04
   106   5.3650863188627854e-04   3.5471027019570608e-04
   107   6.0098623989643689e-04   6.7288104108966507e-05
   108   6.9060767736204057e-05   2.8989041212431823e-05
   109   7.9252374798613280e-05   1.4394351166094587e-04
   110   7.2869137300552247e-04   3.9442345623987430e-04
   111   1.2033641822622686e-03   3.0468622750308102e-04
   112   5.7519038327701456e-04   1.1879824568941991e-03
   113   4.6675225018674325e-03   1.2918102404066586e-03
   114   1.2610935667095632e-03   7.3297206651482682e-05
   115   6.3164578965543266e-05   2.9421428781917912e-05
   116   5.4779747202289650e-05   4.6789716403106185e-05
   117   3.9396620254453685e-04   2.8458577284480471e-04
   118   6.0276683742425746e-04   3.2071273643030369e-04
   119   3.3462465301262770e-04   5.0104708509916630e-05
   120   8.3532636530192494e-04   6.7851523501785119e-04
   121   7.0581927699602659e-04   1.9446299642692484e-04
   122   2.0268951033244908e-03   2.3168590951151936e-03
   123   3.7549041266501442e-03   1.5929482810027074e-04
   124   8.2176975510665621e-05   1.0040681881386055e-04
   125   7.7766361827819334e-04   1.9899407130636657e-04
   126   1.1127380595916815e-04   3.1445080582523891e-05
   127   1.0149717467686078e-04   2.0125608643426805e-04
   128   1.0006344729932570e-03   2.1659358866327964e-04
   129   2.5845689901330413e-04   1.9370544396587618e-04
   130   5.1183672188544410e-04   3.5082466775529010e-04
   131   9.1307378200547321e-04   5.4303192598762157e-04
   132   1.6507074478033289e-03   1.6264265827716522e-03
   133   4.5932146958102158e-03   5.1976218192095183e-04
   134   1.8066028592137869e-04   4.0623140161896284e-05
   135   7.9384052687928304e-05   3.8482651615484886e-05
   136   2.5394920048322969e-04   2.7349267815956807e-04
   137   4.2832834065525082e-04   9.9052514914447736e-05
   138   8.2018013546114935e-04   3.5641668622874757e-04
   139   2.1681210374670544e-04   6.8109399564258681e-05
   140   1.2153998562828077e-03   5.3298869339971425e-04
   141   3.2611227848464597e-04   3.4620404979420128e-04
   142   5.2847382070017133e-03   5.6018948383623421e-04
   143   1.9537230136872536e-04   1.7747586569924880e-04
   144   4.6787672612287043e-04   1.0483325377932463e-04
   145   1.4512966289255451e-04   1.1274351317013306e-04
   146   7.5644024365962507e-04   3.3002567806962704e-04
   147   2.2407088271268359e-04   2.7928713464411920e-05
   148   5.2607010162499375e-05   1.4127284058054897e-04
   149   1.4602863689617965e-03   1.7823398947847417e-04
   150   1.1932070050351684e-04   3.4905098551237088e-04
   151   4.6628245641292714e-03   1.6054772360264058e-03
   152   1.5707617882121847e-03   3.7329464039945746e-04
   153   3.1148297648135072e-04   2.3300294068561168e-04
   154   7.8462564577165452e-04   1.5201687457113623e-04
   155   1.8443269251376259e-04   1.5533590669758885e-04
   156   2.7042865862083102e-04   5.7669934379266471e-05
   157   1.8827436630361076e-04   1.9262837146803488e-04
   158   3.7913485779182725e-04   1.6349163092430801e-04
   159   9.1688168377227494e-04   4.7127921590061223e-04
   160   8.4222917526120594e-04   4.6805574899436690e-04
   161   7.7675926746828300e-04   1.2497000894687608e-03
   162   5.0231322333896058e-03   1.2017309843538991e-04
   163   5.5131282837081302e-05   3.7019985671665103e-05
   164   4.7425769886903091e-04   4.6831295995464423e-04
   165   5.8120454690656527e-04   5.0889959578044093e-05
   166   8.6002496717325238e-05   8.1097279401678022e-05
   167   5.1849056500572345e-04   2.1600631528103251e-04
   168   2.8983660436196544e-04   4.0680542730057469e-04
   169   1.3405449407702132e-03   1.3831133198994843e-04
   170   3.8089134456166729e-04   9.7837705386188143e-04
   171   5.0757047181113754e-03   7.1837540182725760e-04
   172   2.9901157700942208e-04   4.8712865389218493e-05
   173   5.1024948679114553e-04   4.4098451841277907e-04
   174   4.6276126460656318e-04   4.6113261699095713e-05
   175   5.2472732384963396e-04   5.0775141370799481e-04
   176   6.1521727289665139e-04   1.3434182377788288e-04
   177   5.3777288168351824e-04   1.2274599114178589e-04
   178   9.7640217781927468e-05   1.7206316035869745e-04
   179   1.3956128656871403e-03   2.6631016946609509e-04
   180   6.5692607351488510e-04   1.5905727131551803e-03
   181   4.8235409986212398e-03   1.8399350234173239e-04
   182   5.9636155711340923e-04   3.6422972092406978e-04
   183   3.1595479833218635e-04   3.9104737955161941e-05
   184   6.2298104726035616e-05   3.2006914253529482e-05
   185   8.1823446598043451e-05   1.5215852738783932e-04
   186   7.0329235979749063e-04   1.2690661468619908e-04
   187   9.9016233904012231e-04   6.8570164928801261e-04
   188   5.2941296167964536e-04   3.7240064484984778e-05
   189   1.7014128421330842e-03   2.0109854787143844e-03
   190   4.1026995692884033e-03   8.8013324030758488e-04
   191   6.4541757254727155e-04   2.1256432944073548e-04
   192   3.1794889723672326e-04   3.2065605712994429e-05
   193   7.3239786388666812e-05   1.2198675713733042e-04
   194   4.0994421191733327e-04   7.8786080352210170e-05
   195   1.0720154504896619e-04   1.3258398806726305e-04
   196   1.0338264417946445e-03   3.5022599215532081e-04
   197   4.4081971582120776e-04   4.8449811262325288e-04
   198   1.0438082261963345e-03   2.8569063708107790e-04
   199   9.7754819090115270e-04   1.1513561678280792e-03
   200   5.0226891683188540e-03   4.7836174087222827e-04
   201   1.3169318342686493e-04   1.3796595531065918e-04
   202   8.8186758482827559e-04   1.4080958786001719e-04
   203   6.7250934054323940e-05   2.7281515567605364e-05
   204   9.5439151329229142e-05   6.3138055939079490e-05
   205   1.4394883097819643e-04   2.4158332547961493e-04
   206   1.3204786597643722e-03   3.3916530294339563e-04
   207   5.8069557744903704e-04   2.3740554860523784e-04
   208   4.3407929596092745e-04   4.2797773103104864e-04
   209   3.0971631300469754e-03   2.4405814569774071e-03
   210   2.6867428209604700e-03   2.9722506983096482e-04
   211   4.5219430200727862e-04   4.1626716560209285e-05
   212   3.2062859546733132e-05   1.5291261993957883e-05
   213   9.1654559056269635e-05   1.9750205401975726e-04
   214   6.8363257598023214e-04   8.5575982549917465e-05
   215   6.3231000981508903e-04   5.0595948279260890e-04
   216   5.2241645255301009e-04   2.9554478648298905e-04
   217   1.3214449942804448e-03   8.8296138531716110e-05
   218   1.7265018030245679e-03   2.4881022603631523e-03
   219   3.6688138958063990e-03   4.8782326439148514e-05
   220   8.8326348142920284e-04   4.3034294368042819e-04
   221   2.4850286907641988e-04   1.9593145921562784e-05
   222   5.4048978380845736e-05   7.2889083211558669e-05
   223   3.3819174327528507e-04   2.6492084083817207e-04
   224   1.1193888173271853e-03   5.4367886713362317e-04
   225   5.2376122139033605e-04   1.7684913976158753e-04
   226   6.8779880923030157e-04   2.4812858250634266e-04
   227   4.5736465391655294e-04   5.4308990302284429e-04
   228   3.4990229921361242e-03   2.3668832931631688e-03
   229   2.2741620125135364e-03   6.6951097988423043e-05
   230   8.7096879934505530e-05   3.4738319123531805e-05
   231   5.3945020524293215e-05   3.6210210821737157e-05
   232   4.1692172491646545e-04   3.1158878164513020e-04
   233   4.2892659548983289e-04   2.6399964081527856e-04
   234   5.2555311967058139e-04   1.7785373082109454e-04
   235   1.3647333122573345e-03   2.8770048019999001e-04
   236   1.2693216284321706e-04   1.0504386530851826e-04
   237   3.8404363141016674e-03   2.3334103802812108e-03
   238   1.7863281985188390e-03   2.9652112815593509e-04
   239   3.6029062931578474e-04   2.6429003068453254e-05
   240   1.6743299906453235e-04   3.3526321724057528e-04
   241   8.5097848160807597e-04   1.6768880245551782e-04
   242   8.0975588262909427e-04   1.7132020260850268e-04
   243   3.3582161712142540e-04   4.7404310133070912e-04
   244   9.4949482123662704e-04   3.0172377222584658e-04
   245   1.1279643899143247e-03   3.3595756337547340e-04
   246   4.3166880569104249e-04   1.0630760376215079e-04
   247   5.0444137292862136e-04   1.4437823352047305e-03
   248   4.9384695843574617e-03   1.1321241079690165e-04
   249   7.8484220255809254e-05   2.9018859553182573e-05
   250   3.8031907296233033e-05   1.5628939107939078e-05
   251   4.7859627877264108e-05   6.3566379409646232e-05
   252   6.0907599286368910e-04   5.8426772980916760e-04
   253   8.8874859092822342e-04   3.0661348359046733e-04
   254   8.7579536211398242e-04   2.0243699247285622e-04
   255   5.0372483509151871e-04   3.3590196303875193e-04
   256   1.2871415396981214e-03   2.0244289105009893e-03
   257   4.3564578027663926e-03   1.3467925079712633e-04
   258   1.2242176252883754e-04   4.1032698048537623e-05
   259   2.8707770495494636e-04   3.4577500654087541e-04
   260   5.8730020610446099e-04   1.5343291606373079e-04
   261   4.2322387635404952e-04   3.0264096231717529e-04
   262   1.2746683609598482e-03   4.0756912825082770e-04
   263   2.6071954365601693e-04   7.1659288923435523e-05
   264   4.1919753806114979e-04   4.9064928081270903e-04
   265   7.4611858922828621e-04   7.2240898758996899e-05
   266   4.6207842555293427e-03   1.8410942343083301e-03
   267   8.2989612977439002e-04   1.6846438135161227e-04
   268   4.9783880090365938e-04   9.7477218313713802e-05
   269   2.6052147757387508e-04   2.5386485558296913e-04
   270   5.1431007485452050e-04   1.4272303104063928e-04
   271   4.8310742237048931e-04   2.5079785108858289e-04
   272   4.5336127302763500e-04   3.9971158466196313e-04
   273   6.1870119712023836e-04   5.4426054388352759e-05
   274   1.0925997940754680e-03   6.1952936393914679e-04
   275   4.1672436486689222e-04   1.0770243758947309e-04
   276   4.4738674472730071e-03   1.9834721396036529e-03
   277   9.6532834059360562e-04   2.9236019466053995e-05
   278   6.0588383714414745e-05   3.9051279672099277e-05
   279   7.6588454496081862e-05   1.3921164842094403e-04
   280   1.4447119374144455e-03   2.2767421194934469e-04
   281   1.2391669103763544e-04   1.6864006484102701e-04
   282   8.2111896973971769e-04   2.1364660954780398e-04
   283   2.9490964266479995e-04   1.4033500312810111e-04
   284   2.0206119605795607e-04   2.7446912284962528e-04
   285   4.4309319487655929e-03   1.8890960536150434e-03
   286   1.4938781583913631e-03   2.5737898134643960e-04
   287   4.5749021958201908e-04   4.4990982137743202e-04
   288   6.9103155934447128e-04   9.7188413714703668e-05
   289   7.9893298985426000e-04   2.0482098311939355e-04
   290   9.2144408301295434e-05   3.3884852761863913e-05
   291   7.9248745615325122e-05   7.7907284520941839e-05
   292   1.3243224104512652e-03   4.1779799982433077e-04
   293   1.6626085039836094e-04   3.0476320971406952e-05
   294   1.3600764253123042e-03   2.2349415638500212e-03
   295   4.1065964644453265e-03   2.8495978041875598e-04
   296   6.1836579534323859e-04   1.7783526499990277e-04
   297   3.6666437788148142e-04   2.1116647935793433e-04
   298   3.4880162187779420e-04   3.4426197762630478e-04
   299   7.7741443896913430e-04   1.8515387354704630e-04
   300   9.1911627360118564e-04   4.7457877385602009e-04
   301   9.8780281704712774e-04   3.1938268138931623e-04
   302   1.9493458010898002e-04   3.5177794941926276e-05
   303   6.8350971907561736e-05   7.8982155907472869e-05
   304   9.1866390620161538e-04   1.4850086139333155e-03
   305   4.8521189652669617e-03   3.3952492561985887e-04
   306   9.1691267415068645e-05   2.8341888887310026e-05
   307   7.1604388839846214e-05   1.0580846470629444e-04
   308   1.0040909676687266e-03   2.8505600568827884e-04
   309   1.4443628145108063e-04   5.7034323273149382e-05
   310   7.1415914573612902e-04   4.6009273700654173e-04
   311   5.3068952042767425e-04   4.1149509684580341e-04
   312   1.1943895887866745e-03   1.0473772653616863e-04
   313   9.1906694397565094e-05   2.8144788680646105e-04
   314   4.4452402753951308e-03   1.8278753419266583e-03
   315   1.6891234490268307e-03   1.7666038398908557e-04
   316   1.8311903689165356e-04   2.0630434881745876e-04
   317   5.1447323695160449e-04   1.1842425700844593e-04
   318   1.3315935881705920e-04   1.5922532078266511e-04
   319   1.3608321088700694e-03   3.8832498233988425e-04
   320   2.1594197297240546e-04   3.3835270867136511e-05
   321   3.3793099768418780e-05   1.8700077407328632e-05
   322   1.8837911494875534e-04   3.2655200735267037e-04
   323   3.6550384434681669e-03   2.3021112231565925e-03
   324   2.2227492751989318e-03   2.9909439949668380e-04
   325   4.3362440588809377e-04   2.2572483670433208e-04
   326   6.1286018671634465e-04   3.9257531517311530e-04
   327   4.3346932075453303e-04   2.4921607758799702e-05
   328   8.2320095730234583e-05   1.2043449014793821e-04
   329   5.0169176782018348e-04   2.4960412520597287e-04
   330   8.0766988432150189e-04   6.3474443741148303e-04
   331   7.6247044986064592e-04   9.0971612211458415e-05
   332   8.1525614231182431e-04   4.7471531152819458e-04
   333   6.2268293606534129e-04   1.0997512752316809e-03
   334   5.1023982528609685e-03   2.2491992883981056e-04
   335   1.4033270335798249e-04   1.4816570892998702e-04
   336   2.8260865662022635e-04   5.3101663573392088e-05
   337   5.3573677340709757e-04   6.2120907414895364e-04
   338   1.0243242607260218e-03   2.6974203494508107e-04
   339   4.5180052224584946e-04   1.1346046228307246e-04
   340   6.0988448810601957e-04   4.0738465941298228e-04
   341   3.5762944984393059e-04   3.3114653540703246e-05
   342   4.3182142638614534e-04   4.3850336869090460e-04
   343   1.2980363344535649e-03   1.8394788844964284e-03
   344   4.5276672510521756e-03   1.2196609329690993e-04
   345   5.7383641295721078e-05   2.6395640349164292e-05
   346   4.2184654663827970e-04   2.7707938744917599e-04
   347   2.1997089729356182e-04   2.5432983344189380e-05
   348   8.8660714530677812e-05   1.7354762066403712e-04
   349   1.4128839398675128e-03   1.9315678235449826e-04
   350   9.8524598651907432e-05   1.7149470436603182e-04
   351   9.3152485126506103e-04   2.2523336631164766e-04
   352   2.4911310661852116e-03   2.5697898796501026e-03
   353   3.0400745714931816e-03   3.4998847749516420e-04
   354   6.7063744912060309e-04   6.5534333773985555e-05
   355   4.3863428819201130e-04   5.2850535767939746e-04
   356   7.1895864251074991e-04   1.3394990262858289e-04
   357   1.4193008264764158e-03   2.4609868121864469e-04
   358   9.1746795182529861e-05   3.0895844326775591e-05
   359   1.5735861015300529e-04   2.0599202580812959e-04
   360   4.5165267803325701e-04   6.6149506762466212e-05
   361   1.6367148594416357e-04   6.4395022759518262e-04
   362   5.2657446536053714e-03   3.5656287982054427e-04
   363   1.0238893327853037e-04   6.9598089829018769e-05
   364   4.6672856832415956e-04   3.3661391599632928e-04
   365   6.1659681570505186e-04   2.0821320270727404e-04
   366   2.2686069463675481e-04   5.3442282558866903e-05
   367   3.3817967564306507e-04   3.7859301428341493e-04
   368   6.3718320085382190e-04   3.2488915146833996e-04
   369   1.1093381817622293e-03   3.9414280399448497e-04
   370   6.8692938582185761e-04   1.2216359360354458e-04
   371   2.1593256052369577e-04   7.7439628055797844e-04
   372   5.1777961435693336e-03   6.1227053895966438e-04
   373   3.9058678817103045e-04   1.0505935122506690e-04
   374   1.0758169584936344e-04   1.7403005494538224e-04
   375   1.4317201267942269e-03   2.1994239452424182e-04
   376   3.1849179377771967e-04   2.7330556847780313e-04
   377   4.2826225636407141e-04   1.3756759760463050e-04
   378   7.8592451842919640e-04   4.3278143473229143e-04
   379   3.5026053516451331e-04   9.9390363473666023e-05
   380   7.5967941265239812e-04   4.1568563811955828e-04
   381   3.5881647811303026e-04   2.2512978674919359e-04
   382   5.1434097543230873e-03   1.0399712047285746e-03
   383   3.5480855880867232e-04   1.7593314205514575e-04
   384   6.3834110585116752e-04   1.6810373988483728e-04
   385   9.8532277914520130e-05   1.5414170584129858e-05
   386   4.9358936337939283e-05   3.4107141171794168e-05
   387   8.5855110807563819e-05   2.0618616342331291e-04
   388   1.4166702084654761e-03   1.4797374488964994e-04
   389   7.0389451641886955e-05   8.7468297173555197e-05
   390   1.6272443393389739e-03   2.0571756610778128e-03
   391   4.2080902062047280e-03   3.9371527239595979e-04
   392   2.2019211520396526e-04   2.4678331260883122e-04
   393   9.0694796489221221e-04   2.2234480668952158e-04
   394   1.1921342138269892e-03   5.0079058401733339e-04
   395   3.2447261843147212e-04   4.5783055572065713e-05
   396   1.1189189922741738e-04   2.1938009680545762e-04
   397   7.7511379819611339e-04   5.9099536733349861e-05
   398   5.4650642246579222e-05   5.0221985275968417e-05
   399   5.9980466429844167e-04   6.1711717124683662e-04
   400   1.9566611532767534e-03   2.1636699420163794e-03
   401   3.9609039530227519e-03   1.4217994508015677e-04
   402   4.2112919125642423e-04   1.3710664373707708e-04
   403   1.3688703624929006e-04   1.8867457821369663e-04
   404   9.1246609809493497e-04   1.7529601831013666e-04
   405   2.2011894363152995e-04   2.4674971973502900e-04
   406   4.6725680628337854e-04   7.6375301953484487e-05
   407   3.4853938096965624e-04   1.6223911427019075e-04
   408   8.2811186737959390e-04   6.8180466019720901e-04
   409   6.9222409999834908e-04   1.3543175159423892e-04
   410   2.4282709470927846e-03   2.3648210276763998e-03
   411   3.4371535014882308e-03   3.7479432841242591e-04
   412   4.2839469730172940e-04   1.8548760648533363e-04
   413   1.9958782674884691e-04   1.2634813149338021e-04
   414   1.3976333118631465e-03   3.4367088318826197e-04
   415   1.4031522893198832e-04   4.0597173640324522e-05
   416   6.8035032855252598e-05   1.1186275873849021e-05
   417   2.1768592489477113e-05   3.4727051784895546e-05
   418   8.1706030064496876e-04   7.3994354957690727e-04
   419   4.0427628667133540e-03   2.1602471822244965e-03
   420   1.5011411897415216e-03   0.0000000000000000e+00
