  1074
     1   1.6318732004974655e-03   3.2749548806662973e-03
     2   6.8394015530777563e-02   5.9475038930464970e-02
     3   8.6606168152959448e-02   3.3875515713227979e-02
     4   4.9233411756555712e-02   6.6148858677112787e-03
     5   7.2846018095317731e-03   3.7670877929617576e-03
     6   6.7242693437615719e-03   2.3988311099716465e-03
     7   4.4865386287183942e-03   1.9959381121930214e-03
     8   4.0390414817241555e-03   1.7069443824858325e-03
     9   4.7403283898400910e-03   2.7089327571133762e-03
    10   7.4984562119457089e-03   3.3706316466721648e-03
    11   5.3702828709879975e-03   2.1481760910955511e-03
    12   3.6684371648492177e-03   2.8364382522630890e-03
    13   4.3660615495232216e-02   6.1196074983583267e-02
    14   1.0746833221739763e-01   7.7526756980636959e-03
    15   7.3825761568824567e-03   2.4490261684718211e-03
    16   4.3764954714063994e-03   2.6133533436648649e-03
    17   2.6081904176054795e-02   2.4515826228891473e-02
    18   3.3762782858452724e-02   5.1908903799918046e-03
    19   7.1112274121571655e-03   3.0315837999471706e-03
    20   4.7976160800486823e-03   2.1570219460465335e-03
    21   3.7799690045210014e-03   2.8866884222454956e-03
    22   3.1161781596160881e-02   2.5569490272419306e-02
    23   2.7536841368329634e-02   2.3827957196632583e-03
    24   8.1438523360000906e-03   2.2891848646913553e-02
    25   1.4004203862128040e-01   1.2058187989317579e-02
    26   4.7741400249410263e-03   2.0658219529118473e-03
    27   4.1956691026710582e-03   1.8325233369470650e-03
    28   3.6416033914235769e-03   1.8962415632937991e-03
    29   3.6073344772984120e-03   1.8993030202351475e-03
    30   4.0177461948183455e-03   1.8090557285381987e-03
    31   3.4904523184803781e-03   1.9101636539791344e-03
    32   3.8173239809417775e-03   1.9983484006055505e-03
    33   9.0481713565964093e-03   2.7602091911737164e-02
    34   1.3875683945574616e-01   8.6946403069004287e-03
    35   5.9062551065653789e-03   8.8634598470448151e-03
    36   5.1140745472409918e-02   1.0848485702928590e-02
    37   6.1698783267123605e-03   1.8729599314423707e-03
    38   3.6501049773242015e-03   1.7852157250569313e-03
    39   3.8064088695757906e-03   2.1603221217733441e-03
    40   1.4095803348357458e-02   2.0581453647931937e-02
    41   4.4402758187463975e-02   4.3202215270079095e-03
    42   4.3682336294737015e-03   2.0201994341422884e-03
    43   4.0644220730575885e-03   2.3825276891645893e-03
    44   5.5456886971354959e-02   6.8063974953490300e-02
    45   9.3026473411307042e-02   3.2564588563492188e-03
    46   4.1751897769064560e-03   2.5454484803567722e-03
    47   6.8769358424975082e-03   3.9519943733696021e-03
    48   6.8034009948735596e-03   2.5575955972023069e-03
    49   3.9056390878705115e-03   1.6782713493345661e-03
    50   3.5814247276464719e-03   1.9822251392234863e-03
    51   4.1767561455198481e-03   2.2573111389547541e-03
    52   5.7515798266340144e-03   4.0060659934211080e-03
    53   1.8390971832041605e-02   2.4610542665870941e-02
    54   9.0081159805459027e-02   4.8644458423716910e-02
    55   9.5865925533994922e-02   1.5520479529902051e-02
    56   7.9531339398461118e-03   1.8473778912332852e-03
    57   3.4699033643681540e-03   1.8912452827540872e-03
    58   3.6005779925258625e-03   2.2966591379283315e-03
    59   1.5852566418191806e-02   2.1417875848545057e-02
    60   4.2941627225006489e-02   4.7836958467131884e-03
    61   5.7189126718895696e-03   3.2604159255294955e-03
    62   7.2435515285040279e-03   2.8189881672442602e-03
    63   4.3076626379998980e-03   1.9092262220184464e-03
    64   6.3102371547855531e-03   1.9210321114877776e-02
    65   1.4021152374737994e-01   1.6681094999173612e-02
    66   8.3001416736133860e-03   3.5508555842222083e-03
    67   6.5696033647757992e-03   2.4070834185549971e-03
    68   4.0970328172400591e-03   2.0423325302756147e-03
    69   4.0051097537070549e-03   1.8263543831239456e-03
    70   3.1997843494293468e-03   1.7773802835878119e-03
    71   3.8457240211553609e-03   2.4157260614731143e-03
    72   1.6850475965762054e-02   2.1252873292850031e-02
    73   4.2295359839940976e-02   6.7668315440802679e-03
    74   1.0041372449095681e-02   1.2129576918064952e-02
    75   1.3313302143617400e-01   3.7151071369323906e-02
    76   1.5713869040218327e-02   2.0128866621184275e-03
    77   3.6922889975573767e-03   2.0037044882772496e-03
    78   1.0573653496051993e-02   1.7598342491222531e-02
    79   4.7678275081137610e-02   4.9354048913409958e-03
    80   3.9740557379644940e-03   1.8528846041592189e-03
    81   3.6733484359327212e-03   1.7142290165414386e-03
    82   3.6297977682148738e-03   1.7454562028053416e-03
    83   3.5152819303544526e-03   1.8407207061766127e-03
    84   3.9100423939471681e-03   7.2710090973496771e-03
    85   1.3510489787409791e-01   3.5263926541876760e-02
    86   1.3056926312728890e-02   1.8790102817853370e-03
    87   3.6098136723417690e-03   1.6441334459267028e-03
    88   3.5100207970160894e-03   1.8650243743439279e-03
    89   3.6725664973222350e-03   2.0902818891463987e-03
    90   1.0945251468451454e-02   1.7968201208660686e-02
    91   4.7272639100046684e-02   5.1271457092291212e-03
    92   4.8877194814381389e-03   2.8051680996860253e-03
    93   8.1783310882561060e-03   3.6483398373250912e-03
    94   5.5400318501314929e-03   2.5469420016375243e-03
    95   3.9165095824827231e-02   5.4393374789171695e-02
    96   1.0496809335779535e-01   3.2046252493311507e-02
    97   5.8744159242235999e-02   6.0584936177813017e-03
    98   3.5049596304391746e-03   1.7714185233455872e-03
    99   4.0000197490143372e-03   1.8834163666981087e-03
   100   3.6682536381190869e-03   1.5559178918135529e-03
   101   3.6925133032256656e-03   1.7958279040546680e-03
   102   3.7125708652979380e-03   1.9067932352279928e-03
   103   3.7319763341579584e-03   2.1805682556790642e-03
   104   5.5240738570975821e-03   3.5560327373052492e-03
   105   8.0052010513086760e-03   1.1963001227500132e-02
   106   1.3684416346662887e-01   3.0639243873050486e-02
   107   1.1210195331405312e-02   1.8741517185068826e-03
   108   4.3956626586993458e-03   4.6913063521803145e-03
   109   4.0229665804646333e-02   2.2123024661556332e-02
   110   2.0845821353719787e-02   4.5102950053080293e-03
   111   6.3893216303752111e-03   2.5150621719369015e-03
   112   4.8653843782752899e-03   2.6810348282197143e-03
   113   7.1908883048676271e-03   5.0464481020551233e-03
   114   2.7944851103321781e-02   2.4143925101678364e-02
   115   3.2950317376571163e-02   3.8369808107401233e-03
   116   4.2587126069996194e-03   2.2835617655250686e-03
   117   6.2497919939109914e-02   7.0057464278512505e-02
   118   8.5287320393435187e-02   2.5415315046715360e-03
   119   3.4769858753676366e-03   1.9102339274933845e-03
   120   3.9578440349882938e-03   1.8376280565971822e-03
   121   3.9714941739936562e-03   1.7546395422816429e-03
   122   3.7573700531750164e-03   1.8488102704029780e-03
   123   3.5067573847283010e-03   1.7737139493540597e-03
   124   3.7748718701042356e-03   2.5921353475900073e-03
   125   7.5209593069341836e-03   4.1305888459754079e-03
   126   9.0260126691761831e-03   1.7737778521073798e-02
   127   1.3141026524867916e-01   3.1372654365260898e-02
   128   5.2676868961880369e-02   2.3276307654757692e-02
   129   1.7079286804404750e-02   2.1913488404423534e-03
   130   3.7934360626233278e-03   1.8679568740547438e-03
   131   3.5865378624448619e-03   1.9637991935704353e-03
   132   9.1787762430323265e-03   1.6673442044665639e-02
   133   4.8567825241968121e-02   4.9996066294819433e-03
   134   4.1679541327288667e-03   1.7314698837464831e-03
   135   3.6023652126486727e-03   1.7746876547069508e-03
   136   3.7682113596769298e-03   2.1695488438691702e-03
   137   9.8328105510659333e-03   2.3908338159727788e-02
   138   1.3669097799140195e-01   2.3057312739342507e-02
   139   1.1588903806777273e-02   2.6970330299701897e-03
   140   4.0512302261285537e-03   1.6769557071160642e-03
   141   4.1261246002703414e-03   1.9236246726410072e-03
   142   3.8326075062675587e-03   1.5591920662739477e-03
   143   3.4905272887672846e-03   1.8006701430037146e-03
   144   3.7479624381801945e-03   3.2085570703359817e-03
   145   3.1679387065739965e-02   2.5532643549768051e-02
   146   2.6908708958246784e-02   2.8492350509770011e-03
   147   4.8529252890945843e-03   7.9306030820085506e-03
   148   1.3642519241137455e-01   3.2693389326085301e-02
   149   1.1919057664712081e-02   1.8008688358474622e-03
   150   4.2402274524965507e-03   6.5850693037713716e-03
   151   5.0295256827263365e-02   1.3694148098068350e-02
   152   7.7928633410010223e-03   2.3696107597509898e-03
   153   4.9513515293718429e-03   3.1242870206337975e-03
   154   7.0627498764933953e-03   3.0062572880693366e-03
   155   4.9226853529277552e-03   1.8044331849025252e-03
   156   3.8687348694452410e-03   1.8496275058036138e-03
   157   4.7405786206505245e-03   4.0418689748061183e-03
   158   6.0859380451535210e-02   6.7136512132075860e-02
   159   9.1009466534038519e-02   5.3506505586848000e-03
   160   4.8553162953019055e-03   2.2516403220296704e-03
   161   3.8148378752205195e-03   1.8181687455183179e-03
   162   3.8949795709635080e-03   1.7973844522866174e-03
   163   4.9869659009495939e-03   6.2961396518323390e-03
   164   4.9040488530381725e-02   1.5507287166332442e-02
   165   9.5260303218546744e-03   2.3958791068522194e-03
   166   5.4837015240241267e-03   3.6542964088950689e-03
   167   7.9151789441871834e-03   3.2459083432386225e-03
   168   5.3796076375734895e-03   7.0458619114787437e-03
   169   6.3572389157592460e-02   3.3805649585917377e-02
   170   1.1495681733576037e-01   4.3843006219331938e-02
   171   2.3575424105896060e-02   1.6374739454168127e-03
   172   3.4327588408731243e-03   1.5930198105855930e-03
   173   3.1874658433707552e-03   1.8180286216418452e-03
   174   3.6026559672616702e-03   1.9823278142896486e-03
   175   3.4327937142793752e-03   1.7662033673725400e-03
   176   3.8651850013779595e-03   2.2104015610627469e-03
   177   6.7907893057009439e-03   3.9002412425308739e-03
   178   7.2026530658382331e-03   2.9327182702701651e-03
   179   4.7434599662619363e-02   6.4595385779559089e-02
   180   1.0195795455572522e-01   4.1466259612844558e-03
   181   4.2317665783077789e-03   2.1718255786720348e-03
   182   7.9962417196908185e-03   1.4379552598013101e-02
   183   4.9518972891287677e-02   7.5677650596165857e-03
   184   7.2527161802122004e-03   3.9175788079736235e-03
   185   7.6367790560346272e-03   2.7505967718781843e-03
   186   4.5780724309777516e-03   2.0325832871668338e-03
   187   1.0794378436729072e-02   1.7696054915367736e-02
   188   4.7534652243687553e-02   5.1045616378003183e-03
   189   3.7325651364807266e-03   1.8179714291203177e-03
   190   6.2785307794201066e-03   2.0090430792959326e-02
   191   1.4106158781616077e-01   1.1471814666918139e-02
   192   4.7771710494089866e-03   1.7765456608770094e-03
   193   4.2429800028261902e-03   1.8284937182681976e-03
   194   3.3352433388690130e-03   1.5859842985925566e-03
   195   2.9123776235874424e-03   1.6803880576219507e-03
   196   2.9346453952629253e-03   1.4750969926129365e-03
   197   3.4589337348900307e-03   1.6471868154765556e-03
   198   4.8277068143867119e-03   3.3559712308157711e-03
   199   1.2550400783181107e-02   1.5650755172310321e-02
   200   5.1366006108989795e-02   2.0865660844692355e-02
   201   1.1228337036442382e-01   5.5188512205220641e-02
   202   3.5625281121557446e-02   2.5768690477867961e-03
   203   3.4115368113157248e-03   1.8974919465919837e-03
   204   4.8862698066086752e-03   3.4390100870709196e-03
   205   1.2587405499817570e-02   1.4220441994443625e-02
   206   4.8971074618812976e-02   8.2399001511201612e-03
   207   5.4381986981932931e-03   1.6364346212859831e-03
   208   3.2272720945784820e-03   1.7643881101999201e-03
   209   3.1895411274504011e-03   1.9262305071640641e-03
   210   3.4317233741588166e-03   1.6835016192888474e-03
   211   5.1226319819124792e-03   1.4032821723318755e-02
   212   1.4198012625701914e-01   1.4610644060523717e-02
   213   4.8010231337000057e-03   1.5810046232078404e-03
   214   3.5114301945962960e-03   1.9833902545649583e-03
   215   3.5337078369165409e-03   2.7423389951423604e-03
   216   7.8711850656045922e-03   3.8655040220826825e-03
   217   6.1214981381143823e-03   3.8278699152312148e-03
   218   4.0908980664566559e-02   2.2678882366623253e-02
   219   1.8072580217023130e-02   1.9263613764236101e-03
   220   4.1799629690366380e-03   1.9319703640969914e-03
   221   6.7263230090481539e-03   1.7563594346939437e-02
   222   1.3838633745906687e-01   2.3823008607562486e-02
   223   1.2173336815900219e-02   7.5019292612065252e-03
   224   4.0592981347199568e-02   2.1772400006361287e-02
   225   1.9482100634233463e-02   3.3518315746324128e-03
   226   4.4231163980048170e-03   1.6407026678126951e-03
   227   3.6026088607033803e-03   1.2932269310746381e-03
   228   3.0527055825193511e-03   1.3898186867469552e-03
   229   2.9608788309953135e-03   1.5911629805363673e-03
   230   2.5896600380727317e-03   1.5283983746998068e-03
   231   4.3399351334654224e-03   1.4047809124808790e-02
   232   1.4216269505027174e-01   1.3704787996807162e-02
   233   5.3225682138853397e-03   2.8295521004206162e-03
   234   9.0392588260531110e-03   3.5109928457728685e-03
   235   4.3225638020496435e-03   2.6377684318398633e-03
   236   3.2102696530351978e-02   2.5983931020459216e-02
   237   2.5499913404701365e-02   2.3918203433502768e-03
   238   3.7928741109341164e-03   1.7197200474503170e-03
   239   4.1100108828503578e-03   1.7131737370761147e-03
   240   6.7491852576637354e-03   1.1639052176776037e-02
   241   5.1331938984408881e-02   7.1250354054734864e-03
   242   8.7617172144247302e-03   2.1560595829177166e-02
   243   1.4020027336577989e-01   1.3330532394712548e-02
   244   6.4928125928880014e-03   3.0293331417991505e-03
   245   6.5506976690798378e-03   3.5799447170249713e-03
   246   5.1332365196983870e-03   2.1848407074651932e-03
   247   3.1980575628144286e-03   1.5985681433407601e-03
   248   5.7709294237332570e-03   3.7005178232942600e-03
   249   6.9925159100897487e-03   2.1464082858615170e-03
   250   4.6449449667941567e-03   2.1315757316043502e-03
   251   4.8435021282579559e-03   3.0325384433043060e-03
   252   6.9938566198578772e-02   7.0610075647012840e-02
   253   7.8294076765295664e-02   2.8433480322215023e-03
   254   8.5484504029409956e-03   1.5730775062764078e-02
   255   4.9404673993416665e-02   4.5345471400637305e-03
   256   3.5862965597824501e-03   1.5523787560489642e-03
   257   3.6472557431313666e-03   1.7338746264574101e-03
   258   4.4904189166981665e-03   5.2401866180013731e-03
   259   4.0890081449563347e-02   2.1778949952294901e-02
   260   1.9944538902693102e-02   5.0002473378552206e-03
   261   6.8932387033254884e-03   2.2371190354041294e-03
   262   3.6313627741629564e-03   1.9296386720604726e-03
   263   5.4575505293314390e-02   6.7859872255544296e-02
   264   9.3879869319508077e-02   2.4579579350661089e-03
   265   3.7740186477150141e-03   1.8469619364528381e-03
   266   4.1977257040934357e-03   2.1855139699739770e-03
   267   3.8660194806808359e-03   1.9455289898859813e-03
   268   3.0179090239666330e-03   1.5809266027963288e-03
   269   3.6780013812328142e-03   1.8592622947232529e-03
   270   4.6981639142816547e-03   2.7972508212388476e-03
   271   2.5847118604727749e-02   2.5064272944323174e-02
   272   3.3294670710003686e-02   3.8064440981105856e-03
   273   2.0600182525271529e-02   4.2481306089230661e-02
   274   1.2909853813038205e-01   1.3214680246455494e-02
   275   8.5655466500985621e-03   2.5488923050249633e-03
   276   3.4268434462131742e-03   1.6847421723757334e-03
   277   1.5431852932042673e-02   2.2136641210034062e-02
   278   4.2642513638169011e-02   2.4152029560097956e-03
   279   3.4223223826714733e-03   1.4293645797257659e-03
   280   3.2180887969796043e-03   1.6187183810133321e-03
   281   3.6714867581763969e-03   2.4685225568914387e-03
   282   4.2823717945660190e-03   2.1044278461821429e-03
   283   8.7401682658991408e-03   2.6539539681278389e-02
   284   1.3919651920766329e-01   8.6785725828251257e-03
   285   6.0073005223775303e-03   3.6623169732962349e-03
   286   8.2760105651106253e-03   2.7675990520989180e-03
   287   4.5368460207030666e-03   2.4951676544743171e-03
   288   4.7925143749374382e-03   2.5310035928796928e-03
   289   7.2840011812348674e-03   1.1026345500965786e-02
   290   4.7938683651590833e-02   1.4070230803071179e-02
   291   1.2247750604281040e-02   2.7324513142068228e-03
   292   3.8573462212176061e-03   1.2997781995546845e-03
   293   3.6443612016718715e-03   2.8368795204142460e-03
   294   5.5060526669333490e-02   6.2313295923112348e-02
   295   9.6587709512164610e-02   2.1723399315531206e-02
   296   5.0542191218016903e-02   1.4363950965872146e-02
   297   9.8399874608049651e-03   2.1698142352182237e-03
   298   2.9435815740897777e-03   1.8676416181345821e-03
   299   4.4481969240370766e-03   2.0623443438707633e-03
   300   4.3497035496725669e-03   1.4854433161624113e-03
   301   3.4655729945413886e-03   1.3776891152274162e-03
   302   4.8265401016285066e-03   3.6831931247281700e-03
   303   8.6134895966481009e-03   3.0740485633261277e-03
   304   2.2684975863561621e-02   4.8537476751546883e-02
   305   1.2545221701432691e-01   4.9824355299880729e-03
   306   3.0876183081723603e-03   1.6189292039259517e-03
   307   4.2674371759996912e-03   3.3561656969863093e-03
   308   3.7428642020785108e-02   2.4120273254643654e-02
   309   2.1734252371900326e-02   2.0846284042705028e-03
   310   3.5471710675552704e-03   1.4787094116951690e-03
   311   2.5935506111400756e-03   1.7641888789951034e-03
   312   8.3107385265116275e-03   1.5525407427826772e-02
   313   4.9121037859614101e-02   6.4889671744001974e-03
   314   5.3424973169008674e-03   4.9665153871453257e-03
   315   1.2775287913196015e-01   4.5902535551374926e-02
   316   2.0825604420055266e-02   1.5301650490497168e-03
   317   3.0632086080598685e-03   1.3796627131224465e-03
   318   2.8415288881232332e-03   1.7122409692684143e-03
   319   2.8200839684367511e-03   1.7998847017547020e-03
   320   4.0861906003054997e-03   2.0790219359649591e-03
   321   4.2969760604540334e-03   1.5401882854875675e-03
   322   4.5272680261196335e-03   3.3160909376661407e-03
   323   9.6665818370239576e-03   7.2334553401853588e-03
   324   1.2574443156623150e-01   4.7578531525997121e-02
   325   2.3690276284496069e-02   7.9815872763811316e-03
   326   5.2112948551728704e-02   1.0057398445049631e-02
   327   4.3745751598406792e-03   1.7985756520032977e-03
   328   3.2184710020524998e-03   1.9942609468294866e-03
   329   4.5985214012474220e-03   2.6368582605231293e-03
   330   2.2057740406076869e-02   2.3375081654906420e-02
   331   3.7955252780978929e-02   5.1443246475036631e-03
   332   8.4792047367088317e-03   2.6071800144652590e-03
   333   3.8979571633358831e-03   1.4368522841595962e-03
   334   5.4232082098186821e-03   1.8634635874253229e-02
   335   1.4100120239695940e-01   1.4088518932392781e-02
   336   5.2745951867770842e-03   2.4896804769918121e-03
   337   5.2336743808885713e-03   3.0308169919036321e-03
   338   7.4794967805492689e-03   3.2899692644176356e-03
   339   5.2048430054957122e-03   1.9077097226839507e-03
   340   5.8634459297617729e-03   4.2694618116734008e-03
   341   6.8997510784063552e-03   2.2362342039794112e-03
   342   3.0996947335609321e-03   1.8540459927489791e-03
   343   1.7567975362904067e-02   2.3164934375516942e-02
   344   4.6055190290993003e-02   2.2393066775391601e-02
   345   1.3443954641895109e-01   2.6158584408741921e-02
   346   1.2584681758626811e-02   3.6925687158942348e-03
   347   7.4717501310227205e-03   2.8375091026445476e-03
   348   4.5778685878636993e-03   1.7895500828766561e-03
   349   1.6458117362084364e-02   2.3078932118754277e-02
   350   4.1103575157551954e-02   3.3583680924687510e-03
   351   3.0354786287625163e-03   1.9099382265003306e-03
   352   4.6541281899048978e-03   2.2219172405235832e-03
   353   4.4119138027775119e-03   1.6119705708890284e-03
   354   1.0492134324679934e-02   3.0394434605623164e-02
   355   1.3775109371381364e-01   6.3700919754830177e-03
   356   4.0449663307393410e-03   2.1196397507248386e-03
   357   4.3324528982240894e-03   2.0589761064792786e-03
   358   2.8681711317837628e-03   1.6054177433357769e-03
   359   3.0868061721220021e-03   1.5222887163582612e-03
   360   4.4472297084120326e-03   2.3330102052770531e-03
   361   1.1520072850256018e-02   1.7882415846179878e-02
   362   4.7364979490944717e-02   4.5626788785286306e-03
   363   3.5025370716420920e-03   4.4607603562058801e-03
   364   1.2466550516343336e-01   4.9454012683566931e-02
   365   2.3245661573476163e-02   2.0171340668086106e-03
   366   4.1020518050504098e-03   3.3699576726211188e-03
   367   3.9053476641314984e-02   2.3734340250633694e-02
   368   1.9494445322588188e-02   1.9273924482704663e-03
   369   3.4635868593924685e-03   1.6866180646103505e-03
   370   3.7717528369551933e-03   1.9329899273300827e-03
   371   3.6352333938597767e-03   1.5428711423745756e-03
   372   3.3929345937636327e-03   2.6310303771867579e-03
   373   1.8528967634854371e-02   3.7189530409237129e-02
   374   1.3246633371429628e-01   1.4380256187890645e-02
   375   6.9100507548640003e-03   2.2902702583632670e-03
   376   4.6508640926612469e-03   2.6417891592266552e-03
   377   6.0491478274892936e-03   3.5207618631417146e-03
   378   7.3607894443571027e-03   2.2156951744148464e-03
   379   4.4663576345581766e-03   6.4815637148021594e-03
   380   5.0932288444368937e-02   1.2583416489255364e-02
   381   7.7426942764810529e-03   3.0760583744436133e-03
   382   7.2891673743869494e-03   3.6997053354582100e-03
   383   7.0048012684362192e-03   1.5138338721512270e-02
   384   1.3925114358690466e-01   2.3279749837479297e-02
   385   9.2803815736460030e-03   3.4462790695253204e-03
   386   2.2622782625229525e-02   2.2389188289000366e-02
   387   3.8795160968595088e-02   6.2073686068869474e-03
   388   6.3281102009264132e-03   2.1729832923797275e-03
   389   4.0446908368978601e-03   2.0783614668029361e-03
   390   3.6317744604231800e-03   2.1599338151765935e-03
   391   4.2650489698322436e-03   1.9206926637463074e-03
   392   3.4538124981538586e-03   1.4144547913257949e-03
   393   1.3053712516707368e-02   3.6189442655385040e-02
   394   1.3470618434002135e-01   6.2014707661520495e-03
   395   4.0834194497076171e-03   2.0107518255589076e-03
   396   3.8109279023258607e-03   1.9439377378231712e-03
   397   5.6741914832992273e-03   4.0931447466286399e-03
   398   1.2499569821914070e-02   1.3593259708824440e-02
   399   4.9247292971298054e-02   8.6463281025803210e-03
   400   5.2663898851400374e-03   2.0503545448268155e-03
   401   4.1299163600257904e-03   2.3935282701986207e-03
   402   3.5651033631781451e-03   2.5094462938223690e-03
   403   8.4208607331163421e-02   6.9802488675638583e-02
   404   6.4360511921539881e-02   4.7727627305236796e-03
   405   4.1444321469811973e-02   2.2299634442919321e-02
   406   1.8276274073996231e-02   2.2090598716557443e-03
   407   4.0399903847112622e-03   1.6053990765114527e-03
   408   4.0836574420111396e-03   1.8401776087162722e-03
   409   3.2986039306432818e-03   1.7802527403427283e-03
   410   2.7481887358026115e-03   1.4679452717405298e-03
   411   2.6312698788771771e-03   1.5421984913604437e-03
   412   3.1280659686794485e-02   5.5913015710215529e-02
   413   1.1725903823152346e-01   4.4032210934215384e-03
   414   3.9220701649047649e-03   1.5418084458469713e-03
   415   2.9061909815870910e-03   3.1287170707773797e-03
   416   4.2678790148078953e-02   2.1682045204269029e-02
   417   1.6518492248307218e-02   3.3274962891210336e-03
   418   7.6710094281956902e-03   3.5161123157162592e-03
   419   6.4449925389402588e-03   2.5708071863543920e-03
   420   4.4096106395006282e-03   1.8512822579919471e-03
   421   3.3421439090551863e-03   6.4700649730647947e-03
   422   9.9568081819297521e-02   5.2554419497040351e-02
   423   7.4530339802448359e-02   3.2316121203174744e-02
   424   2.9676178130456247e-02   4.0937283168173211e-03
   425   7.2898328435916171e-03   2.9371162234355153e-03
   426   5.6092705979747734e-03   2.0938296979736339e-03
   427   4.2348388905237323e-03   1.4688600481227614e-03
   428   4.8210511942155523e-03   2.8662125956818809e-03
   429   8.0590922631004862e-03   3.0219965847244640e-03
   430   4.3239383624931755e-03   1.7436958717844456e-03
   431   4.0867298780861965e-03   1.2519565353427090e-02
   432   1.3977347119084257e-01   2.3506254705461152e-02
   433   7.6508228015537121e-03   1.7816618427299563e-03
   434   4.4729039024156729e-03   7.8620778345792567e-03
   435   5.2045543897693607e-02   9.5153796475684459e-03
   436   6.1381612307995822e-03   2.1696763759016051e-03
   437   6.2979540151871195e-03   3.6615840680196817e-03
   438   7.9394810786283920e-03   2.8578126351492057e-03
   439   4.0419620132714062e-03   1.6721713248180395e-03
   440   2.9986099517345897e-03   2.6451650435660671e-03
   441   4.3159428743463873e-02   4.9526267969559022e-02
   442   9.8370988904693507e-02   4.3057736044862044e-02
   443   6.2075822186481687e-02   4.7479763634388035e-03
   444   4.0094351843540030e-03   1.6405826142805340e-03
   445   2.9036726594736258e-03   1.7087445675242419e-03
   446   3.4434768283259885e-03   1.8062835364202308e-03
   447   3.4643654691298570e-03   1.5434165915736112e-03
   448   4.3735191450922657e-03   2.5916978323166414e-03
   449   8.4873435143437460e-03   3.6277240374153696e-03
   450   6.4045446068827748e-03   9.6546269371569887e-03
   451   1.3831741342075976e-01   2.8271848303910000e-02
   452   9.7383590194587647e-03   4.4118546731238325e-03
   453   4.5533539635645076e-02   1.9905397707134037e-02
   454   1.2115589173650894e-02   2.0277434093308290e-03
   455   3.1904667830352494e-03   1.5947198500600741e-03
   456   3.4872745646123016e-03   1.2219435070502879e-03
   457   3.4197375746015252e-03   1.4735170935093872e-03
   458   5.0093487841328917e-03   2.3114239306917528e-03
   459   6.4748682262482683e-03   9.2829377074490106e-03
   460   6.0593966735701457e-02   3.2416483117424885e-02
   461   1.1417837058296428e-01   4.5579171138030158e-02
   462   3.0471151125921886e-02   4.7735108697450415e-03
   463   6.2825568637348232e-03   2.5839305328522275e-03
   464   3.6715530336178864e-03   2.0807943818698057e-03
   465   4.0174958680496723e-03   1.7979452716818333e-03
   466   3.8316165782376764e-03   1.6888022340090989e-03
   467   5.8496369726601600e-03   3.4588674306056605e-03
   468   6.8844427827884349e-03   2.4447775970414250e-03
   469   4.9030274289388357e-03   6.5330295876203492e-03
   470   1.1101723743559484e-01   5.1927325823168120e-02
   471   5.6524536829002443e-02   2.9757150500405869e-02
   472   3.5713786142921373e-02   3.2231939689190579e-03
   473   3.6114937167780062e-03   1.7225350235781278e-03
   474   3.8969799701257350e-03   2.1375600325024731e-03
   475   6.1661100405684607e-03   3.7695203461700650e-03
   476   6.6074661921402822e-03   2.6319938510529564e-03
   477   3.3201141929842556e-03   1.4274052510234508e-03
   478   4.5203447711521603e-03   9.4700507527429017e-03
   479   5.2537044455626507e-02   7.4353070555523157e-03
   480   2.7828659384695250e-02   5.2225213148367665e-02
   481   1.2138991627247304e-01   3.8830984639304325e-03
   482   4.4428117095569042e-03   1.6885507593416840e-03
   483   3.5775299934600728e-03   1.5882249663575930e-03
   484   3.2384574808973382e-03   1.9671006971686282e-03
   485   3.7545320812303116e-03   2.4698158390397545e-03
   486   4.0149609627886463e-03   1.5464453092438981e-03
   487   6.0932459158333134e-03   8.9928980323216307e-03
   488   4.5367360939628572e-02   1.7588249190473536e-02
   489   1.7754988645178001e-02   9.7909861858695782e-03
   490   1.3203705359987625e-01   3.9517705712335503e-02
   491   1.5866327193888492e-02   1.4491894407326371e-03
   492   2.6179096081469285e-03   1.5939657023791240e-03
   493   3.4747827095504866e-03   1.7596774184983545e-03
   494   3.4960337683006175e-03   1.6079744179625097e-03
   495   3.5294870015659049e-03   1.6989433078068170e-03
   496   5.4727657040763112e-03   9.8537966513982111e-03
   497   5.0642415817215458e-02   1.0994249462294076e-02
   498   7.0277023237152736e-03   3.9841748048871466e-03
   499   6.1244545315629659e-02   6.7337898421863177e-02
   500   9.0370579835651416e-02   6.1311627712704502e-03
   501   6.6276752485360160e-03   2.2693475906564215e-03
   502   4.5856488515119481e-03   1.8970308446661552e-03
   503   4.2423659339255572e-03   1.5516222424535480e-03
   504   4.3667824479509372e-03   3.1273769604439963e-03
   505   8.5525319199804811e-03   5.2589166038527627e-03
   506   3.3296552972591799e-02   2.4526499742057378e-02
   507   2.6552936698803580e-02   3.3862490607968502e-03
   508   4.6866823550548138e-03   3.6199922249340842e-03
   509   9.2974493279960421e-02   6.8288358454898293e-02
   510   5.4937715428441516e-02   1.9806911625920034e-03
   511   3.2828411423590363e-03   2.0993091145386348e-03
   512   6.4093349595488579e-03   3.1873089187388448e-03
   513   6.6192547727389976e-03   2.6312149030434670e-03
   514   4.9418809577537219e-03   1.7217544845607863e-03
   515   3.9258847867090609e-03   2.1783284153185293e-03
   516   1.1949715951207113e-02   1.8313195095073200e-02
   517   4.6702196085508484e-02   5.7456260831181584e-03
   518   6.5695194940931971e-03   1.7979975152578844e-02
   519   1.4104229096646415e-01   1.4628363069607542e-02
   520   4.8323889003139093e-03   1.7541497707617309e-03
   521   4.3168839705075759e-03   2.7168627492621701e-03
   522   7.7700128420779809e-03   3.4219760499883977e-03
   523   4.6259849116043724e-03   2.1601024075980886e-03
   524   1.2545950018313773e-02   1.9503974984739235e-02
   525   4.5580832462469571e-02   5.3979715093300422e-03
   526   5.1611601856015122e-03   1.8381675639351335e-03
   527   3.5957244662135966e-03   2.1410301988177205e-03
   528   8.9765027362281466e-02   6.8998603385256166e-02
   529   5.8510109346224352e-02   1.8275217456943575e-03
   530   3.5866661369627199e-03   1.6364513455658918e-03
   531   2.6980876829312606e-03   1.4724698932529515e-03
   532   2.1594117690981705e-03   1.5355776467532529e-03
   533   4.0856003728503825e-03   1.8932078854245981e-03
   534   3.7318033332129803e-03   1.8417839928950694e-03
   535   2.8071227163244956e-02   2.5813391095773047e-02
   536   3.0386434884898325e-02   4.1284084680014467e-03
   537   8.5845672763909975e-02   6.8596014845273515e-02
   538   6.4841143794585693e-02   5.2069890092385556e-03
   539   7.7056898170202431e-03   2.8454781230546392e-03
   540   4.2318232078172391e-03   1.9847283419486056e-03
   541   4.2408005625283124e-03   5.6007926509877683e-03
   542   4.9304287658886378e-02   1.5423185484841432e-02
   543   9.2608277143703815e-03   2.1970002347627736e-03
   544   3.9932433961114375e-03   2.1128519930909244e-03
   545   6.2456026303470379e-03   4.6557385720794459e-03
   546   7.1579821847677109e-03   4.2823270799774204e-03
   547   1.2001834010889073e-01   5.3956897485989745e-02
   548   2.7324259182079591e-02   1.2724116198674731e-03
   549   2.7791653505257067e-03   1.2943348489594100e-03
   550   2.9530882260165748e-03   1.6504434438607760e-03
   551   5.1722297033800898e-03   2.9504499556967526e-03
   552   5.4906250572520068e-03   3.4034748715430639e-03
   553   6.6639127910435667e-03   2.7449615576757686e-03
   554   1.5776686229049618e-02   2.2312588495495854e-02
   555   4.2259460789451177e-02   3.5070088826978860e-03
   556   3.5424601532135086e-02   5.8842124660321175e-02
   557   1.1314711117217956e-01   3.8626637698483280e-03
   558   4.3991076358252407e-03   2.0504662663181862e-03
   559   7.9010350804457896e-03   4.4046358247960739e-03
   560   1.0738024279254426e-02   1.4726029056477722e-02
   561   4.9256043395714107e-02   6.8460741652076901e-03
   562   4.7580499863395208e-03   2.4311998393137047e-03
   563   3.5728555076628282e-03   1.6180377087726063e-03
   564   3.2707344918436634e-03   1.6871458529764609e-03
   565   5.6943670322480138e-03   8.2644471852958215e-03
   566   1.2413998928206459e-01   4.8720742432906840e-02
   567   2.7814876424623821e-02   2.9672230820118259e-03
   568   5.6508351453614155e-03   2.0250810065503945e-03
   569   3.3180514559023977e-03   1.5770710449220038e-03
   570   2.7994433541827391e-03   2.2357934928871827e-03
   571   4.6639048573652864e-03   2.2658308108333479e-03
   572   1.3557789080279908e-02   2.0122717838902224e-02
   573   4.5014728840462016e-02   4.1272543632804148e-03
   574   4.7143845686322215e-03   1.8378395358719219e-03
   575   3.5060334722617256e-02   5.9179966973623613e-02
   576   1.1293312985559649e-01   3.5865946681519129e-03
   577   3.6372601604148722e-03   2.2716604186761935e-03
   578   4.1058484192766061e-03   1.8542516415428177e-03
   579   6.5095238708037318e-03   1.2341499787169721e-02
   580   5.1362667320374693e-02   5.5252411006742946e-03
   581   5.5883113803945990e-03   3.8397389514230203e-03
   582   8.6059334606950148e-03   2.3463018239424115e-03
   583   4.1538821938991695e-03   2.4633094018516690e-03
   584   4.7968286909653001e-03   9.1231932552508707e-03
   585   1.3712125281693616e-01   3.1144709069517017e-02
   586   1.0124531716252716e-02   1.5401690558329531e-03
   587   3.6817826228041917e-03   1.9569535338499404e-03
   588   4.4903878348146907e-03   1.4511378822424589e-03
   589   3.0254684643878180e-03   3.9560717864496513e-03
   590   4.9295127721917402e-02   1.6075362237891872e-02
   591   8.2881974519236814e-03   1.5978157248531209e-03
   592   2.8806310142026918e-03   1.8077284904655247e-03
   593   4.9531323123326552e-03   7.3826661086394685e-03
   594   1.2266810401107302e-01   5.0238892791948125e-02
   595   2.9340490204296306e-02   3.5004409990165648e-03
   596   4.5181133107913465e-03   1.6248253904361633e-03
   597   4.3632359826909946e-03   5.0810843867881393e-03
   598   3.6007374875891701e-02   2.3080591075160462e-02
   599   2.6051024069120170e-02   4.6107539859423482e-03
   600   6.1153518261428952e-03   2.9820486267998891e-03
   601   4.1124153385305572e-03   1.4900447067784754e-03
   602   2.8866893222520471e-03   1.2379018407109945e-03
   603   7.2911032976793657e-03   2.3335714656856663e-02
   604   1.4034301403360055e-01   9.2616502110030984e-03
   605   4.8495135598602352e-03   2.0244683500158498e-03
   606   5.5776468226162055e-03   3.5772720336672034e-03
   607   7.2719909187508192e-03   4.9339679483901408e-03
   608   3.6551541290340911e-02   2.4434297014303250e-02
   609   2.1907999420494435e-02   2.7298666394642490e-03
   610   4.2912369939510130e-03   1.8413544602555226e-03
   611   3.5391765156833144e-03   1.3360551657195625e-03
   612   4.8913982046627511e-03   4.4286685511646948e-03
   613   7.0510924122436036e-02   6.8161336251901170e-02
   614   8.2187663211747503e-02   4.7587320254180374e-03
   615   5.9876857872298321e-03   2.9628307807573967e-03
   616   4.4813764229818696e-03   3.0598206998854690e-03
   617   3.6701091041361752e-02   2.4934773826189072e-02
   618   2.0953969956207446e-02   1.8680843725572683e-03
   619   4.2108883177619603e-03   1.8406243777560332e-03
   620   4.2464956673158635e-03   1.7052064637200174e-03
   621   3.7502364256511594e-03   1.8090754949060387e-03
   622   6.4230305102178113e-03   2.0084639548846268e-02
   623   1.4056395934895899e-01   1.4119741236858725e-02
   624   5.9103071217991160e-03   4.0838066971685544e-03
   625   8.5724904068526751e-03   3.4726118519630158e-03
   626   3.0153700284596179e-02   2.5654249639914539e-02
   627   2.8367803247375596e-02   2.3699276040742459e-03
   628   4.7916997961305226e-03   2.3135184133870365e-03
   629   4.4250745588970564e-03   1.4339095871892138e-03
   630   2.8290255851357972e-03   1.5789891141378186e-03
   631   3.9471738828782132e-03   3.8844384844653628e-03
   632   9.3527270577604682e-02   6.7887067974949450e-02
   633   5.5008423144758074e-02   2.0412546296394562e-03
   634   2.7063381746403013e-03   1.5003318070398882e-03
   635   2.6037142563623741e-02   2.6056347116869064e-02
   636   3.1658313966593986e-02   2.0747068711416882e-03
   637   3.4706787543231392e-03   2.0636047521341390e-03
   638   4.7243634950429681e-03   3.3135303739772891e-03
   639   6.6585103560558179e-03   3.0473634066817594e-03
   640   5.3837596355862348e-03   2.2023931254509061e-03
   641   1.7182437717541445e-02   4.1363245239909502e-02
   642   1.3130508294135879e-01   5.3309284299263016e-03
   643   7.4928562043364158e-03   1.2332543290021503e-02
   644   5.1279737928788378e-02   5.8463114411593910e-03
   645   3.4453600835304258e-03   1.5935735730538789e-03
   646   3.7957252735531448e-03   2.3881097829362421e-03
   647   4.5017249486112810e-03   2.6741340021903875e-03
   648   6.5000508604424970e-03   3.6704989583416941e-03
   649   6.4428875343066653e-03   1.7035710148617588e-03
   650   3.4847442881422025e-03   8.2157494103862680e-03
   651   1.3953820892848978e-01   2.5744442029811229e-02
   652   9.4754501119989881e-03   3.7129711986124908e-03
   653   7.6550478626608732e-03   3.8889391750849323e-03
   654   1.3047410775636294e-02   1.8069613716884533e-02
   655   4.6589692655214898e-02   5.9707411410804259e-03
   656   4.9113699732165122e-03   1.7148420128128387e-03
   657   4.2399795596449645e-03   1.9049657249698459e-03
   658   4.1034143117523701e-03   1.5308232147341675e-03
   659   3.0665372378207538e-03   2.0147893237517909e-03
   660   4.3319592955264698e-02   5.9122821330261158e-02
   661   1.0270918487435127e-01   2.6238622543248019e-02
   662   5.6165011437228914e-02   6.8386875104696375e-03
   663   5.4215712215121897e-03   3.3331807183373165e-03
   664   8.2994596184395256e-03   3.4635213047638546e-03
   665   4.4082924907084941e-03   1.8416513175013029e-03
   666   3.9010108001220102e-03   2.4351017207314505e-03
   667   4.3974291356614270e-03   1.3977175364620553e-03
   668   2.9903061521282539e-03   1.5435939117862737e-03
   669   6.3147829120475179e-03   1.2546284717583877e-02
   670   1.3216194918327209e-01   3.8028265834780826e-02
   671   2.0347572267750098e-02   2.8526173224137663e-03
   672   4.0438718969872910e-03   4.3551488114933409e-03
   673   4.6821140861614770e-02   1.8729389634715234e-02
   674   1.0793207558402495e-02   1.9619743993425634e-03
   675   3.6595370197142021e-03   1.9809595460884085e-03
   676   3.8695220208942185e-03   1.6715814989932134e-03
   677   3.3362043787265633e-03   1.4792148726744947e-03
   678   1.4577354337204302e-02   2.2093643657813387e-02
   679   4.4053689467958339e-02   1.1175765445627504e-02
   680   1.2883652286477959e-01   4.2960876341586962e-02
   681   2.0076106670295423e-02   2.6176936587813662e-03
   682   3.5468825809609359e-03   1.6320590955359391e-03
   683   4.5133094403445673e-03   2.9583431855652320e-03
   684   6.4611271258517306e-03   3.3194501637649424e-03
   685   5.7114416792934221e-03   2.3584223688116490e-03
   686   4.1660381870122932e-03   1.9179484745669535e-03
   687   4.0173565436558102e-03   1.6786280668591640e-03
   688   8.5891885446417026e-03   2.6431676434796800e-02
   689   1.3916861315902446e-01   9.3185893300206848e-03
   690   4.4178828438347605e-03   3.5646094281281951e-03
   691   3.2892086590500670e-02   2.5173298958184268e-02
   692   2.6091893208103602e-02   3.1233481329496866e-03
   693   6.3080032568520539e-03   3.7797664147630164e-03
   694   6.6801333821159574e-03   1.9245773827442484e-03
   695   4.0123168323898274e-03   1.8676187165694966e-03
   696   6.9622426207175438e-03   1.2103156263558663e-02
   697   5.1160280138419639e-02   6.8842863900632689e-03
   698   3.9249038114966186e-03   8.3511652088267187e-03
   699   1.3937468371117084e-01   2.6269669126706505e-02
   700   8.0090871356862034e-03   1.8431839779163520e-03
   701   4.6976404965236550e-03   2.2586759175472633e-03
   702   6.1170644855925013e-03   3.6864016352696617e-03
   703   8.0622141684459758e-03   2.5052527879305220e-03
   704   3.3516841437736728e-03   1.8839231875630719e-03
   705   3.7226183663029537e-03   2.0816151949718596e-03
   706   3.4528864187814432e-03   1.6465388589532862e-03
   707   3.3418318624709606e-02   5.7024121376511049e-02
   708   1.1563141393489863e-01   3.9295370909075067e-03
   709   5.3514569786274344e-03   8.2826730072511172e-03
   710   4.9189979539060270e-02   1.3862435442859311e-02
   711   1.2517214636355406e-02   4.5168176949411691e-03
   712   4.8932997191283734e-03   2.0657385444905777e-03
   713   3.9769662723079455e-03   1.9048744798367860e-03
   714   4.9011093747220102e-03   8.4872273484177703e-03
   715   5.2171855972113559e-02   8.6699149296397982e-03
   716   5.3151244919055008e-03   1.9710754943666133e-03
   717   8.1457535155502001e-03   2.3332335194772166e-02
   718   1.3984161119050065e-01   1.2372900605912302e-02
   719   4.4314502344538929e-03   1.5660240320811063e-03
   720   3.0577958862732743e-03   1.4136270821397822e-03
   721   3.5718478958454425e-03   1.8382523232481614e-03
   722   4.1001583528967591e-03   2.4750510902629749e-03
   723   7.5785953200759957e-03   4.2757185976370583e-03
   724   5.6071770145461799e-03   2.2805387846345699e-03
   725   4.4685231477049588e-03   3.2515288359338227e-03
   726   9.1498399897706417e-02   6.8329646178453884e-02
   727   5.7239856433400842e-02   3.9029111294179354e-03
   728   3.0568990866774573e-02   2.4748748832943514e-02
   729   2.9729665664807618e-02   3.9616682138001926e-03
   730   5.5232942503010357e-03   3.4980240052192410e-03
   731   6.5823272471551555e-03   2.2513814548804647e-03
   732   3.1426869360509074e-03   2.8945482794550709e-03
   733   4.5752152242256615e-02   1.9769214167955521e-02
   734   1.2618940967873450e-02   1.6251357297311292e-03
   735   3.8098041098007848e-03   1.8530617116858704e-03
   736   4.8368993842594896e-02   6.4965297611402767e-02
   737   1.0094537379672375e-01   5.7508180585840044e-03
   738   7.3603427228990746e-03   3.3537546073342263e-03
   739   4.8314425742487406e-03   2.3691885323362926e-03
   740   3.2330419274260555e-03   1.2729082199420942e-03
   741   3.0889840273446230e-03   1.2407876387272678e-03
   742   3.7659788715652034e-03   1.9071543740756276e-03
   743   4.9381046455377591e-03   2.4843522698943742e-03
   744   6.1483598455113371e-03   1.2206473368414772e-02
   745   1.2320700031868168e-01   4.4443072874926028e-02
   746   4.3408867182254590e-02   2.4695078695995899e-02
   747   3.8924595742469925e-02   6.0759689597105569e-03
   748   5.6069874268962119e-03   1.9122300384655714e-03
   749   4.0295330538565530e-03   1.5447918101727128e-03
   750   4.0492370013682751e-03   2.6549702863899933e-03
   751   2.8495973505418583e-02   2.5532776819349724e-02
   752   3.0369836783185788e-02   2.6788616167987694e-03
   753   2.7901372993838934e-03   1.8701252944700964e-03
   754   4.1212584716552635e-03   4.1834362974795675e-03
   755   1.0249803718058964e-01   6.4486313227984066e-02
   756   4.6563686445212152e-02   1.5734633180629497e-03
   757   3.3104799284711427e-03   1.3419261449924185e-03
   758   3.5507954595019810e-03   1.4876953722440455e-03
   759   2.6743274186437991e-03   1.6908996030709326e-03
   760   3.7634798554178344e-03   3.2202414870729705e-03
   761   8.4524734419730678e-03   3.3629796482768141e-03
   762   6.1216299221822333e-03   5.4192335343198721e-03
   763   4.8574130443096060e-02   2.2464099033277531e-02
   764   5.4488680762177728e-02   6.1716739384771180e-02
   765   1.0012348361854552e-01   3.1479448328924783e-03
   766   2.9476518571264934e-03   1.7654833678061995e-03
   767   3.1855420941550626e-03   1.6819864336251663e-03
   768   4.2962892121408388e-03   4.8734067033868898e-03
   769   4.6000404912193392e-02   1.9118618769005662e-02
   770   1.2740940317053515e-02   2.5460392157485691e-03
   771   6.7368831708888586e-03   3.3634787061350168e-03
   772   5.5965465586377871e-03   2.9729063429126804e-03
   773   6.2001920474682153e-03   1.6382384052397222e-02
   774   1.4188507823261548e-01   1.2382553646677332e-02
   775   4.4832396735701753e-03   1.6954606695474344e-03
   776   3.9604950421039181e-03   1.3685681917653719e-03
   777   4.3420948245676385e-03   3.8497396917462510e-03
   778   7.9621892976208964e-03   2.5349848936888440e-03
   779   2.9108746787111480e-03   1.9782865786631735e-03
   780   6.2434628833669039e-03   6.7023535650577023e-03
   781   3.9628816377844628e-02   2.1600985808006717e-02
   782   2.3047745417496587e-02   4.6253921459884590e-03
   783   8.4127527134236907e-02   6.9532747653790597e-02
   784   6.5085834546150148e-02   2.6091911947100895e-03
   785   5.1801457922033166e-03   2.1711400861023685e-03
   786   3.5612148625015845e-03   1.7909095537891732e-03
   787   6.9703793261905837e-03   1.3782786648202424e-02
   788   5.0062149720359113e-02   7.4202659151459517e-03
   789   5.2649360664325353e-03   2.8121033314427346e-03
   790   7.4373561347333876e-03   3.4975138551070427e-03
   791   7.0726854648000253e-03   2.3685878032206563e-03
   792   6.1994866367224011e-03   1.8445093404917182e-02
   793   1.4165338755526408e-01   1.0616643962202301e-02
   794   5.0348394237365876e-03   2.1037152498682545e-03
   795   3.5479761625870341e-03   1.5394894900529524e-03
   796   2.6066055246866480e-03   1.6825952221169995e-03
   797   3.2302318536774396e-03   1.6852218400603223e-03
   798   3.9628618666268101e-03   4.7522530626889093e-03
   799   4.7782014098288264e-02   1.7397301524809013e-02
   800   1.1125400993384537e-02   2.2992031657375141e-03
   801   5.5959063632809568e-03   1.4756948258585050e-02
   802   1.4130000558131117e-01   1.6939822368412884e-02
   803   4.8605829608731619e-03   1.6370625760217937e-03
   804   3.7982466693299933e-03   2.0657985891420561e-03
   805   6.8071596183117778e-03   1.1657099841403970e-02
   806   5.1492939773789957e-02   6.3931450801875435e-03
   807   4.6084267737516171e-03   1.8250649155454740e-03
   808   3.7907668860533857e-03   1.6511621529860206e-03
   809   2.6870151920462357e-03   1.8278961322156534e-03
   810   4.2108421590249341e-03   1.3549750810784840e-02
   811   1.4165926101690673e-01   1.6370618529808915e-02
   812   7.2910252811657127e-03   3.2662012070049842e-03
   813   7.4704874719440850e-03   3.1252184952854705e-03
   814   5.8338969289421037e-03   1.9038200705641781e-03
   815   6.4201476397032472e-03   4.0554361525031906e-03
   816   7.3757925102013620e-03   6.1923211050882174e-03
   817   4.6760565744828723e-02   1.8150348781654623e-02
   818   1.1390199429080546e-02   2.2419220001700362e-03
   819   3.0459934196253469e-03   1.6290199731378895e-03
   820   4.4864188872825693e-02   6.3837060888979988e-02
   821   1.0402285623054588e-01   4.5755894016513672e-03
   822   5.6504594526292735e-03   2.7231197686151272e-03
   823   7.8913500829078890e-03   4.4877643046655306e-03
   824   2.6624229337945983e-02   2.5377313983360326e-02
   825   3.2059463034582514e-02   2.4792191668405752e-03
   826   2.5790880592279574e-03   1.5826717059501849e-03
   827   3.5047037578443568e-03   1.9135925118688255e-03
   828   7.9418543619360904e-03   4.2179240688753070e-03
   829   6.4403059850012320e-03   7.7286834172509101e-03
   830   1.3966013587426596e-01   2.5666599624605550e-02
   831   8.2342758780508535e-03   1.9841447421849040e-03
   832   4.4602737392694762e-03   2.4857799199609347e-03
   833   3.7716987693813277e-03   1.8004407024303163e-03
   834   3.6689642121104341e-03   4.6001547747048146e-03
   835   4.8341729782634679e-02   1.6852783386689118e-02
   836   1.0422538860921236e-02   2.0573036959524154e-03
   837   4.0485445931990596e-03   1.8402882914764476e-03
   838   4.3797835803461279e-03   5.8942224243867169e-03
   839   8.7264556473266142e-02   6.7384037813733338e-02
   840   6.5684316237874990e-02   4.1929425846741735e-03
   841   4.3703184511981298e-03   1.9483425043972755e-03
   842   7.2640997358380897e-03   1.2161839652477777e-02
   843   5.1202581080896252e-02   6.3942399635382721e-03
   844   5.3561430013364317e-03   1.6790041613002472e-03
   845   2.8666158525147349e-03   9.9138916472833196e-04
   846   2.4532062112905075e-03   2.0019841070152678e-03
   847   3.8684088829579670e-03   2.3242097562306764e-03
   848   6.8299060239247283e-02   7.0681899556255756e-02
   849   7.9628170384097557e-02   2.4457490052188476e-03
   850   4.5864376984077965e-03   2.2351267714169330e-03
   851   3.4701113724703771e-03   1.7487852381444253e-03
   852   1.1240101651402953e-02   1.9302705663365092e-02
   853   4.6286554101042966e-02   4.1128434931998687e-03
   854   3.8554998885569854e-03   1.4630253870719478e-03
   855   4.5620733997977355e-03   2.4337494312184410e-03
   856   5.9047018861995730e-03   3.1693612701704523e-03
   857   2.3081865248124986e-02   4.3621509302203772e-02
   858   1.2889421232149501e-01   7.4298959076694090e-03
   859   3.5621873066775263e-03   2.0944417598117364e-03
   860   7.9185096528141367e-03   1.4805073740692502e-02
   861   4.9748030458275909e-02   6.0296618861173466e-03
   862   4.5396050608944782e-03   2.4927831965103025e-03
   863   6.7815227868722400e-03   3.1253368790514061e-03
   864   7.5698324882807312e-03   2.4847589716853178e-03
   865   4.0643813640465921e-03   2.1752825952405419e-03
   866   7.1894600007243858e-03   6.4502860220970164e-03
   867   9.9697021319372567e-02   6.4796767667815711e-02
   868   5.1330294743054519e-02   3.7514019943310230e-03
   869   4.5452946824563779e-03   1.9474796414387075e-03
   870   5.0206969056577049e-03   3.9999741864923978e-03
   871   4.2565008732598525e-02   2.2101108018080299e-02
   872   1.5149960470342821e-02   1.5255160614926846e-03
   873   4.0402070963657631e-03   3.0460497098596844e-03
   874   6.0429811088882467e-03   3.6758326059629582e-03
   875   7.7519373427106780e-03   2.8308778258888732e-03
   876   5.8754831276735184e-03   1.6574864810099441e-02
   877   1.4144800833395690e-01   1.4416271640359022e-02
   878   5.2261917075922468e-03   1.6313776925227566e-03
   879   3.6546492992220337e-03   3.1932683092302356e-03
   880   4.2216359992795556e-02   2.2237434548395232e-02
   881   1.6125742331255553e-02   1.9661350263038501e-03
   882   4.0201736152222995e-03   2.2400731758481052e-03
   883   4.0638667949972236e-03   1.8651394028241022e-03
   884   2.4844471748202619e-03   1.2193265920983410e-03
   885   5.3347993329282460e-03   1.8842367018158262e-02
   886   1.4161564383057687e-01   1.0286111697032555e-02
   887   4.4369178164007286e-03   1.8134763515113088e-03
   888   9.1402698411259392e-03   1.4921909336998456e-02
   889   4.9109645514665456e-02   7.5886337173506789e-03
   890   5.4110424476134988e-03   2.1293794795531219e-03
   891   3.9248546196776765e-03   3.2425312495139641e-03
   892   8.3079865383979892e-03   3.4000524127086834e-03
   893   5.5522815507972195e-03   1.9716568084066550e-03
   894   4.2936781384489212e-03   3.5374159596025844e-03
   895   1.1280048005512382e-01   5.9251584932323471e-02
   896   3.5252336611155219e-02   2.0361772197569979e-03
   897   3.3990754726105979e-03   2.0720817974544089e-03
   898   1.2004681875658398e-02   1.9565606259430400e-02
   899   4.5993236385708375e-02   3.4546297754432182e-03
   900   3.5161540180061713e-03   1.7973088254123913e-03
   901   4.8199535434339949e-03   2.1828011600745637e-03
   902   5.6794658015136227e-03   3.8776587940083807e-03
   903   6.2880624501501919e-03   2.5449170051834412e-03
   904   2.8503643787022387e-02   5.3335454010512116e-02
   905   1.2030948214036015e-01   4.6584472231734272e-03
   906   5.5689338371445818e-03   8.7048567099435141e-03
   907   4.9825604227434317e-02   1.2747133125008541e-02
   908   1.1756000324845039e-02   3.4775998104909791e-03
   909   6.0619951411834067e-03   2.8640873003745377e-03
   910   4.4763943214526491e-03   2.2614644206030436e-03
   911   5.3112390993398945e-03   3.9873959776746360e-03
   912   7.1165374020882959e-03   2.5097498367773786e-03
   913   3.8187577814339600e-03   3.0169489895844172e-03
   914   1.2450909144506102e-01   4.9770943045071098e-02
   915   2.3099220584837321e-02   1.7338271955144764e-03
   916   5.4252968114993239e-03   1.8897198919474111e-03
   917   1.3423992605252181e-02   2.1082997660912227e-02
   918   4.4298952075814420e-02   2.7296550218926423e-03
   919   2.9622763723275653e-03   2.1132313400308036e-03
   920   3.6504679789525043e-03   1.9686536134376005e-03
   921   3.7746262951725853e-03   1.8646729290917618e-03
   922   4.0567082972316161e-03   4.4000629950037033e-03
   923   1.2651193246757922e-01   4.6519205720453566e-02
   924   2.4677863726666988e-02   1.2763156457280926e-02
   925   5.1054582520791543e-02   8.0799062778784680e-03
   926   7.4346276410473802e-03   3.4956869202650907e-03
   927   8.1731627976827249e-03   3.1115989087572371e-03
   928   3.9754385612622819e-03   1.8682862462169453e-03
   929   4.0456091415585317e-03   2.1453469538990706e-03
   930   3.5405611858988599e-03   1.6701921682704738e-03
   931   4.1247893027643034e-03   1.8867292999584331e-03
   932   2.7471548368657117e-02   5.3351811609449074e-02
   933   1.2051858745937309e-01   4.6260038895699490e-03
   934   4.1327333530221605e-03   1.8054552550234250e-03
   935   5.5376043448978653e-03   1.3192428046432980e-02
   936   5.1263432283646417e-02   4.1760845568153421e-03
   937   4.1374750596658971e-03   2.0157672058662133e-03
   938   3.4156990218197026e-03   1.2208193279718755e-03
   939   3.3475013545064204e-03   1.8183917730038275e-03
   940   3.7407698552566725e-03   3.9777808719942079e-03
   941   5.0789665928193145e-02   3.5195012044180497e-02
   942   9.0370416793808944e-02   5.7758139229815528e-02
   943   6.3965303034269089e-02   6.4464388855086990e-03
   944   7.3281441147714909e-03   2.9975162354063953e-03
   945   5.7086320792510432e-03   2.5316148598027747e-03
   946   4.0311220252101914e-03   2.1924429964549799e-03
   947   5.8663923816628287e-03   3.7684718255327544e-03
   948   6.7233130046289499e-03   2.2634632832669948e-03
   949   4.2374663249137171e-03   2.1790548767448726e-03
   950   5.1108419606034280e-03   4.4980393412776985e-03
   951   6.0347226301962743e-02   6.6863250582222797e-02
   952   9.1772784040223737e-02   5.0406029497226234e-03
   953   5.8160350581784046e-03   2.7017747591783960e-03
   954   9.7023193595798755e-03   1.4944791032353022e-02
   955   4.8956208935879021e-02   7.5749057798691639e-03
   956   8.2019830038100160e-03   3.8384205384459501e-03
   957   5.6336119301103101e-03   1.8539951102179023e-03
   958   3.9947547050789810e-03   2.3164646924172618e-03
   959   4.4815991410736642e-03   2.2427150367328283e-03
   960   2.4081234376405455e-02   2.6387789844487683e-02
   961   3.8094851521234721e-02   2.1914481721383810e-02
   962   1.3871209057343883e-01   1.4260322529599728e-02
   963   4.4839384137641746e-03   1.6558711293175939e-03
   964   2.8697671535773037e-03   1.3438756596771812e-03
   965   3.7969667363720139e-03   1.7884193854766129e-03
   966   3.8021634838485696e-03   1.5434687895552717e-03
   967   4.1773886608377896e-03   1.8339386075969647e-03
   968   2.9922390715421926e-03   1.5529093199559520e-03
   969   5.0068446732071522e-03   1.4728451864144764e-02
   970   1.4102781994111971e-01   1.8030945340265576e-02
   971   5.6063719030139307e-03   1.9001141460097245e-03
   972   5.8001249819941017e-03   8.2778891197383825e-03
   973   5.0478695394856964e-02   1.2638444974825008e-02
   974   5.9565780551657631e-03   1.1385950889447145e-03
   975   2.6078639215516342e-03   1.6296728875201476e-03
   976   6.0770858804891368e-03   4.1360423471915831e-03
   977   1.5932815924737727e-02   1.7228955887780249e-02
   978   4.6659011659648683e-02   6.4589677502048188e-03
   979   4.9952846101975123e-03   9.2845144098122247e-03
   980   1.4054639004366828e-01   2.2737700843145466e-02
   981   6.9526190037600688e-03   2.1618501449783374e-03
   982   3.1432392356592217e-03   1.4823255240398341e-03
   983   3.0134068509532707e-03   2.0052922016353522e-03
   984   5.6871876967511106e-03   2.2432298500653525e-03
   985   6.0625749076673001e-03   3.7239868929298393e-03
   986   7.8110927167648076e-03   2.5168384674662918e-03
   987   4.5506938874535878e-03   2.0200142251349559e-03
   988   4.6127183975119751e-02   6.5245684990275457e-02
   989   1.0168941879952036e-01   4.0464224021325868e-03
   990   5.2236550247634142e-03   4.2768891065939731e-03
   991   2.7401650251324676e-02   2.3576964784950576e-02
   992   3.4261125634176860e-02   5.2066652493988974e-03
   993   4.4521871050158526e-03   1.3250204122467802e-03
   994   5.4461186688089837e-03   2.7075562702139596e-03
   995   4.9646781907885353e-03   3.6699245225965639e-03
   996   3.7271865022858085e-02   2.2673275647316568e-02
   997   2.5604304650294205e-02   3.7341132054794445e-03
   998   5.9835575119473973e-03   1.3579365854087019e-02
   999   1.4047161883822259e-01   2.0759311503523246e-02
  1000   6.4474368933699466e-03   1.5600176711702588e-03
  1001   2.5753910435884694e-03   2.3368611276734595e-03
  1002   4.7847261930524417e-03   1.5112372702089933e-03
  1003   3.5891605251387841e-03   1.5684317022745125e-03
  1004   3.9230982130314283e-03   1.4101542467408576e-03
  1005   4.7521362047714972e-03   2.8218070730001532e-03
  1006   7.6081355740878322e-03   6.0913821435672963e-03
  1007   8.6579645339422889e-02   6.8311296915281650e-02
  1008   6.4458555411349580e-02   3.2702659134927932e-03
  1009   1.5013879040423842e-02   2.2103678655442958e-02
  1010   4.2657443542167724e-02   3.6247747883940305e-03
  1011   3.7398087188455337e-03   1.6986026486701914e-03
  1012   3.3669885144253652e-03   1.4902484051303557e-03
  1013   3.1551874934392207e-03   1.8045381393961585e-03
  1014   1.2642912408014691e-02   2.0335791146162411e-02
  1015   4.5142428235914682e-02   3.4324725378562428e-03
  1016   3.6101924184996307e-03   3.8852853644056194e-03
  1017   1.2727081018165598e-01   4.6582584823023840e-02
  1018   2.1144850968593476e-02   1.6506736747984405e-03
  1019   4.0449205519660150e-03   2.2283405619220428e-03
  1020   3.6533789308285454e-03   1.9852482636090675e-03
  1021   3.1525777623514508e-03   1.6941102638595152e-03
  1022   3.5914534309011126e-03   2.8275662025617336e-03
  1023   9.7158896749350125e-03   2.5608390386867444e-03
  1024   4.2963005804225038e-03   2.0450167690932190e-03
  1025   2.3355772026093548e-02   4.6090851373540222e-02
  1026   1.2131256506187359e-01   2.3000366401875246e-02
  1027   5.8111930216539889e-02   7.0777110325012504e-03
  1028   3.7983961678751191e-03   2.1801188651696551e-03
  1029   3.9865093070965956e-03   1.9200528771979833e-03
  1030   4.5468120987083999e-03   3.9415213995894717e-03
  1031   7.7280283563433052e-03   2.0998958801880649e-03
  1032   5.2385806002569566e-03   7.0746387939619850e-03
  1033   5.0072007226075306e-02   1.3730371598152073e-02
  1034   8.2574667300083678e-03   3.3293074067998504e-03
  1035   1.0693377296455546e-02   1.4645151153418350e-02
  1036   1.3857250880381586e-01   2.5399866947002539e-02
  1037   8.7858137814308193e-03   2.8050976921978068e-03
  1038   4.8826989216650225e-03   1.7306347027777054e-03
  1039   4.1355533217346842e-03   3.9210816758591324e-03
  1040   7.5908053996860099e-03   1.8599748183771520e-03
  1041   4.0357852857804272e-03   2.0033927316599975e-03
  1042   4.4156071268461258e-03   1.6781685990695013e-03
  1043   4.5161860298746359e-03   4.4446732216439772e-03
  1044   5.4573964740250482e-02   2.6139241680390189e-02
  1045   9.1606179873031560e-02   6.3781332585136893e-02
  1046   5.5914363712508332e-02   2.4628284726649530e-03
  1047   4.2342638891785271e-03   2.2888328644470623e-03
  1048   2.8637913527424412e-03   1.1405937756874406e-03
  1049   3.7057792048967378e-03   1.7161353369469234e-03
  1050   3.6824408200415823e-03   2.3327796616480025e-03
  1051   1.1256377252854971e-02   1.6827178209846382e-02
  1052   4.7896926005432973e-02   6.2335869753270606e-03
  1053   3.4835077516923007e-03   2.0552872222390035e-03
  1054   6.9441277761012610e-02   7.0252580686544400e-02
  1055   7.9449622276119861e-02   2.4526928795318955e-03
  1056   3.8082343725516156e-03   1.8384148961873774e-03
  1057   5.6425592548977411e-03   3.4543388034429302e-03
  1058   8.2448753781153069e-03   3.3059812037613025e-03
  1059   3.7159461431035810e-03   2.1148916027406892e-03
  1060   3.9213641284863484e-03   1.5729848707080566e-03
  1061   6.0912606470028300e-03   1.2358822119883171e-02
  1062   5.0994839322035614e-02   7.1775564403462654e-03
  1063   1.1648952933448810e-02   2.5721150106119795e-02
  1064   1.3943192593436224e-01   8.3782462221330782e-03
  1065   3.2636999942502573e-03   2.1273798323694884e-03
  1066   7.9359466973654303e-03   4.3817714311786297e-03
  1067   5.3759505915504978e-03   1.7018736154076558e-03
  1068   3.1361617599441724e-03   1.7346888182291917e-03
  1069   4.5756738136469785e-03   3.8590599046017375e-03
  1070   3.9804118938843246e-02   2.3535949128676365e-02
  1071   1.8171771126895192e-02   1.9355597423607062e-03
  1072   3.8863636885591688e-03   7.6799284827353872e-03
  1073   1.3353531501689683e-01   3.7655031046241426e-02
  1074   1.5466181176088122e-02   0.0000000000000000e+00
