  1473
     1   9.3327203463115780e-06   4.1794457518540420e-04
     2   4.6963554933364550e-02   3.2717013693959747e-02
     3   7.2136821056048725e-02   7.9314398421267002e-03
     4   3.3201588928193715e-03   2.4909722923085738e-03
     5   6.9610924363255351e-03   7.5117140041161138e-03
     6   5.2129398893230046e-02   3.5023481259446383e-02
     7   6.5738529736970266e-02   6.2719338164666898e-03
     8   5.1900556065537073e-03   3.9418017400291066e-03
     9   9.6590939364083455e-03   4.6740996037479970e-03
    10   4.9605394435228347e-03   1.4312341029929470e-03
    11   4.8616280245938224e-03   1.9394523780123323e-03
    12   1.7479083658684727e-03   3.9498510735127402e-04
    13   1.0208145704891517e-03   5.4504323169197897e-03
    14   8.8945996504503175e-02   2.1333417760731565e-02
    15   1.7161581749069812e-02   4.5305316547909098e-03
    16   5.2110097275386309e-03   2.4859543729471890e-03
    17   6.7714527726069645e-02   4.2446663799603268e-02
    18   2.9090470284332894e-02   1.0778192832167019e-03
    19   8.5920750603097219e-03   1.1231208826435472e-02
    20   1.8116072303625323e-02   9.0325763763274617e-04
    21   4.3523094351948424e-03   8.1265913595051417e-03
    22   2.2245971622027457e-02   2.7267109725029040e-03
    23   3.5291064652433926e-03   7.7647345515029632e-04
    24   7.6955672811458980e-04   2.7445294684544362e-03
    25   9.0553676851724371e-02   1.9780523766185585e-02
    26   7.2471233738928336e-03   1.5886138074846790e-03
    27   2.2239729232315544e-03   7.5076586943522957e-03
    28   9.4315815517764898e-02   4.2737773615592854e-03
    29   8.3731828929912760e-04   4.7785010161637139e-04
    30   1.0503606822260529e-02   5.7067064533349466e-03
    31   3.7098288336408084e-03   7.6060036446566528e-04
    32   2.0012053778714824e-02   1.0456613042628325e-02
    33   6.8216270387549882e-03   1.1077291278802999e-03
    34   7.8890139833237699e-03   8.2698514323549868e-03
    35   3.2231426262090523e-02   2.8543310879427620e-02
    36   7.7754842966097221e-02   1.9040564952587841e-02
    37   1.0064412221987408e-02   1.7886248277821199e-03
    38   1.0909163355693766e-02   5.0414454239544005e-03
    39   4.1149449912713364e-03   4.4172439347826943e-03
    40   9.3873810172876562e-02   9.5888255050512808e-03
    41   1.4890467698979856e-03   6.4024240946656185e-04
    42   5.5572838153055398e-03   1.4954796652787744e-03
    43   1.1254899633473695e-03   4.3911081286870278e-04
    44   5.5915203256926861e-04   3.0678173478185103e-04
    45   2.0936988752184946e-02   3.3424384869353271e-02
    46   7.2829901755364149e-02   2.2109790340894959e-02
    47   2.7676741013607325e-02   4.1463576033903669e-04
    48   1.7977936319205177e-03   5.2538456087193961e-03
    49   2.4052437333887445e-02   2.8289423383283047e-03
    50   4.0264149558096998e-02   4.6127873149060111e-02
    51   5.6112267264246132e-02   2.2338847161817179e-03
    52   5.9561877822693621e-03   4.4829123313407547e-03
    53   1.1068132192508360e-02   9.4803758489434638e-04
    54   4.3730489654273015e-04   6.6850347442584798e-04
    55   3.6676294102132565e-03   1.3993135039171622e-03
    56   7.3103805026136032e-02   3.8502498638453710e-02
    57   2.7149191956486376e-02   7.3566339815725216e-03
    58   8.9786655516535634e-03   6.3953340461913948e-04
    59   1.6130581855786134e-03   3.2176940581737702e-03
    60   2.0596819378510194e-02   9.3665244423969899e-03
    61   1.9050067118362074e-02   2.6092716611517294e-02
    62   8.5649414816300326e-02   5.4216511645722859e-03
    63   4.6777898415665828e-03   1.2607995729665966e-03
    64   3.7225485392745473e-03   8.3308187653072779e-03
    65   2.2137943701909704e-02   3.5931346992749931e-04
    66   4.1685710005650548e-04   1.0138670270863162e-03
    67   8.0727947444657652e-02   3.3407810701180804e-02
    68   1.7558576098861307e-02   2.0289578613590792e-03
    69   2.1118325319690024e-03   1.6644419340819346e-03
    70   5.0455944738915931e-03   6.3004332647737709e-04
    71   3.5705879195335376e-02   4.5782657814393043e-02
    72   5.9727765793385054e-02   1.6406139213164491e-03
    73   1.5011546954122759e-02   4.6645260646217667e-03
    74   1.9577772259435026e-02   9.3745709101387010e-03
    75   5.5588773190527636e-03   6.3058587451331823e-04
    76   1.5128365227524826e-03   7.3583761671331196e-04
    77   3.1452158227835585e-02   3.1772784369227890e-02
    78   7.0857230817218550e-02   2.5370096988766529e-02
    79   1.8508776419375286e-02   4.1408885144498574e-03
    80   1.3683043561997175e-02   7.2981072250803008e-04
    81   3.8018263761436968e-04   8.6203017225121271e-04
    82   9.1462926152606830e-02   1.7871101142942918e-02
    83   6.2661666192056140e-03   3.1597752752318834e-03
    84   4.0936386748901309e-03   2.3494509682783836e-04
    85   1.0247651046976663e-03   1.1170609253913382e-03
    86   1.3394517576552998e-02   1.2607826737986150e-02
    87   1.6351629183197939e-02   1.4645654626079849e-02
    88   9.2216935207898670e-02   3.3988050162973072e-03
    89   3.1219877062015535e-03   1.4402006148770761e-03
    90   1.0352673156692528e-03   1.3053390750787598e-03
    91   2.4771557403794872e-02   5.7637012799423310e-03
    92   5.7698487205468642e-02   4.3987034305367212e-02
    93   4.2041643109465225e-02   7.1131505020538676e-03
    94   9.9659106844697098e-03   3.2615059731973817e-03
    95   4.1183660101567349e-03   1.0095670501363264e-03
    96   5.3491522146545938e-03   1.2210926251233314e-03
    97   1.3687536769819251e-03   3.8126953626396276e-03
    98   8.7949981533854887e-02   2.4065220051045218e-02
    99   1.2407387002043760e-02   5.3412012350947634e-03
   100   9.7979474311521691e-03   2.9027195973216190e-03
   101   3.0064973720354427e-03   1.9262585836171140e-03
   102   2.5561919103541608e-02   2.8478768536796943e-03
   103   3.1690731673150771e-02   4.4533398075066753e-02
   104   6.3722854442037208e-02   1.9585506566761502e-04
   105   8.1129288785881958e-04   1.2078184056181782e-03
   106   1.9850639655190301e-02   9.5790919184272974e-03
   107   8.0079523210593185e-03   3.3580106578760850e-03
   108   7.0407608530912609e-03   1.5237246526973764e-02
   109   9.2376903572207861e-02   3.2864622073594807e-03
   110   3.3259392467977758e-03   1.5573161154420782e-03
   111   1.0999967855559454e-03   3.0777270188783127e-04
   112   2.1644067472846515e-03   6.8228658373714682e-03
   113   7.5100504491406359e-02   3.4931586800555241e-02
   114   3.2369095034296094e-02   1.6091372449925070e-03
   115   9.6209034143417624e-03   1.1989411699442889e-02
   116   1.6977200439608021e-02   6.0207916123324815e-04
   117   4.0173467688612696e-04   6.1934382038572112e-04
   118   5.6856875554847378e-02   4.1884148813280300e-02
   119   4.8693844060239154e-02   7.4102508577158048e-03
   120   4.2405557086865539e-03   1.5463550372774397e-03
   121   2.3158565492504231e-02   6.5107393235268249e-03
   122   4.5660661211316626e-03   2.9536901666585183e-03
   123   3.8991417707466762e-03   2.1902074208702436e-03
   124   9.1496974912598825e-02   1.7866606936891585e-02
   125   4.4345535452357341e-03   2.5193340244473626e-04
   126   1.3875695128862354e-03   1.6364817413022515e-03
   127   2.6623277595119190e-03   2.1229910280129599e-03
   128   3.4802745643520504e-02   2.6281055790149527e-02
   129   7.9244892515984072e-02   1.9552296268330199e-02
   130   8.8347689598910050e-03   1.7309568930796786e-03
   131   5.4021447820920832e-03   1.7800482307915606e-03
   132   1.3665851995771101e-03   8.2288765677534614e-04
   133   7.0424400556740006e-03   7.6121788289608147e-03
   134   4.1374327371617912e-02   4.1597378210385991e-02
   135   6.2034004665443787e-02   5.6377876369719136e-03
   136   1.6907848394450292e-02   1.0489278058463721e-02
   137   1.1349380466769105e-02   5.4215269673771132e-04
   138   2.3265736808150380e-04   4.8803519320553832e-04
   139   7.8467363620230227e-02   3.3622103316989130e-02
   140   2.6923570511367973e-02   5.7879528467376555e-03
   141   5.4164869697718885e-03   2.3053947193634491e-03
   142   2.1732883086566786e-03   6.0436944113048696e-04
   143   2.4505700674766522e-02   5.6610748790075849e-03
   144   2.9345934210040334e-03   4.3663773268065890e-03
   145   9.1902834254305510e-02   1.6461057916084043e-02
   146   3.5534559319710161e-03   1.3945373918820643e-04
   147   5.6279034829667467e-04   1.1297611512931258e-03
   148   1.7915623551866985e-02   1.3126334874262740e-02
   149   4.5202045297655348e-02   3.9941123815496082e-02
   150   6.1480528799976113e-02   4.4028041840412906e-03
   151   2.5340456384306052e-03   1.8420431024877191e-03
   152   3.6058732570946176e-03   3.9247222255266894e-04
   153   8.7125510225110545e-03   6.3106876295723922e-03
   154   5.6937933537238271e-03   4.4557040814877692e-03
   155   8.2864704613514778e-02   3.0366550478845969e-02
   156   1.8053688186214549e-02   2.3589134359568394e-03
   157   1.2296631701919468e-02   1.2272449314752904e-02
   158   1.4635271859322029e-02   2.3786359948073133e-04
   159   6.2618908350385591e-03   1.9809882861934990e-02
   160   8.6295345953272068e-02   1.8649226509184311e-02
   161   1.6499311654892351e-02   3.9293418342294556e-04
   162   3.2646970639139207e-04   5.6222216221207323e-04
   163   2.1803382948608580e-02   8.5492248933846833e-03
   164   4.6383203315424832e-03   1.6051998881487447e-03
   165   1.0228536531727526e-02   2.4834086081430291e-02
   166   8.7795415427445345e-02   6.6147304218852436e-04
   167   1.4728302650904385e-04   2.0365287525445774e-04
   168   8.9676816419150488e-03   1.8321573572418252e-02
   169   7.6569149417517746e-02   2.9224246020164314e-02
   170   3.6551495618600001e-02   5.7627676139476386e-03
   171   3.2278140135692077e-03   7.2778846089054095e-04
   172   2.6817131975873675e-03   4.2058948052085135e-03
   173   1.1457537398997662e-02   2.2629579208879361e-03
   174   6.2386749708638490e-03   1.3671331757818413e-03
   175   7.6188808901995978e-03   2.4517046445002525e-02
   176   8.8081580791728384e-02   2.8830223572598266e-03
   177   2.2102056582599516e-02   8.2298693049518215e-03
   178   4.5679472279848794e-03   2.8790650620432907e-03
   179   9.4462586076737905e-03   6.4356239892624954e-03
   180   6.3748939812304478e-02   4.0911443801820706e-02
   181   4.0938865202903324e-02   1.6829916534312091e-03
   182   3.1872802714323369e-03   1.7083438583600568e-03
   183   1.4942997369427828e-03   7.5486285658565768e-04
   184   5.8541518430413469e-03   9.2592015202275189e-03
   185   2.1595461631351807e-02   8.2780679008447684e-04
   186   5.2323963113703595e-03   2.0704275237476356e-02
   187   9.0291674981306441e-02   8.6489920353594149e-04
   188   9.0470066442423095e-04   1.1962813039832565e-03
   189   4.6507298297413218e-03   1.1545464511278079e-02
   190   9.2800604995544073e-02   8.7593756218711186e-03
   191   5.0347674372688191e-03   8.0150096835351018e-03
   192   2.2325667618429468e-02   7.5077232644503043e-04
   193   3.3026053063855204e-03   5.3939886152788111e-03
   194   1.0957439266829169e-02   5.4446272338080101e-04
   195   6.9105968584838486e-04   7.9146540466553175e-04
   196   5.3270157936691806e-02   4.5917379485113291e-02
   197   4.3865985190415249e-02   7.4264630404473671e-03
   198   2.2025602365626798e-02   5.7757430349703485e-03
   199   1.3362771145787950e-02   4.8452177531346386e-03
   200   7.7957145097800494e-03   1.1374884285244304e-02
   201   8.8781004446335354e-02   2.0470938031589111e-02
   202   9.0198290938555883e-03   5.9830133008174295e-04
   203   4.2567981373091055e-04   7.9199263995455001e-04
   204   3.4731708392766155e-03   6.3161583576640799e-04
   205   1.1362638930762045e-02   1.2125624701490348e-02
   206   1.4777084891709976e-02   1.1889698805472514e-03
   207   8.7877517225773728e-03   1.8487809752410923e-02
   208   8.9264558513844544e-02   1.2979263225822286e-02
   209   4.0213685288831777e-03   3.4832965186975591e-04
   210   1.2575853756774428e-02   3.1199223695682815e-02
   211   8.3280581429246089e-02   2.1479318733884315e-03
   212   1.2862180367007262e-02   1.1176601073268436e-02
   213   1.6172510687356666e-02   1.9875282180154001e-03
   214   2.2708386318134152e-03   3.9496061669300727e-03
   215   1.2339774794428889e-02   8.6407679033648742e-04
   216   7.7313786735982765e-04   3.4358111796919336e-04
   217   5.4212729157258038e-03   1.8012312096135189e-02
   218   8.7109132312823565e-02   1.8450236129791506e-02
   219   1.6822234167968152e-02   1.3604108249830429e-03
   220   1.7660529478099696e-02   1.2575427069837998e-02
   221   2.2536227339497308e-02   3.1732401678816233e-02
   222   8.0810769007333777e-02   1.9857619771171597e-03
   223   2.5485805276258509e-03   1.7205965252029551e-03
   224   1.9514164491831851e-03   4.0510028781044961e-04
   225   5.8462953748294934e-03   2.8587694372260658e-03
   226   1.7794534844850256e-02   1.1572771930883921e-02
   227   8.5071150031974570e-03   2.9077709098997661e-04
   228   4.8476525570864161e-02   4.7322027237758489e-02
   229   4.7099728867103931e-02   1.1225962730560266e-03
   230   4.0391563317443814e-03   2.8968007385720309e-03
   231   8.9469828455788922e-02   2.1632623605897777e-02
   232   1.0228102355675764e-02   2.9720800642050473e-03
   233   2.6299536835347973e-03   3.5860168071003349e-03
   234   2.1101629962079257e-02   5.4843783735821902e-03
   235   1.7139252601941442e-02   1.1806588812865802e-03
   236   2.0285443527414649e-04   1.5356478613128677e-04
   237   1.1819279343334547e-02   6.1932486577055256e-03
   238   4.2242588137153043e-02   4.5357688083197109e-02
   239   5.5772417483176656e-02   3.0464104064494451e-03
   240   1.0084057504477988e-02   1.0692408059057508e-02
   241   1.8938575436598468e-02   5.1907557354122294e-03
   242   9.0154395312062471e-02   2.0197892795772110e-02
   243   5.6873666171644317e-03   4.4222526286433948e-04
   244   1.4026938452936532e-03   5.1162315798019989e-04
   245   4.9963583235480673e-04   3.4558638971332264e-04
   246   7.7740857430540862e-03   1.0091748306359904e-02
   247   1.8813112805606914e-02   4.2726344864368422e-03
   248   1.5057274886800360e-02   2.8863389891026540e-02
   249   8.4477144515282820e-02   4.4928325687945128e-03
   250   3.5461256868627466e-03   1.6011763688749483e-03
   251   3.0878818368162593e-03   9.6580458517313474e-03
   252   9.3961741064052487e-02   2.8404293036854208e-03
   253   1.0746350602333827e-02   7.5071087777073232e-03
   254   9.6700807458924964e-03   9.0079176614635305e-03
   255   1.9401767581598138e-02   7.6082568377810350e-04
   256   6.4354527393055755e-03   1.0331917964810204e-03
   257   8.4316296521416787e-04   2.6861740481239071e-03
   258   1.4094372367830618e-02   9.6560215772537976e-03
   259   9.1593527464346666e-02   1.4722147562893468e-02
   260   4.3944343045479424e-03   4.0369025484997154e-04
   261   4.5322305444802759e-03   7.7966093661616352e-03
   262   5.7814770709136938e-02   3.6711190956583817e-02
   263   5.6753521577824102e-02   1.1512087680895691e-02
   264   5.5936198230486268e-03   4.0085374111427998e-04
   265   4.2771552710434157e-04   2.1244131102477306e-04
   266   1.3086222713213122e-03   2.4686904354083803e-03
   267   2.5426143361891643e-02   2.5091524389071222e-03
   268   8.7436815269200680e-03   2.5580591327437244e-02
   269   8.7248450700840502e-02   5.2684175348038514e-03
   270   3.5481056757913272e-03   3.4854035575741598e-04
   271   4.7740809666024621e-03   1.1048473603384538e-02
   272   7.5528120353613171e-02   3.4944211903835017e-02
   273   2.7782241884812608e-02   3.8170634137421333e-03
   274   6.9567395454577397e-03   8.6784436066880861e-04
   275   3.4877156589332679e-03   7.0455937633851270e-03
   276   2.2843933908449361e-02   2.2390970903125819e-03
   277   3.9817774807251833e-03   3.1794526930969819e-03
   278   1.0659224743144024e-02   5.2956660900844834e-03
   279   2.1128828297380130e-02   3.6406452795334526e-02
   280   7.7136810779720802e-02   7.6367227951752877e-04
   281   4.7806133056601929e-03   2.9327569629895686e-03
   282   5.1021166332849040e-03   8.6592796920029625e-03
   283   4.4213816323913531e-02   3.2544308181851056e-02
   284   7.3837097685380118e-02   2.4147585931008899e-03
   285   7.3097264312882383e-04   4.3054912414402396e-04
   286   4.8441548334363820e-04   1.4294463078754486e-04
   287   3.4167900107314642e-03   1.3396966685722167e-03
   288   1.6836962172313136e-02   2.9377070964903412e-02
   289   7.5192618528061583e-02   2.4247975897391600e-02
   290   2.9179851027168306e-02   1.0805410168604392e-03
   291   6.7361021373490558e-04   1.1092074011373289e-03
   292   1.3211214655688173e-02   2.4416404462228917e-03
   293   6.0303006950246747e-03   2.0877224326504896e-02
   294   9.0154705064678084e-02   1.2871338578774377e-03
   295   1.9445414029225165e-03   5.0021958783340965e-03
   296   2.1537910059079853e-02   6.2781249888111913e-03
   297   1.2716576333930007e-02   4.7322000889674087e-03
   298   8.5190807189343409e-03   2.9340788167785572e-03
   299   3.7767581678673895e-03   1.2142962163479896e-02
   300   9.3269701417025161e-02   4.7971817397711499e-03
   301   2.5303288987128794e-03   1.6028618017343336e-03
   302   2.1866373097098298e-03   8.6377313223076819e-04
   303   2.6967569413975934e-03   5.0168213030893942e-03
   304   2.4168372432714021e-02   4.2410001850317382e-03
   305   6.8820140700541155e-02   4.0740473096660505e-02
   306   3.1114300146908736e-02   3.2158920581078750e-03
   307   2.3027468947216848e-03   2.3203433617323483e-04
   308   1.5392989579323950e-04   4.6650718770947048e-04
   309   8.0061602243449451e-02   3.2628580913971687e-02
   310   2.2713669557676282e-02   1.1578031142536627e-02
   311   1.9534818849729560e-02   3.2396040497287993e-03
   312   4.0138854702035332e-03   3.3431762352722693e-03
   313   1.2562082256704623e-02   1.0769016256867924e-03
   314   5.9628620000928161e-04   1.0101267264940581e-03
   315   1.1991128824990146e-02   2.6502517261053429e-02
   316   8.6368141405836693e-02   4.5903992823677674e-03
   317   9.7514858220884605e-03   5.8180613912182265e-03
   318   6.5660794917662933e-03   3.8688549398165233e-03
   319   2.3117002556415540e-02   5.6719647629434123e-03
   320   3.9666506201860496e-03   1.3102648060609578e-02
   321   9.3236020966315045e-02   7.2786737370187260e-04
   322   8.4364694984873697e-04   1.3762582149061469e-03
   323   4.9841448408175729e-03   1.8410313361254414e-03
   324   1.6387588630622167e-03   1.7290151740761974e-03
   325   2.5459285150919064e-02   3.0469863439101649e-03
   326   1.2518019731287928e-02   3.0356527066631937e-02
   327   8.3724206644327503e-02   3.9101406138347698e-03
   328   3.3194410459302845e-03   4.0112274319808447e-04
   329   3.6843236499855664e-03   5.2446093516743432e-03
   330   6.0612570562193345e-02   4.4376898463731634e-02
   331   3.7570639156748374e-02   1.1095500073052891e-03
   332   1.8177749179395086e-02   6.0902959918471711e-03
   333   1.8443063457195596e-02   6.2756320276323649e-03
   334   2.6278181122445844e-03   1.1258833824555530e-04
   335   1.3703553309304286e-03   3.4419245098226410e-03
   336   1.3585419148403964e-02   8.9398130829960992e-03
   337   9.1705995770183402e-02   1.4794330530560422e-02
   338   3.2319839859992093e-03   6.4309973438507462e-04
   339   9.8095983257391623e-03   9.9559974308735567e-03
   340   2.1271011931346877e-02   1.0592653038232796e-02
   341   9.1761419092918517e-02   1.3015308237870156e-02
   342   2.5259318143955141e-03   4.1767016261439231e-04
   343   7.9944802666864615e-04   3.8077591923977016e-04
   344   1.5871401750499276e-03   2.7673399807767226e-03
   345   1.3458710534378001e-02   1.0086015670094100e-02
   346   1.6509122400618172e-02   1.5139309711992243e-03
   347   3.0129981904558220e-02   4.1280920478714150e-02
   348   6.8798197385068482e-02   1.4151644919211772e-03
   349   2.9342689174525414e-04   5.7844051732440646e-04
   350   4.3651143840567834e-02   3.9816541077743510e-02
   351   6.4023052012990717e-02   5.3976609597759812e-03
   352   2.4610877164213825e-03   2.0372308381866903e-03
   353   5.3568564670654958e-03   2.6902973284584791e-03
   354   1.5280105817070384e-02   1.1692568955239404e-02
   355   1.2520485452002909e-02   1.0314461462667508e-03
   356   7.7581301937217646e-03   5.4232064885918899e-03
   357   8.3377640221433558e-03   2.4563018925809112e-03
   358   1.1299111561008098e-02   2.7640068432376194e-02
   359   8.5905579000713647e-02   1.9874258636766620e-03
   360   9.3313632545214960e-04   2.0454713630338271e-03
   361   3.2138188290413129e-02   2.1410588388079379e-02
   362   8.6671987942784398e-02   1.0480546370291943e-02
   363   1.7937268636721699e-03   2.6720810650450748e-04
   364   3.4536945632474688e-03   1.0168418563620114e-03
   365   5.9936694334487958e-04   3.8162275654403648e-04
   366   1.0058668318249145e-03   7.2858336461768944e-04
   367   1.9041544966685083e-02   1.0955582876678839e-02
   368   8.6088918249340538e-03   5.4743265733679675e-03
   369   8.7540950220053024e-02   2.4131772580018081e-02
   370   1.3758838079430456e-02   5.1390855156964307e-03
   371   8.3051176277567033e-03   4.3592624710072376e-03
   372   1.4243935452341632e-02   2.6674171632148639e-02
   373   8.6296613220060575e-02   7.6512883591472417e-04
   374   4.1445415880432611e-04   1.5600364837774182e-03
   375   1.3922443260640318e-02   3.6045258196238440e-03
   376   1.6093368561084381e-02   1.1263617825753618e-02
   377   9.6417674089087912e-03   1.3659935221712837e-03
   378   6.2691474382505028e-03   8.8105319809883564e-04
   379   2.0095313101905379e-03   9.3658185378310780e-03
   380   9.2551447231519438e-02   1.1947339824572795e-02
   381   4.8064125552674660e-03   1.0104946174269674e-03
   382   2.1585782248131871e-03   1.0830359932404004e-02
   383   9.3128175311700437e-02   7.1867587781711938e-03
   384   2.4919247683357095e-02   6.3019421910423907e-03
   385   2.4791248177461044e-03   9.3687231863000763e-04
   386   3.0132518837914369e-03   1.0847696313914289e-03
   387   1.0397892879434826e-03   2.3422167283427753e-04
   388   2.1441961893015008e-03   4.9135728144833251e-03
   389   2.3337364604323341e-02   2.4208732230684999e-02
   390   8.3402725347832635e-02   1.5554374815874484e-02
   391   2.5239982457271083e-02   3.4692793331528092e-03
   392   8.4814934941234604e-04   1.2696649728257572e-03
   393   9.1216503468528526e-02   1.8421903928934790e-02
   394   7.8693854566918384e-03   4.3791585077800031e-03
   395   8.9351268880915775e-03   4.4241654634043556e-03
   396   6.8801743783099894e-03   1.4250937564574497e-03
   397   3.2077651378896229e-03   2.1889885790544478e-03
   398   1.2841847541799180e-02   1.1687571720116797e-02
   399   1.5260093202931818e-02   5.5490911099749637e-04
   400   1.2715067302490522e-02   3.2026867488743775e-02
   401   8.2598674864256261e-02   1.2907014039396957e-03
   402   5.1411545585153626e-03   1.7835173958039301e-03
   403   1.0848699724594022e-02   2.4967709572733466e-02
   404   8.7095696576495032e-02   7.6784841568283040e-03
   405   2.7211781128963159e-03   1.7748292411360817e-03
   406   2.5160684592927141e-02   1.2688675826148855e-03
   407   2.9706633751276667e-04   2.9538168329753780e-04
   408   1.5698424355922898e-03   2.1346465868568899e-03
   409   1.2359657357883354e-02   6.2406646360196128e-03
   410   5.9210667668415894e-02   4.5006260059490481e-02
   411   3.7823420742178981e-02   9.7381301978946631e-04
   412   2.4131401182204242e-02   6.4843876136725783e-03
   413   2.8738233482505393e-03   8.6977215180082199e-03
   414   9.3279000616685551e-02   9.1105675466149928e-03
   415   1.4461391010221245e-02   1.8795642552138275e-03
   416   5.7457487448999702e-04   4.7640397886769412e-04
   417   2.5792484147469331e-03   1.8089945789574594e-03
   418   3.3436920406159929e-03   2.3628690631712530e-03
   419   1.6941376644393352e-02   1.0427616479980894e-02
   420   1.7039860061813086e-02   1.8451352286089701e-02
   421   8.9688317218425448e-02   9.3428164642978002e-03
   422   2.3278180928607722e-03   5.2633777630699415e-04
   423   3.1417518377551299e-03   6.7832793475801276e-03
   424   8.9478389857075999e-02   2.1367020401069452e-02
   425   6.5701818971950349e-03   5.6144270448731288e-04
   426   6.7754825281404456e-03   7.9881484595572382e-03
   427   2.0891713843519077e-02   5.7228348370652197e-03
   428   6.2775368173269858e-03   9.4047592460203618e-04
   429   7.7140159720745039e-04   2.1868835211371991e-03
   430   1.4407547571824752e-02   9.2187160953527379e-03
   431   9.3865249814383808e-02   3.7978155232620595e-03
   432   3.0234348929517057e-04   3.1017863000972796e-04
   433   1.4098312962131234e-02   1.7770628048368983e-02
   434   7.3105455430305180e-02   3.4366355397300652e-02
   435   2.8933937749398744e-02   9.0194799529216170e-03
   436   1.8526988676011897e-02   1.1372370004250499e-03
   437   3.6187842908950571e-03   9.8860296592382692e-04
   438   9.6505059756357193e-04   5.4885224199858801e-04
   439   1.5905211240564766e-03   2.3184355990330517e-03
   440   2.7919843853029813e-02   3.3952860193408117e-02
   441   7.0869014755663276e-02   2.2205066600390858e-02
   442   2.4839121343820599e-02   5.8009041619132772e-04
   443   9.9515049268746221e-04   7.8752707552796290e-04
   444   3.7892187844305807e-02   4.3663591213573105e-02
   445   6.1635747189771328e-02   4.1904668146406894e-03
   446   1.8589866310725215e-03   1.3025933231242245e-04
   447   3.2284392615475198e-03   5.8289770968157515e-03
   448   1.1941223686101088e-02   3.9850980277757100e-03
   449   2.3624820120852472e-02   2.9054549406273473e-03
   450   1.4513922740738386e-02   2.5407471802950839e-02
   451   8.6662581555314269e-02   5.9989401241963350e-03
   452   1.3072900885657294e-03   4.6643242611099390e-04
   453   3.2992159456129528e-03   5.3874780540632610e-03
   454   1.4530182063926946e-02   1.3326209049171391e-02
   455   8.6517214801360362e-02   2.0317572722632887e-02
   456   3.0506554267458089e-02   4.0751348066532314e-03
   457   1.1878319257013642e-03   8.6048484927520323e-04
   458   3.3254335592013311e-03   7.2719377191880253e-04
   459   8.8806350339541847e-04   9.1180961661993477e-04
   460   3.4027908149042455e-02   4.4439587806584198e-02
   461   6.2690597368064135e-02   1.4963305293947385e-03
   462   3.4490284517233296e-03   7.8035992052551129e-04
   463   2.8079028513708156e-03   6.3660228910802407e-03
   464   2.4121947663739516e-02   7.1752423018639627e-03
   465   8.8329929476761951e-02   2.3165351167521803e-02
   466   6.7904326136442083e-03   5.3406964029487514e-04
   467   7.9236190615669770e-03   6.4738243414797511e-03
   468   1.0800308822664372e-02   7.5912810310648851e-03
   469   1.8994269676551573e-02   6.4355792746811080e-03
   470   8.6585267399958595e-03   2.0705205073172747e-03
   471   9.1443494630908104e-02   1.8064519600031512e-02
   472   3.8699348395525219e-03   4.3245279165963390e-04
   473   3.0943070763235921e-03   3.9978172376522242e-03
   474   1.0915974967949053e-02   3.6178898669193961e-03
   475   6.3657960724345149e-03   1.3839233551885696e-02
   476   9.2884883281213651e-02   2.8453380935278068e-03
   477   2.8299088622389420e-03   3.0351176567916297e-03
   478   4.0906438223801732e-03   6.1103826606026404e-04
   479   1.3646906646974221e-02   1.1790773154747766e-02
   480   1.3649530454171239e-02   5.0817831799126528e-03
   481   8.2106108370546826e-02   3.1741983067650276e-02
   482   1.5342841485682740e-02   1.5131332488389261e-03
   483   8.0577893191461584e-03   1.0651450336572504e-02
   484   1.9479080549885511e-02   8.4159703763503216e-04
   485   8.2907665603862511e-04   1.1009821665469103e-03
   486   7.9783031693284753e-02   3.4870273417587215e-02
   487   1.5854873792981772e-02   5.7357813188187309e-04
   488   1.3409264063572462e-02   1.9968262070405546e-03
   489   4.8954546314093053e-04   2.9407051073921455e-04
   490   7.8924107097050666e-02   3.5499483726602957e-02
   491   1.6970362566911434e-02   2.1620148253358785e-03
   492   6.4761725115079077e-03   2.8658498140910786e-03
   493   1.4159747492843993e-02   4.2302610876551981e-03
   494   2.2777159406169766e-02   5.1975446991890271e-03
   495   2.1313211707545943e-03   2.8547805689984082e-03
   496   6.8289908608828429e-02   3.7781736223337622e-02
   497   3.9355525390620372e-02   1.3879356661978088e-02
   498   1.5758248801085145e-02   1.7159372897290076e-03
   499   1.5964730838650798e-03   2.4097048516615328e-04
   500   1.6004411660513012e-03   1.0495861331334995e-02
   501   9.3531634842268452e-02   5.7083491897272683e-03
   502   4.8437865209176156e-03   2.2423813779164012e-03
   503   2.7769362090071703e-03   1.9628448898972336e-03
   504   3.5989022624577888e-03   1.2657473059786379e-04
   505   4.8219621442509878e-03   9.8380473653648295e-03
   506   5.9071737771523851e-02   4.1625308629987395e-02
   507   4.5461714683879634e-02   3.2804452643719001e-03
   508   2.5367876408542853e-02   1.7049411836813212e-03
   509   2.0794141869263406e-03   2.0113675446176349e-03
   510   1.4957445413064673e-02   3.0454647805998186e-02
   511   8.0887560658231564e-02   1.3353457134346866e-02
   512   2.6481826527558198e-02   1.5285044330991145e-03
   513   1.8902923741713953e-03   2.3444164924108280e-03
   514   1.2311528714426522e-02   3.4372075453360266e-03
   515   1.7725349846518155e-03   3.8121533776759613e-04
   516   2.1760959045358710e-03   4.4744123224455873e-03
   517   7.5701831646292114e-02   3.7088566756070682e-02
   518   2.3528417916604604e-02   1.4881172825106116e-03
   519   2.8867275143215788e-03   1.8980513889527558e-03
   520   5.9651750443509826e-03   1.8389382710354160e-02
   521   9.1023925834146410e-02   4.2081465375230376e-03
   522   2.3986069085384941e-02   7.0415199027670525e-03
   523   2.6357239574756565e-03   2.1657999914617823e-04
   524   3.5603784224638144e-04   8.6930664480357504e-04
   525   1.4140246318120457e-02   6.3145520363158169e-03
   526   1.3815339214759186e-02   1.0338013514079524e-02
   527   1.2655231452713644e-02   8.2430420822312851e-03
   528   8.8539602164172393e-02   2.1849203476353284e-02
   529   1.2135028106272866e-02   9.5501692841508867e-04
   530   8.9693720896447213e-04   6.2915464537438839e-03
   531   9.4264001703112915e-02   6.0382691235231776e-03
   532   1.9843843812202273e-03   9.0075470094061678e-04
   533   9.1321934494432173e-03   6.0856548535540168e-03
   534   5.4904603122837249e-03   1.4938363245278654e-03
   535   7.6429702922075887e-03   8.9521426519572796e-03
   536   2.1412749477305412e-02   1.3384602978690902e-03
   537   4.9676618751389400e-04   1.5163764916564545e-03
   538   9.3584203078869527e-02   1.1668102012136184e-02
   539   2.0135663200563161e-03   6.8891199063427172e-04
   540   5.4962402468573318e-03   6.7583423777342567e-03
   541   2.3378686145843923e-02   1.7036777209227826e-02
   542   7.4321735490867596e-02   3.4517936272149261e-02
   543   2.3943626688118967e-02   8.1327553155255124e-04
   544   3.8997379396233955e-03   8.0603809663854224e-04
   545   1.5285970521803848e-03   3.4770903157405101e-03
   546   1.2509053169634382e-02   1.6685426437720505e-03
   547   1.5060755774623730e-03   3.8596888065113109e-03
   548   8.7907726916611653e-02   2.3310269037300341e-02
   549   1.6050904057480646e-02   1.0430572221432979e-02
   550   1.9858264887780711e-02   2.0709890613496338e-03
   551   9.2168126837392978e-04   3.3622753921760972e-04
   552   7.3658409749215600e-02   3.8169635811138476e-02
   553   2.7019785900671937e-02   4.8669122296720801e-03
   554   7.0557572020217181e-03   5.1615753061379005e-03
   555   7.9002790507996506e-03   6.8420335637472116e-04
   556   9.8114405031172018e-03   1.1990654148917364e-02
   557   1.6091783843693464e-02   4.6357408518880888e-04
   558   3.6602070112614779e-02   4.4450796677039689e-02
   559   6.1188049327420037e-02   2.8805637076906288e-03
   560   1.5284192079125622e-03   2.5087069852857438e-04
   561   7.9160012576706489e-04   2.5198263483932185e-03
   562   2.8328240213473823e-02   1.3937573266647135e-02
   563   9.0193224499097072e-02   1.3672301734939971e-02
   564   3.0372968855644509e-03   1.2299392349534042e-03
   565   1.1275797743401584e-02   4.0703653809144019e-03
   566   5.6750380229668813e-03   3.2567710025284994e-03
   567   2.9916944632026525e-03   1.3080886839617429e-03
   568   8.8316062462325207e-02   2.4166722311682477e-02
   569   8.3647850561130981e-03   1.0844585715213582e-03
   570   1.8875253510286100e-02   1.0870058576562515e-02
   571   6.9891082345299241e-03   7.4005539106804805e-04
   572   3.9649203185615220e-03   2.5866412041267543e-03
   573   4.3012007386893217e-02   3.9895554579146786e-02
   574   6.4201388605368018e-02   5.7425669960649182e-03
   575   1.5870768519826374e-03   4.8405548320569600e-04
   576   7.8667224969280782e-03   1.1234052648363401e-02
   577   1.8902148791520485e-02   6.3003922146087556e-04
   578   7.8936320951503394e-02   3.5030541405000254e-02
   579   1.8870654555700344e-02   3.3436392713624653e-03
   580   3.9133355794942534e-03   8.6329148558476920e-04
   581   3.2990473319374145e-03   1.1280574642962625e-03
   582   1.6636068201061963e-03   1.0595495850060461e-03
   583   6.2383692693879403e-02   3.9796414904376527e-02
   584   4.5202786603972048e-02   1.1267346543615850e-02
   585   1.2500631483877134e-02   8.9900494483628416e-03
   586   1.4239516924631367e-02   1.2122803242937963e-03
   587   3.5238403073908735e-03   1.1906697634983903e-03
   588   3.8252053615205159e-02   4.5253399274876684e-02
   589   5.9011225735515142e-02   8.5604510962844819e-04
   590   1.0623475729647202e-02   1.2082479190038881e-02
   591   1.5936842912640675e-02   2.8670493251892080e-03
   592   5.6708340555147001e-03   5.8025999732730512e-04
   593   3.2524534699371567e-03   6.1686768576179754e-03
   594   2.7517448537828046e-02   3.3541216307159755e-02
   595   7.8390408729811206e-02   5.3251730952608709e-04
   596   2.9570874382169911e-04   5.3557717311841183e-04
   597   4.3272636302020247e-03   6.7135310568134368e-03
   598   9.2508072838244401e-02   1.2739944866518461e-02
   599   1.4574065111984877e-02   1.2702373733833065e-02
   600   1.3069759680917012e-02   1.8253062224144929e-04
   601   1.0368252491821874e-03   6.8382218580906480e-04
   602   1.5026803977705956e-02   9.9922262392536931e-03
   603   1.5039380379642328e-02   9.0269733894139184e-03
   604   5.4877582501991269e-02   4.3180327884384112e-02
   605   4.7066421159824505e-02   6.7418475297879015e-03
   606   9.4887042511300635e-03   6.2323021202678253e-04
   607   6.6303205247366835e-04   1.2474232538550005e-03
   608   8.1071429089656658e-02   3.3145508905714591e-02
   609   1.6477596073566490e-02   1.6503679949218363e-03
   610   1.7212460071933961e-03   3.0847382688740390e-04
   611   4.6838119515925994e-03   6.2197821232909192e-03
   612   9.6501709075577508e-03   2.4424524700870300e-03
   613   1.9739376558503652e-02   9.3802393454713272e-03
   614   2.1923838724809103e-02   2.8442928316854490e-02
   615   8.3456796802869479e-02   6.4699084396001166e-03
   616   1.6321456019984413e-03   5.1629120583891481e-04
   617   5.8430366010329771e-03   8.4061744014497838e-03
   618   2.5716293553986590e-02   1.6848384745427821e-02
   619   8.5756569953270217e-02   2.1229622742474294e-02
   620   7.9744673276290617e-03   4.7775088968590637e-04
   621   8.0643578599289153e-04   3.1445581910359067e-04
   622   1.1540098790397361e-03   9.3509669986299108e-04
   623   5.4775586033144761e-03   6.8864073536380223e-03
   624   2.6142620470840629e-02   3.4248380103640515e-02
   625   7.7980904596183578e-02   1.3714502555886461e-03
   626   2.6769431220998326e-03   1.5305427067042758e-03
   627   4.4122523824631135e-03   8.2919649700549190e-03
   628   5.6234664575614858e-02   3.5569048975527637e-02
   629   6.1657747282576301e-02   4.2060362873457104e-03
   630   1.2970865203315181e-03   1.8930355717809674e-03
   631   7.4020868936075339e-03   5.1197264617639550e-03
   632   2.4401472187099545e-02   1.0736725945856747e-03
   633   5.8928852557741029e-03   6.6352234559568625e-03
   634   8.2310652193639065e-03   1.6549850558795320e-03
   635   9.0378309396163675e-02   2.0602495495630643e-02
   636   5.2766505696940072e-03   6.2982780507829159e-04
   637   3.9087203796812162e-03   1.9661446678627854e-03
   638   5.3196802541986193e-02   4.6076115776536926e-02
   639   4.4205687467838942e-02   3.2469175708426043e-03
   640   3.9522833213423052e-03   7.4014677343024640e-04
   641   1.6898241048711043e-03   6.8934854916085156e-04
   642   1.6306175016414647e-02   1.2114885119007931e-02
   643   1.0035801607319213e-02   9.3795063310985415e-04
   644   1.7878608831963679e-02   1.6880171255904540e-02
   645   7.8604095786287756e-02   2.9891771356064790e-02
   646   2.3941665879720461e-02   1.1407322955527792e-02
   647   1.4223200931099871e-02   3.1345062618256002e-04
   648   7.1649650357899957e-03   2.1864447756385286e-02
   649   8.9086442881144243e-02   7.1065062239557102e-03
   650   2.7702745602816783e-03   2.5734546443666455e-04
   651   9.8479946967102360e-04   1.6927014923486217e-03
   652   1.3121671503987872e-02   2.1755515641717362e-03
   653   1.8940260557932615e-03   1.7490174730099984e-03
   654   4.4504098055191546e-03   1.1618639577868701e-02
   655   9.2645943268518813e-02   9.3548941318553590e-03
   656   7.1201650330874463e-03   4.6996737477638922e-03
   657   2.0182412564175089e-02   9.6126058853933192e-03
   658   7.9351401808635744e-03   1.1841103471339820e-02
   659   9.3351129486179935e-02   2.8898030993198751e-03
   660   1.5049052649841214e-03   3.4033540737506678e-03
   661   2.4676816219259400e-02   2.2290093827797980e-03
   662   7.2389697477421124e-04   1.2733027564218956e-03
   663   5.7916559089113565e-03   4.2356887562803046e-04
   664   7.6124808092302527e-03   8.3327017348644884e-03
   665   3.8378411249169540e-02   4.2260259117489866e-02
   666   6.3202709694280323e-02   1.0115111562708405e-03
   667   1.2866364815630332e-03   2.1992006495147125e-03
   668   7.2800246123880474e-02   3.9264176319377155e-02
   669   2.5700686154754664e-02   7.9988472868976733e-04
   670   3.9946755571596262e-03   8.9999060643558473e-03
   671   2.2177672967519189e-02   5.4215007733784254e-04
   672   1.3191894428417526e-02   2.7441433884621167e-03
   673   7.9426238419246854e-04   5.7577610703652630e-04
   674   1.9026588729399906e-02   1.5259493069159103e-02
   675   4.8810621445706720e-02   4.1976320599609297e-02
   676   5.4316216057734852e-02   2.4745683298956008e-03
   677   2.5569900362060233e-03   1.8853183580391764e-03
   678   4.6880749892259821e-02   4.6601818110569369e-02
   679   4.9991754695043827e-02   4.8665438904324911e-04
   680   5.8862079174867767e-03   1.9314128842949879e-03
   681   8.5063178410452634e-04   2.1977513229830124e-04
   682   5.1411843144416524e-03   8.6600623133223920e-03
   683   1.9076239641372544e-02   5.8608894689389469e-03
   684   1.4818709465581422e-02   5.4156079983503826e-03
   685   5.5069169081516850e-02   4.4625361135554348e-02
   686   4.4852028089540683e-02   2.1650808485055729e-03
   687   3.2273045599033345e-03   3.0752200672549729e-03
   688   4.1786756574248164e-02   4.5326976534883066e-02
   689   5.6479036277463431e-02   9.9693058160196281e-04
   690   1.6318812380423391e-03   4.1211032579166309e-03
   691   2.4503329340372245e-02   1.7418671469581109e-03
   692   3.3373964557648077e-03   2.8308255047980561e-03
   693   9.2971323100432737e-03   5.6192144357677734e-03
   694   5.2136276677908237e-03   6.8350657000418064e-04
   695   3.5198208698708933e-02   4.4877864085762845e-02
   696   6.1446016259123749e-02   9.0515289882133734e-04
   697   9.0623630926544836e-04   4.4490425148472528e-03
   698   6.8526212587203914e-02   3.3805447696136949e-02
   699   5.1650973952417106e-02   3.7578538997968436e-03
   700   1.2609420319286491e-03   1.5453240449527257e-04
   701   3.2064282160742207e-04   4.6067259007560331e-04
   702   2.8331556151899736e-03   4.3662288720827114e-03
   703   1.1168615488950158e-02   3.0457780027501073e-03
   704   2.1584862121972370e-02   2.8914845013185659e-02
   705   7.9464820100895436e-02   1.7083837413748561e-02
   706   2.5747033403101721e-02   3.4963833773517142e-03
   707   1.4266019794419765e-03   2.1254550236393466e-03
   708   7.9725206741940211e-02   3.4300646450508267e-02
   709   1.8489387352432753e-02   1.4677718389976134e-03
   710   1.6454311224290278e-03   1.0538051658482784e-03
   711   1.0225846489230035e-02   9.1918503170037753e-03
   712   1.9182986020847368e-02   5.1743965244802452e-03
   713   4.3147592404780260e-03   4.0652708175227866e-03
   714   1.2158430551206705e-02   8.3792208425838494e-04
   715   8.6188718534620887e-02   2.7634067659525113e-02
   716   9.0343495931043943e-03   2.4785105740092006e-04
   717   4.7354841438403145e-03   1.0662319750118944e-02
   718   9.2575765906370941e-02   1.0995884467518216e-02
   719   2.0749013540125316e-03   7.3363578890855877e-04
   720   2.3212027896339870e-02   6.9229061223049764e-03
   721   2.8097811225251137e-03   6.5510899459227524e-04
   722   3.4684731934429302e-03   1.2114009595637900e-03
   723   7.2528517351745439e-03   9.1450127352790001e-03
   724   3.4368796757855313e-02   3.7134103995532020e-02
   725   6.9889384671689647e-02   1.2274691775804035e-02
   726   2.3466459281458685e-02   6.6808290616887135e-04
   727   2.8195643588366007e-03   4.7523623210718839e-03
   728   8.5360533299130278e-02   2.8290209801855308e-02
   729   1.1133879342516804e-02   7.4557874197017659e-04
   730   1.5518670929387539e-03   5.8418640119417976e-04
   731   7.4529424268368729e-03   6.3479906633021532e-03
   732   6.9434492305102064e-03   1.7437767641653506e-03
   733   5.9227435295704078e-03   4.0227711508266598e-03
   734   7.9768662888986513e-02   3.4044021809904734e-02
   735   1.7872788167779263e-02   6.2853847954583942e-03
   736   2.3513663753393622e-02   3.0510600668745246e-03
   737   4.9323680526745161e-03   3.3090879603035646e-03
   738   3.2290934002374420e-02   4.3352339691982295e-02
   739   6.5055819412442206e-02   2.8118067641250020e-03
   740   2.5361302068141686e-02   3.5424736213434463e-03
   741   1.0238082174768143e-03   1.2873018470252050e-04
   742   4.9318166091694474e-04   5.5906437450334745e-04
   743   9.9236094220622878e-03   1.8115567631911401e-02
   744   8.0152604444373957e-02   2.8974007582203146e-02
   745   1.9198615216981775e-02   3.8912693778300181e-04
   746   2.0157614702723033e-03   1.1589513627709529e-03
   747   3.9543836773146622e-02   4.5113467157365826e-02
   748   5.8453324417610808e-02   2.3520401105365843e-03
   749   2.4609632043933209e-03   5.7634768638311819e-03
   750   2.4143953313953428e-02   1.0190871897941564e-03
   751   5.7607235326526752e-03   7.8685423675388354e-03
   752   1.5894136942337739e-02   6.8869831867698055e-03
   753   1.8432428908818774e-02   2.9196274667257142e-03
   754   6.2554161985562323e-02   4.4770606818638606e-02
   755   3.3214225380231444e-02   5.3344080699268962e-04
   756   2.9774349550579903e-03   1.9402475365105560e-03
   757   2.7655287798835403e-03   7.1752540960002432e-03
   758   8.9496098463073104e-02   2.0790965952360973e-02
   759   1.0045126063232988e-02   5.3688124693426092e-04
   760   1.2558312548710980e-03   1.5442664997431152e-03
   761   4.3482525768591841e-03   1.4855069127536924e-03
   762   5.6844950369884543e-03   3.7332482396376697e-03
   763   4.7654424720416422e-02   3.6098332587713847e-02
   764   6.4354337234235864e-02   1.6310626797327633e-02
   765   1.0126071297187386e-02   5.4533678324028287e-03
   766   1.2382587202687315e-02   5.1708432802533174e-04
   767   3.7096245780451529e-03   6.3891179725068968e-03
   768   4.8927460338251523e-02   3.5916988566655289e-02
   769   6.4581174231099756e-02   1.4406274084335119e-02
   770   7.2568725228080678e-03   1.2838223856419731e-04
   771   4.2147164099453651e-04   4.6794941209037951e-04
   772   5.3182421216742834e-03   6.6118564548989693e-03
   773   1.9823695792512069e-02   2.8236471254669156e-02
   774   8.4382165172192783e-02   1.5299181905746716e-03
   775   5.4385249774224168e-04   2.1062608748454402e-04
   776   8.6270023691831354e-03   1.2194969005806825e-02
   777   1.9219742276430456e-02   1.1416264167437044e-02
   778   9.3328135162529732e-02   2.1507227531850168e-03
   779   1.3410434951925392e-03   1.1467316674410573e-03
   780   7.3929586299406906e-03   7.5408500827792201e-03
   781   2.0339535446306040e-02   6.2384746767607776e-03
   782   4.3587826312913094e-03   3.4301426856544266e-03
   783   8.5557509422376124e-02   2.7206604225430881e-02
   784   1.5697872455358232e-02   6.5224838484499344e-03
   785   8.5311069111046502e-03   2.9802729380594444e-04
   786   3.7626578416268350e-03   2.9646589154921888e-03
   787   3.9489263688904947e-03   7.9856178690628655e-03
   788   9.3381846010327785e-02   9.8345928522703338e-03
   789   3.1749611276165710e-03   1.6942410081800892e-03
   790   4.1457155716369178e-03   5.8209397513724961e-03
   791   2.4269381714088326e-02   1.2375518089804574e-03
   792   3.3060799041914773e-03   1.0959360249874088e-02
   793   8.3419170445214838e-02   2.7354626229830346e-02
   794   2.2689038553613781e-02   1.8887641240778873e-03
   795   1.6666978265820968e-03   1.7503137946522438e-03
   796   7.5047845057220341e-03   9.1827858323074892e-03
   797   2.0598934616623966e-02   5.3181113199169273e-04
   798   4.1921864302649416e-02   4.7119789514295095e-02
   799   5.3397647619634607e-02   8.8073918872079242e-04
   800   3.6094578198541684e-03   5.1678969444741963e-04
   801   2.0241838498552545e-03   2.0433910521748919e-03
   802   7.8308613356252887e-02   3.4487952129105125e-02
   803   2.3375380275102005e-02   6.8158474443885319e-03
   804   1.0242122630462511e-02   5.8620984179284380e-03
   805   1.9043134766833419e-02   8.9399945395131838e-03
   806   7.6134050083302958e-03   2.8727928173156970e-04
   807   9.2514130330910709e-04   2.4700067857217674e-03
   808   7.3265064462235047e-02   3.8403085129657108e-02
   809   2.7476748287727032e-02   1.2801392544448955e-03
   810   8.1153428950624107e-03   1.1434568406742588e-02
   811   1.7742006106953145e-02   5.8878919812208118e-04
   812   1.6020779573789463e-02   3.4121181211769103e-02
   813   8.0001272464971004e-02   5.3032453734885984e-03
   814   1.2621102023910865e-02   3.0368153782735267e-03
   815   4.1114705856588434e-03   3.1940078458266509e-03
   816   3.9015939050581097e-03   2.7991446177315062e-04
   817   2.4794721648582936e-03   7.2251438562745641e-03
   818   3.1368064180064763e-02   2.1810186310551937e-02
   819   8.7566855843643571e-02   1.9689195192480269e-03
   820   2.2072999641458525e-04   1.1066720513608388e-04
   821   1.9566251217444802e-02   3.6904629322112678e-02
   822   7.6145466248488447e-02   8.5162889562410138e-03
   823   1.3401528283245073e-02   1.2478615063121464e-03
   824   2.1541773065276847e-02   8.7373606846864408e-03
   825   4.5810759649270363e-03   1.4811687379623513e-03
   826   3.1787014380128486e-03   2.8979576442357666e-04
   827   3.4536328199873149e-03   1.5388404693009857e-02
   828   9.2246746517554573e-02   5.2623923874419555e-03
   829   3.9715781757035159e-03   2.8011681841442764e-03
   830   1.7154292493038927e-02   1.1441410580016513e-02
   831   1.2715709702427736e-02   1.3891875620903099e-02
   832   8.9664696227853238e-02   1.6059192531489633e-02
   833   9.3952260967396194e-03   3.3869271068025304e-03
   834   1.1995606412782590e-02   1.6630616427932999e-03
   835   1.7746757105812311e-03   7.7689920774055518e-04
   836   1.2655342837711765e-03   1.3510131749889858e-03
   837   3.2354173650192930e-03   3.3391140045330591e-03
   838   4.3865896156871996e-02   3.2938025785850103e-02
   839   7.1712557645093336e-02   1.3936015659681882e-02
   840   6.9233865918086482e-03   2.5224824169464716e-03
   841   5.3606882347200400e-03   4.3422362828076412e-03
   842   9.3329112209240603e-02   1.1956389504137122e-02
   843   2.0139861180582964e-03   1.3797487199182193e-03
   844   1.2822608303968789e-02   3.1710483415363054e-03
   845   7.9439944690170208e-03   8.0839007812052843e-03
   846   2.1547859309962065e-02   3.6745096417239204e-03
   847   1.4115836193607735e-03   2.4280310676534725e-04
   848   2.0479594994297209e-03   1.2312544499759503e-02
   849   9.3464917073467352e-02   9.5778159393176152e-04
   850   4.0003279914420478e-04   3.1535628290634849e-03
   851   9.2902630160095867e-02   1.3501011716299076e-02
   852   7.6519426987546584e-03   5.9105474530230205e-03
   853   1.0648121828990350e-02   3.5080929040670348e-03
   854   2.3414729790250041e-02   4.8742802578874500e-03
   855   1.5784062629508740e-03   4.0999423371679776e-04
   856   1.7776167722632148e-03   2.3984052010186229e-03
   857   1.1514371022577902e-02   9.9898842600325364e-03
   858   2.4875279950535067e-02   1.9870964656638668e-02
   859   8.8621096383237397e-02   8.2754293705289556e-03
   860   1.4337285797365099e-03   1.9312284185603757e-04
   861   6.5269219660281957e-02   4.3387562910946038e-02
   862   3.1850953207066081e-02   4.4575186474134273e-03
   863   1.2095656728056610e-02   2.3812427027856205e-03
   864   3.0953429662568112e-03   2.0640935570445558e-03
   865   3.2240266283738214e-03   1.9755199251799758e-03
   866   4.8160792543804681e-03   6.3585705302962895e-04
   867   3.4729541558421611e-03   1.2824018698897956e-02
   868   7.8790561751600569e-02   2.8584418688274812e-02
   869   3.8624205709731241e-02   1.9875517697593966e-03
   870   1.1217992087031296e-03   1.5111694964282435e-03
   871   2.2431219211395532e-02   1.6252358514843902e-02
   872   6.0998803924057307e-02   4.0862922447594228e-02
   873   4.0331124986960815e-02   2.2955847828613077e-03
   874   3.1360389959494057e-03   4.4560373399551842e-03
   875   1.1810938326158902e-02   8.4920692482217254e-04
   876   1.6090909308314574e-03   1.6653177184804871e-03
   877   2.7702499918510187e-03   1.3131663399273189e-03
   878   9.0189090910921296e-02   2.0891645449749644e-02
   879   5.3341852557727146e-03   3.0337357110052674e-04
   880   7.0494755700351757e-04   1.4497891086249536e-03
   881   3.3445106551446627e-02   3.5360226631065278e-02
   882   7.3335812539938899e-02   1.1026342991744435e-02
   883   1.3901315954234012e-02   1.0456352589881713e-02
   884   1.5197312159807892e-02   3.7661291516462446e-03
   885   4.1102967233291833e-03   1.7278394205453942e-03
   886   1.3376304331058251e-02   1.0007673232759284e-02
   887   1.6951642805437088e-02   7.6698746262102689e-04
   888   3.3088934055778424e-02   4.5050927950235645e-02
   889   6.2319055853422574e-02   6.1809756414476114e-04
   890   1.0457285920092967e-03   4.9879095190090048e-04
   891   2.4556460634680209e-03   4.7474030656403862e-03
   892   6.8523362357242559e-02   4.0820391233648542e-02
   893   3.1827109249104500e-02   3.0754772124447385e-03
   894   1.0071904851604706e-02   5.1266918358061934e-03
   895   4.5112328107125167e-03   3.9835451189772019e-04
   896   8.3671659804202374e-03   1.1771998929512931e-02
   897   1.8303287055101990e-02   4.6305983698109758e-03
   898   9.4533563357729125e-02   4.8907101350484468e-03
   899   4.3678318097543385e-04   6.6956190834502230e-04
   900   2.3228761909503865e-02   6.5846299964885530e-03
   901   4.6329422503008279e-03   2.1908646374338226e-03
   902   1.5424284311008772e-02   2.9315480967954388e-02
   903   8.1897815105387295e-02   1.4167667977935320e-02
   904   1.3114045405274392e-02   7.8243093852853492e-04
   905   5.0145845879715314e-04   1.8520732456258685e-04
   906   1.6235655780927024e-03   6.3658576624356523e-03
   907   9.0013717615496189e-02   2.0036864864987503e-02
   908   8.1997085124994110e-03   2.0942722026797179e-03
   909   8.6562173642635628e-03   9.2601427763193810e-03
   910   2.0415020875992482e-02   3.1998163206299938e-03
   911   3.6623644914817299e-03   9.0259383251917993e-04
   912   9.2787313178890555e-03   2.6649138822629280e-02
   913   8.6098072913250778e-02   7.8718071581085677e-03
   914   1.3946738269631860e-02   1.0129440964772168e-03
   915   2.0170037930686952e-03   5.2765303853360953e-03
   916   2.2761119346276885e-02   5.4563790830368334e-03
   917   7.4276259763072878e-03   1.4885002247816826e-02
   918   9.2506290147462769e-02   1.5263003928015202e-03
   919   2.9530196633934429e-03   3.1790511606829075e-03
   920   3.7620169299892531e-03   2.5147797955898558e-04
   921   2.4932771201066103e-03   4.3808494002289169e-03
   922   1.7505360721940040e-02   1.8304193085871764e-02
   923   8.7630373247984214e-02   1.4803732628691788e-02
   924   2.5535983409259798e-02   7.4238945964559787e-03
   925   3.1828526270003188e-03   1.3358061276327749e-03
   926   3.5418671873962125e-03   1.1875384873481101e-03
   927   9.3016507013380934e-02   1.3760749890210979e-02
   928   2.2334274229493440e-03   1.8008787989201279e-04
   929   3.3059084757443248e-03   7.5219671687175521e-03
   930   2.2758302512296533e-02   9.1390668423291536e-04
   931   1.5826005752390513e-03   4.0584487023865900e-03
   932   2.0694610806968283e-02   2.5411844881597357e-02
   933   8.5992696003921745e-02   6.2764508772948004e-03
   934   6.7506764008845900e-03   1.0542935900453695e-03
   935   1.4130064690028967e-03   3.6555551697897578e-03
   936   3.5901320733034522e-02   2.6571030954383314e-02
   937   8.0330174128307535e-02   1.5733674265451338e-02
   938   6.0172216373415846e-03   1.5786020435919871e-03
   939   2.6020270961370838e-03   2.1142542586291725e-04
   940   1.6939152239549928e-03   3.2739567838257792e-03
   941   1.2179524880198717e-02   2.8231540825815532e-03
   942   3.8294965429413403e-03   1.3330097843835972e-02
   943   9.2948760259398827e-02   4.6049619340232228e-03
   944   5.4542931655210437e-03   2.9693176280825577e-03
   945   9.5775466434537340e-03   1.1112956933936047e-02
   946   2.2053880010363590e-02   1.7844710863710169e-02
   947   9.0022583602397066e-02   7.4182268046535911e-03
   948   3.3657390906829225e-03   1.4435096491378146e-03
   949   1.6614752185030528e-03   1.3936914492309138e-03
   950   2.4020702401992292e-02   6.5118442416510084e-03
   951   2.3530776831914260e-03   1.4433676430615063e-04
   952   8.1605730447794241e-03   1.1191669896294746e-02
   953   6.4797977745735633e-02   4.1131231372429487e-02
   954   3.6540068552012493e-02   1.6483897201692427e-03
   955   2.7921820306298618e-03   2.3700698488631276e-03
   956   5.2964517740743913e-02   4.6429000032819960e-02
   957   4.3815403765635530e-02   7.8985399350595063e-05
   958   1.4751715721231153e-03   2.5418795677698857e-03
   959   9.8847586538694712e-03   8.7174416720672537e-03
   960   1.9788459489654995e-02   3.1936917021751425e-03
   961   6.6854611721505865e-03   6.0147500806158882e-03
   962   9.2106169335463076e-03   3.2185175923456857e-03
   963   5.5155096585991333e-02   3.7378924629457244e-02
   964   5.7075886745212828e-02   1.5853618995222498e-02
   965   9.5282820296403552e-03   6.8528817225856878e-04
   966   1.3418880912501586e-02   2.9328149483706798e-02
   967   8.4350434948125011e-02   4.5949874706327281e-03
   968   1.8024634038364979e-03   4.9494232736079944e-04
   969   6.2001498501978688e-04   3.0010873096245028e-04
   970   2.5415038209129410e-03   2.5971195339234083e-03
   971   5.0306203077616638e-03   1.3364009439221997e-03
   972   2.9006448931358651e-02   3.3860640492964868e-02
   973   7.6303370323256015e-02   1.1293085362628109e-02
   974   4.5288057086089132e-03   4.5050417857941784e-03
   975   2.4884387264466370e-02   2.4602504460926934e-03
   976   6.9554089171259034e-02   4.1175233000215493e-02
   977   2.8511427426433950e-02   2.8840762756933138e-03
   978   1.4945871141849521e-02   1.1898016651395230e-02
   979   1.1541710129547611e-02   1.3556941645098244e-04
   980   3.3469780859116978e-04   9.5516710709493582e-04
   981   1.3193954271033540e-02   2.5334936536969008e-03
   982   1.0917698585245699e-02   2.8240641567057211e-02
   983   8.5407152069939027e-02   4.0520421613890805e-03
   984   3.2913609299523817e-03   7.6524212329727676e-04
   985   4.3960931770345591e-03   1.3807438447238432e-02
   986   8.9841433667387019e-02   1.6719154553977482e-02
   987   7.5014854466632190e-03   1.5444887107271717e-03
   988   2.5190125840283961e-02   3.8935305154445508e-03
   989   8.1656630268260198e-04   1.3055470113723286e-04
   990   8.7889306685293728e-03   1.1772056551697257e-02
   991   1.6949404965334251e-02   3.4274591582537312e-03
   992   7.7496970376514623e-02   3.4193737349585571e-02
   993   2.7573994357742309e-02   5.8363889142312780e-03
   994   6.1000126057234759e-03   1.8629955700971254e-03
   995   2.3041470392316838e-03   2.6726389632468726e-03
   996   8.5236323246119849e-02   2.8571262902855069e-02
   997   1.1976314343204198e-02   1.7886987908575054e-03
   998   5.7111140004536846e-03   1.0456123931722504e-03
   999   4.2423057886124886e-04   6.3847810372881183e-04
  1000   2.0573248177741438e-02   6.9196961465190021e-03
  1001   1.4987438271749714e-02   1.0280053071742228e-02
  1002   4.7808578413073448e-02   4.4664793796395916e-02
  1003   5.1635776282223017e-02   6.0872150380191696e-04
  1004   1.2510345664105728e-03   1.0463117753884317e-03
  1005   5.1068632856079398e-03   9.6258619449389772e-03
  1006   8.2247872661954477e-02   2.6490117304700214e-02
  1007   3.5667958746016172e-02   5.1475215353828764e-03
  1008   1.4457670299851213e-03   2.4731157042364891e-04
  1009   1.2754612389998593e-03   2.1194192398904495e-03
  1010   4.7716781991412093e-03   1.3020005038636103e-03
  1011   4.8513173226823338e-02   4.5490183912357790e-02
  1012   5.0518013845823558e-02   2.7405356059014780e-03
  1013   1.0466660440968022e-02   5.7502391821410755e-03
  1014   6.1521614232719676e-03   6.1047426547233786e-03
  1015   2.3457381869357242e-02   2.9909630820727034e-03
  1016   1.0280501720066273e-02   2.6796553797468880e-02
  1017   8.6643629188391066e-02   1.2169776144449150e-03
  1018   2.0323111362369574e-04   1.2439235549038908e-04
  1019   1.2736987585446407e-02   1.0595999482567217e-02
  1020   1.4817453838481921e-02   5.1288091723051361e-03
  1021   2.4789257266875774e-02   3.1087010422418512e-02
  1022   7.9405772531231641e-02   1.2785326711986903e-02
  1023   6.6998545444521291e-03   1.0337869561768246e-03
  1024   1.9227071964171079e-03   2.4063495675222223e-03
  1025   5.2569559149050933e-03   7.9671173744245635e-04
  1026   7.9348658852861326e-02   3.5201850379832512e-02
  1027   1.6528241433050362e-02   2.2077439220408190e-03
  1028   2.4897143031462562e-02   4.5561136819449299e-03
  1029   1.6231414357938167e-03   2.3162067987339853e-04
  1030   2.2262949359809570e-03   1.3496985670343388e-02
  1031   9.3033588906951126e-02   2.5877963569603227e-03
  1032   6.4609424802586574e-03   5.8678305519061754e-03
  1033   8.7799799407345582e-03   2.6078452100293794e-03
  1034   1.0213195665120916e-02   9.9019289512246311e-03
  1035   1.8542868799118647e-02   2.0147045968150171e-03
  1036   1.9985719910608782e-02   3.5527115878311977e-02
  1037   7.7888627949824291e-02   6.3272932482642628e-03
  1038   3.6459790652590405e-03   3.9765835660860718e-04
  1039   9.3902792072190014e-04   9.1026772190290061e-04
  1040   2.7751719458187635e-02   2.6995618353340731e-02
  1041   7.8505302916442907e-02   2.0831644538775045e-02
  1042   1.8302751911712066e-02   9.9151101756987728e-03
  1043   1.0295863860566282e-02   3.6581715206256523e-04
  1044   1.2146736577140404e-03   7.2708193280596504e-04
  1045   3.3758418759221344e-03   1.9422426551996877e-03
  1046   7.3262413776397736e-02   3.9798384582825912e-02
  1047   2.2574755859579649e-02   5.9638086988758946e-04
  1048   1.3166539120725714e-02   1.0666552676525682e-02
  1049   1.5407907099611096e-02   3.7862125189723622e-03
  1050   8.1697202316012053e-03   2.0352592986096572e-02
  1051   8.9488485272786966e-02   8.5421366064742377e-03
  1052   4.5764063162495082e-03   9.9984276005343677e-04
  1053   2.2189353845428654e-03   1.6917193399300565e-03
  1054   1.8414884758721425e-02   6.5984941759707118e-03
  1055   1.7811120560910429e-02   6.9635733260004391e-03
  1056   3.7247011350574292e-03   2.3245195220053271e-03
  1057   9.1647468812162819e-02   1.7668024705312237e-02
  1058   4.0453140752398295e-03   2.6575691581366250e-04
  1059   3.7341527437708775e-03   3.7009285473144369e-03
  1060   8.2020952375898459e-02   3.0948303136427453e-02
  1061   2.0253423031302457e-02   7.1277579748784464e-03
  1062   6.6394225147451925e-03   7.2903076413496839e-04
  1063   7.0356585833681595e-03   4.8855250263907394e-03
  1064   2.2673302935103560e-02   5.6900850639622505e-03
  1065   1.9435301675623281e-03   1.4523404860316191e-04
  1066   2.0651768660310026e-02   3.8121176054896323e-02
  1067   7.4853810813232946e-02   7.2958702955028118e-03
  1068   2.5691825096330428e-02   3.0272782871043633e-03
  1069   1.4623893288348271e-03   2.9814174589598758e-03
  1070   8.9134885258699378e-02   2.2702254865540013e-02
  1071   6.8635873325061476e-03   1.0883400277340935e-04
  1072   1.9468881293230264e-03   2.8024217493111988e-03
  1073   8.2712397833524902e-03   4.9034406809882252e-03
  1074   8.3309283473921147e-03   1.9030239501195700e-03
  1075   5.1349762619236402e-03   2.5654633943289784e-03
  1076   3.1893445059853989e-02   4.2750008911333327e-02
  1077   6.4899885268428784e-02   9.4334277873512774e-03
  1078   2.4948287498055326e-02   8.0308283602144803e-04
  1079   1.1727811964382946e-02   3.0196798436844738e-02
  1080   8.3540159305655379e-02   6.9843566819314173e-03
  1081   1.5559357473761481e-02   4.5876402570499113e-03
  1082   2.2524411923700763e-02   5.4881970842706662e-03
  1083   4.5105562633671282e-03   1.6510213082019712e-03
  1084   1.1857544809862233e-03   2.7524486857353814e-04
  1085   5.3892109171164277e-04   1.0756818363481255e-03
  1086   4.5360350638934448e-02   4.4414937988667219e-02
  1087   5.5347715151252856e-02   1.8150972002471970e-03
  1088   1.3179326972132168e-03   8.7208029145290685e-04
  1089   8.0137622436955033e-02   3.4077669958642552e-02
  1090   1.7579542931048409e-02   2.3124746009070113e-03
  1091   6.8339000384860940e-03   9.9457015611100711e-03
  1092   2.0143768318039979e-02   3.6152326174498456e-04
  1093   1.5309470260987983e-02   1.1873936620908510e-02
  1094   1.1535049615757676e-02   3.2905676444590394e-03
  1095   9.7560797008509458e-03   5.3640173699360926e-03
  1096   1.2230723986874527e-02   2.1196537117984963e-02
  1097   8.9568545339776845e-02   2.3195314848513840e-03
  1098   1.1806388469939855e-03   4.4653031240242711e-04
  1099   6.3489385968668122e-03   1.4170985992583613e-02
  1100   7.7697580398999558e-02   3.2574312981021501e-02
  1101   2.5189994631260863e-02   1.3097645603258445e-03
  1102   3.2968533796995216e-03   2.3661622410058830e-03
  1103   4.8322342173434014e-03   6.6591530243707798e-04
  1104   5.3204174161853028e-04   2.6032806091811308e-03
  1105   2.6690902149272843e-02   8.9846457193065183e-03
  1106   9.1569211338741657e-02   1.4594724556945731e-02
  1107   3.2582775040397461e-03   1.3384199296823526e-03
  1108   2.3595684370975426e-02   6.2804227814850476e-03
  1109   2.3655080496690654e-03   1.0723062836555768e-03
  1110   8.4361151523153932e-02   3.0042198529754011e-02
  1111   1.1256529032334274e-02   4.6376592561821976e-04
  1112   3.2663152795397465e-03   1.3316646580224340e-03
  1113   2.3057395597050755e-03   3.1287602450997538e-03
  1114   1.2700333847825677e-02   3.6271928241309883e-03
  1115   6.9731456839364422e-02   4.1586288332574745e-02
  1116   2.6357906685135414e-02   1.6917386345292405e-03
  1117   5.4214332350872689e-03   2.7013915661524552e-03
  1118   2.1794654059260336e-02   8.1362221411701331e-03
  1119   7.7515814101534993e-03   2.8843883654546829e-03
  1120   1.4380596252297737e-02   2.2275504955983381e-02
  1121   8.2914366117059407e-02   2.2430859289185388e-02
  1122   1.2210077577252176e-02   4.9476685187971325e-04
  1123   1.6209319007187428e-02   1.1775566558445125e-02
  1124   1.0156109869844037e-02   8.6766424285074253e-04
  1125   2.4186117664104401e-03   1.1098603238171734e-02
  1126   9.3604807134415630e-02   3.5933861374699474e-03
  1127   9.2933968071816527e-04   1.1619758517291438e-03
  1128   5.9734764115740467e-03   1.3880409015886556e-03
  1129   1.0426226063330532e-03   7.8360511119495899e-04
  1130   3.5208118841777165e-02   4.3073896717659939e-02
  1131   6.3580379576964219e-02   6.4447430604724007e-03
  1132   2.4325733286332914e-02   5.6360036532495982e-03
  1133   1.8025118712241088e-03   4.1618504506261576e-04
  1134   5.1150224592418974e-03   9.1429326528534756e-03
  1135   8.2562009379559639e-02   2.8996183454199128e-02
  1136   2.2192259541058419e-02   4.9823696776685172e-03
  1137   4.5357630463365621e-03   4.5256173830397570e-03
  1138   2.3890851129085972e-02   3.1647076967754534e-03
  1139   1.0274025555459087e-03   1.8409911410934097e-04
  1140   4.7654987783544807e-03   7.9979448883435895e-03
  1141   4.2858487117655615e-02   4.1612824118125530e-02
  1142   6.1553447753894618e-02   2.9128252866160827e-04
  1143   2.1141949827869688e-04   7.7767055664058546e-04
  1144   5.7633368239239278e-02   3.7983018438524696e-02
  1145   5.3305472132849148e-02   1.6481243025235435e-02
  1146   1.0808832290239287e-02   7.3786078029042690e-04
  1147   5.5332581055564083e-03   1.6024743629917950e-03
  1148   8.5630989973039693e-04   2.8512397839952527e-04
  1149   6.6484750610511980e-03   9.0582706892992065e-03
  1150   2.1238858614631803e-02   9.4280711072684039e-03
  1151   7.6104541120923672e-02   3.6413834568149721e-02
  1152   2.0668308036019489e-02   1.0550621037302391e-03
  1153   5.9699726909905144e-03   2.6004174969146338e-03
  1154   5.1808397776754757e-02   4.5235537332257422e-02
  1155   4.7167197383033745e-02   6.6481564405746815e-03
  1156   1.1117936053728603e-02   1.9257235242223422e-03
  1157   1.2495293387970218e-03   8.1866786554496624e-04
  1158   1.3677066409820056e-02   1.1097710109818863e-02
  1159   1.5717356985106800e-02   1.4735459817931623e-03
  1160   9.8698151382194664e-04   1.2110699544601328e-03
  1161   2.8869553801174772e-02   3.2644590749818070e-02
  1162   7.8307622266838059e-02   8.0398606025516520e-03
  1163   1.8325436705593362e-03   4.0907525927023696e-04
  1164   8.8851814862582271e-02   2.3270219770457852e-02
  1165   8.0248859589964264e-03   6.1593562188961212e-03
  1166   2.3514175248702213e-02   2.8526915171317412e-03
  1167   3.9261114503273149e-03   2.3595969082428080e-04
  1168   3.1164236519056208e-04   4.4018004680910605e-04
  1169   2.4638886074230854e-03   6.1396619007938356e-03
  1170   3.2905137745306574e-02   2.3187571399604916e-02
  1171   8.5759928054087317e-02   7.4161868101161174e-03
  1172   4.4589592150988452e-03   1.1990640218995916e-03
  1173   5.7042038749924367e-03   9.7837027867544064e-03
  1174   6.3983114786371739e-02   4.0701797463451032e-02
  1175   4.0025268886097143e-02   1.7326497990432406e-03
  1176   1.8803707898889354e-03   1.5421064936758321e-03
  1177   5.1102805477322415e-03   1.5076377118680903e-03
  1178   1.7052689983372738e-03   3.7013727422230318e-03
  1179   2.4136731396237971e-02   3.7903279112544755e-03
  1180   5.1984332245191799e-03   1.3759420790480282e-02
  1181   8.9211942936839678e-02   1.7853132795287559e-02
  1182   9.9257649390929806e-03   3.0536795050656652e-03
  1183   1.2412833869678258e-02   8.2687767571383477e-04
  1184   5.3225729787349726e-03   2.0187384835541146e-02
  1185   8.7985471544151664e-02   1.3245090541962771e-02
  1186   2.7891613883943862e-02   1.9482654841377794e-03
  1187   8.2463984902138234e-04   4.8663932198577666e-04
  1188   1.3925290021369011e-03   1.2863582665474992e-03
  1189   3.0524357674150144e-03   2.0085395631750489e-03
  1190   8.8678134193358085e-02   2.3672742781585748e-02
  1191   6.8130305685557982e-03   3.1596143133492851e-04
  1192   1.2637650732894594e-02   1.1260313600982187e-02
  1193   1.2875411988201567e-02   5.5877424439158352e-03
  1194   1.9526986660965331e-02   2.0591815123947348e-02
  1195   8.9373361787823430e-02   3.3761900347875928e-03
  1196   2.8846053026612274e-03   1.8593593795179458e-03
  1197   2.9406023057956215e-03   5.8111079047412891e-03
  1198   2.4370281018203318e-02   1.1328477856374819e-03
  1199   1.2376533308387557e-03   5.0803493062564790e-03
  1200   9.4415731907268735e-02   5.8895103431275009e-03
  1201   3.6550847679565077e-03   5.1482898269077301e-03
  1202   1.0533317086895590e-02   2.4941013605463938e-03
  1203   4.6687648959942507e-03   1.3727627537468243e-03
  1204   8.6997757702491421e-03   1.6343135293809052e-02
  1205   9.1749047260834327e-02   5.2644278290576224e-03
  1206   8.7951543642125036e-04   1.0937755540536961e-03
  1207   7.8303230388329162e-03   7.3163544108808777e-03
  1208   2.1032281540831130e-02   5.2421411720281032e-03
  1209   4.4459184547683012e-03   6.7550340993271576e-03
  1210   9.3731849418612137e-02   8.6765265293939301e-03
  1211   3.9767227116377628e-03   7.7857965079208055e-03
  1212   2.3227765792823422e-02   8.8525272659875957e-04
  1213   8.8261190575163856e-04   1.1403727790294034e-03
  1214   1.3253556794527714e-02   3.5328506953803329e-03
  1215   5.6900992842967950e-02   4.5610432123487858e-02
  1216   4.0438891676772552e-02   2.4742606470154588e-03
  1217   2.3908508623912178e-03   3.3743489136477144e-04
  1218   6.2984429912880772e-04   3.3180790215022603e-03
  1219   9.4082850913308494e-02   9.0216140483004251e-03
  1220   1.7297780866021657e-03   1.2594971028584200e-03
  1221   2.2094449051933633e-02   7.0015091275998590e-03
  1222   8.3625757967911753e-03   7.0917353976960983e-03
  1223   9.3936038155436868e-03   1.5606916363333427e-03
  1224   2.2028724281613375e-02   8.2831704999412475e-03
  1225   1.1861279080669520e-02   1.9914213991964465e-02
  1226   9.0127759290787535e-02   4.2349740479477073e-03
  1227   5.2820559345933236e-04   2.6425637010047141e-04
  1228   6.3744089880547385e-03   1.2602751800631848e-02
  1229   8.9357487782884715e-02   1.8606599051316522e-02
  1230   6.8256101761656751e-03   7.1720408876801999e-04
  1231   1.2677166221073861e-03   8.1344373379222768e-04
  1232   7.6866400541640697e-03   6.5301224310454313e-03
  1233   6.5718549226869002e-03   8.0872500645569139e-04
  1234   1.0829320103560294e-02   1.1334628719547291e-02
  1235   3.9587494929060205e-02   3.4005659003993133e-02
  1236   7.2460927037951386e-02   1.0684223742318680e-02
  1237   4.8352926180486580e-03   7.3494166042550055e-04
  1238   8.9587297325665026e-03   1.5849818608470234e-02
  1239   7.6843339906242661e-02   2.9568783876763184e-02
  1240   3.7811013372511561e-02   3.9686061391202895e-03
  1241   8.9989515303389128e-04   2.6760319859036810e-04
  1242   3.6095237655814566e-03   7.1302643173669919e-04
  1243   2.5071200428517541e-03   4.8476837951208973e-03
  1244   1.1628458252417637e-02   8.3310073037311759e-04
  1245   3.8502569152019613e-02   4.6382278762000087e-02
  1246   5.7054152201605299e-02   3.2707734504166939e-04
  1247   5.2749706256227250e-03   1.2567739333057834e-02
  1248   5.5353520994702275e-02   3.6079386732340651e-02
  1249   6.0839323717519073e-02   1.8745717049606233e-03
  1250   9.0291129721961757e-04   4.2931942542326031e-04
  1251   8.5852065274178106e-03   8.0471610727872733e-03
  1252   1.3355511881646289e-02   8.1001721990345728e-03
  1253   1.6379959934281794e-02   4.0463550243263801e-03
  1254   7.5909723286616861e-03   1.3459080391945444e-03
  1255   3.2141008958572234e-02   4.3891059117623824e-02
  1256   6.4345958289149158e-02   3.0897173456894810e-03
  1257   2.9925272780241970e-03   2.3121311724429267e-04
  1258   7.0663934814297284e-03   2.2780854856557918e-02
  1259   8.9161984633202171e-02   2.7242500557018959e-03
  1260   1.3156719672836694e-03   2.3016793027088828e-03
  1261   2.0955704811438186e-02   9.3204140364357823e-03
  1262   7.4737199642500350e-03   1.2635038533511187e-03
  1263   2.2757627798348553e-03   1.8537474075047903e-03
  1264   1.5376032471593772e-02   1.5288263884834291e-02
  1265   8.9257166817214739e-02   1.5859540390988903e-02
  1266   7.6097541595995452e-03   3.4301068616484939e-03
  1267   6.5660389189833492e-03   8.6624963543941377e-03
  1268   2.1242104428647754e-02   1.9859011605711689e-04
  1269   2.3709135503790009e-02   4.0973684474563801e-02
  1270   7.1627035880368103e-02   4.1136789062086893e-04
  1271   3.1016172676453279e-03   4.9182836115665369e-03
  1272   1.1368076781433867e-02   1.0421060459570165e-03
  1273   1.9501026975145463e-03   4.9191425764946190e-03
  1274   5.7419959359933104e-02   3.7350546832298062e-02
  1275   5.5306829052786825e-02   1.4411152618018310e-02
  1276   1.0486585749492867e-02   4.1549016309219906e-04
  1277   7.5783780171009732e-04   1.4955648876373371e-03
  1278   4.9715432877158461e-03   1.4910910216330657e-03
  1279   1.3070045298186979e-02   2.5926817137687942e-02
  1280   8.6103528147171468e-02   7.9349895271529497e-03
  1281   1.8426528005524998e-02   1.1312752519666847e-02
  1282   8.2416923458816342e-03   2.9125710400036600e-04
  1283   1.2062650538492885e-03   4.7733569229334574e-03
  1284   9.3674835496914036e-02   1.0198310523587649e-02
  1285   4.6288121711246322e-03   5.1614531626870954e-03
  1286   1.1034821018597091e-02   1.5229873625533972e-03
  1287   3.0714297505196604e-03   6.4193380923186737e-03
  1288   2.4070772347724419e-02   5.7337726052444080e-04
  1289   1.7844979650455495e-04   1.9596939402431071e-03
  1290   9.0059623139315745e-02   1.9788716244778636e-02
  1291   1.7189285790755470e-02   3.6065169216308304e-03
  1292   5.0017179556432843e-03   3.1137071032165853e-03
  1293   6.8021054901867273e-03   1.8390290975736884e-02
  1294   9.1067288326568324e-02   3.6985741145245349e-03
  1295   1.2473051985747113e-02   1.1111958668717158e-02
  1296   1.5658042389002546e-02   2.3862601037898576e-03
  1297   1.6961751566374325e-03   4.0775462243412418e-04
  1298   7.9209002441636906e-04   9.4957493220063788e-04
  1299   4.6675386971881229e-03   5.0024326373029806e-03
  1300   3.3577184046662573e-02   2.3738775076283969e-02
  1301   8.4630406573757644e-02   1.0744796086796285e-02
  1302   2.3483680175480754e-03   7.1181811931201374e-04
  1303   1.1996858580596695e-02   2.3765759598233970e-02
  1304   8.7423434289900570e-02   9.1621197356297097e-03
  1305   2.6501268453718784e-03   4.4965162319532095e-04
  1306   4.3195106204392559e-03   5.7152180156773225e-03
  1307   1.0283459087945715e-02   3.8690127560736369e-04
  1308   1.4477971561472916e-02   1.2464241722864264e-02
  1309   1.1072273412010922e-02   1.7326062177503510e-03
  1310   7.6779713035707228e-02   3.6168196847932488e-02
  1311   2.3179917568690023e-02   4.4159274209901551e-03
  1312   1.1604883052287006e-02   2.1533399036545932e-03
  1313   2.7981318019334412e-03   3.4429294001545241e-03
  1314   5.8133978015871342e-02   3.5535421245461246e-02
  1315   5.9719576167662658e-02   1.0353067301816433e-02
  1316   3.2684640291249082e-03   3.7172937080740941e-04
  1317   8.7720504477960433e-04   7.1997133778598573e-04
  1318   3.7428327731652052e-03   7.1063316543319916e-04
  1319   1.1854631046635740e-02   3.0037528705777049e-02
  1320   8.3956451311597236e-02   4.9322254485149181e-03
  1321   5.7045604166106852e-03   7.3763558022772974e-04
  1322   1.0379312552595903e-02   1.2290585123420386e-02
  1323   1.5259765305087306e-02   7.5409431725450117e-04
  1324   6.9669592656215848e-02   4.1739162886515913e-02
  1325   2.6643349694325153e-02   2.0770976787432291e-03
  1326   1.7194663371636481e-02   7.6635685485639494e-03
  1327   1.5996304306111316e-02   7.2482878064701797e-03
  1328   8.0514929392950380e-03   3.9565519965399400e-03
  1329   5.2755507008936222e-03   3.4856685197691860e-03
  1330   9.4444561632021001e-02   6.7923810666442276e-03
  1331   1.1792432367318778e-03   1.0450811209643045e-03
  1332   9.8211796356250537e-03   5.1382932479894054e-03
  1333   6.6283840044301543e-03   1.8261461079973455e-03
  1334   1.2771540791420696e-03   1.4883658985258041e-03
  1335   9.2472676978087809e-02   1.5541605101001107e-02
  1336   3.5274318759987966e-03   1.6067286118076139e-03
  1337   2.3093254878466123e-02   7.0786283736270052e-03
  1338   2.8503025122124655e-03   1.9933194792228401e-03
  1339   8.6641077487654858e-02   2.4339623087049241e-02
  1340   2.2563560398655150e-02   1.2319753923232542e-02
  1341   1.4027210643606729e-02   1.9244576574241009e-03
  1342   2.4286906249386371e-03   1.0721839844332066e-03
  1343   1.2192646413296323e-03   2.0445195133248593e-04
  1344   8.6765541197756236e-04   3.2950830408424599e-03
  1345   4.1477146752283832e-02   3.9246642927222700e-02
  1346   6.6233165760333251e-02   3.3667728297859961e-03
  1347   5.0646865828215251e-03   2.1775654569428605e-03
  1348   7.9188535364701010e-03   2.1951482938212381e-02
  1349   8.9074540790906459e-02   6.5376411372800487e-03
  1350   3.9673052775655989e-03   1.9078232437834586e-03
  1351   2.4903648964450891e-02   4.1978686150716702e-03
  1352   2.5955304840446130e-03   3.2248703235147982e-03
  1353   8.3071851510211261e-03   6.1330514385371238e-03
  1354   1.9568500622304658e-02   5.8259894028338376e-03
  1355   1.5772774332450706e-02   2.4344659343421009e-03
  1356   8.5209525788089765e-03   2.5726234689793348e-02
  1357   8.7414355066242538e-02   6.1600831110719245e-04
  1358   5.4153625904172688e-04   1.2291151567580417e-03
  1359   2.8087340350479495e-02   4.0566939170584689e-02
  1360   7.0565918069607575e-02   1.2546260128342532e-03
  1361   1.0113688381894878e-03   3.3136612011273815e-04
  1362   5.8378196435349063e-04   2.4108073617345785e-03
  1363   2.5426619025716090e-02   2.3859127965081138e-03
  1364   2.5665208427276018e-03   6.2440728627929810e-03
  1365   7.9360747673314219e-02   3.2121571573982419e-02
  1366   2.7397458295439173e-02   4.1512516746248351e-03
  1367   2.9984320703956052e-03   5.2456333459691730e-03
  1368   2.3931482155474314e-02   1.7368482058859583e-03
  1369   3.7130448507708903e-03   1.4140732794445158e-03
  1370   6.7883588316723392e-02   4.2752034073264597e-02
  1371   2.8005171845492116e-02   5.5286844924264241e-04
  1372   8.7784514699256182e-04   1.6959173717101493e-03
  1373   9.9419315284265033e-03   3.8825233419363756e-03
  1374   9.9399629078253133e-03   9.0311579303425978e-03
  1375   8.6540576035679717e-02   2.5505234303540882e-02
  1376   9.1367514581455131e-03   9.2132685697819661e-04
  1377   2.3827051036201731e-02   6.1617186741003069e-03
  1378   7.0905550244258538e-03   2.3733200829243032e-03
  1379   1.1607367246210206e-03   1.4236265247466110e-04
  1380   1.3587347113372127e-02   2.2898812461979626e-02
  1381   7.3053829465048056e-02   3.0681313235301613e-02
  1382   3.4797281446368927e-02   4.1422725256264718e-03
  1383   3.0505335440846452e-03   5.7321909821689309e-04
  1384   1.0438534301051369e-02   2.8051958231351967e-02
  1385   8.5556805909659112e-02   4.2543618793173012e-03
  1386   1.1314970760057092e-02   4.4991115907073234e-03
  1387   5.2759213181992875e-03   1.8315717064079431e-03
  1388   1.3483636369524877e-03   3.8093601524990828e-04
  1389   1.1848429692112456e-02   1.2413383313519752e-02
  1390   1.4934976669340981e-02   4.6727509970880714e-04
  1391   8.8110197547861549e-02   2.4769719566351201e-02
  1392   7.1433356061221410e-03   6.6215877651387364e-04
  1393   1.0088126807604078e-02   1.4922351540972448e-02
  1394   7.7890835074568981e-02   3.2259183614522402e-02
  1395   2.3615541493350413e-02   4.2478000820875333e-03
  1396   2.3523792689488104e-02   4.0635533098075773e-03
  1397   4.3643964209157003e-03   1.6208162527398650e-03
  1398   2.3529373341299501e-03   2.3379362492493439e-03
  1399   4.8060948001591190e-03   8.8864302917845636e-04
  1400   1.3148923089071974e-03   4.9664366674097233e-03
  1401   9.4366320680861607e-02   6.1423625071461057e-03
  1402   8.0672912910946127e-03   1.1396879748845375e-02
  1403   1.8704005652330845e-02   1.6527730422010274e-03
  1404   7.6659456477969840e-03   1.4476732754626475e-02
  1405   9.0415735918956019e-02   1.4252280246610044e-02
  1406   7.2938024364882408e-03   5.2872765700818121e-03
  1407   1.0170750571461468e-02   1.3415932910903117e-03
  1408   3.7139062296966075e-03   8.3779697208898941e-04
  1409   2.0367148748266120e-03   6.2759445875832645e-03
  1410   2.3730376007365623e-02   2.4717609071999488e-03
  1411   8.7404645027487807e-02   2.5650082175514996e-02
  1412   8.2815018824281758e-03   3.6276864563214786e-04
  1413   8.1869557684038485e-04   5.2533607757738348e-04
  1414   1.8142841191401384e-02   2.5443516164120904e-02
  1415   7.9104820504534851e-02   2.4124331329823973e-02
  1416   1.7809802813207112e-02   8.4609484989513657e-03
  1417   2.0062741185311199e-02   9.9970892572641542e-04
  1418   1.8121610566196318e-03   1.4391435337770904e-03
  1419   2.2904665290585388e-03   1.2215682179280239e-03
  1420   4.6263405668201925e-02   4.6559724716137903e-02
  1421   5.0628792474731142e-02   1.0909446501807735e-03
  1422   5.4479452475330098e-03   3.0906502863638605e-03
  1423   1.0300308081657468e-02   1.1403509082770101e-02
  1424   1.6389347073898095e-02   8.6174011329834472e-04
  1425   1.4365560920416479e-02   1.8586297973699123e-02
  1426   8.2605025473865237e-02   2.6140885716584961e-02
  1427   1.2318188765447234e-02   2.9180896481201631e-04
  1428   9.9077187177870705e-04   3.2716946554975741e-03
  1429   2.3806623981813848e-02   6.2307131533416984e-03
  1430   1.6152801513934757e-02   2.8341401074794544e-02
  1431   8.4727141362855612e-02   2.9329461389069711e-03
  1432   5.0463427469743059e-03   1.7981699026360077e-03
  1433   8.3728907673877361e-04   6.9431651292251406e-05
  1434   4.2731319872381775e-04   2.0818166015971512e-03
  1435   2.9419603162266415e-02   3.3046569976715970e-02
  1436   7.7780314859819275e-02   7.7972919774545006e-03
  1437   1.0142566907726755e-02   8.5014927294120128e-03
  1438   2.0465796418971248e-02   1.1628071870348835e-03
  1439   3.3964696492784817e-03   1.6881445918963608e-02
  1440   9.1914394034375957e-02   2.0932288479652353e-03
  1441   3.4983468650890189e-03   4.7403437455699367e-03
  1442   2.2670663936601727e-02   6.9431373955252378e-03
  1443   4.2743787639854623e-03   5.9519541444916051e-04
  1444   3.5397893199054652e-03   5.4860298621095902e-03
  1445   1.0678198384602636e-02   9.8740944332798702e-04
  1446   2.9295751727027881e-02   3.9360713687252982e-02
  1447   7.1383805410874537e-02   4.2376917453508878e-03
  1448   1.4390890275202243e-03   9.1700096470754579e-04
  1449   5.8623988513100043e-02   4.5603282208931339e-02
  1450   3.8038923092341789e-02   5.0750563104559317e-04
  1451   1.4315458640366232e-02   1.2424441749386048e-02
  1452   1.1372854961324553e-02   4.4898031111826307e-04
  1453   1.6661815804170463e-03   2.5311329886406665e-03
  1454   1.9449086274157146e-02   1.0178703450212592e-02
  1455   9.1455492850364556e-03   1.5289098439317111e-03
  1456   6.4929195430722883e-02   4.3470850355015279e-02
  1457   3.2217543852287936e-02   3.1129864682028340e-03
  1458   6.1188410572268195e-03   3.4321294537957500e-03
  1459   1.3706173267565118e-02   1.2765687007389023e-02
  1460   9.0389823176723297e-02   1.5829672469000307e-02
  1461   3.6072493568158870e-03   8.3132490033115271e-05
  1462   5.4342158732033645e-04   8.9519627557460742e-04
  1463   1.1748841020303427e-02   4.7964271344490654e-03
  1464   3.7082987749654127e-03   4.6673348480002520e-03
  1465   2.6670170524796311e-02   1.3228210777162328e-02
  1466   9.0088506008508124e-02   1.4870182932862084e-02
  1467   3.5007843525655673e-03   1.7991138108877061e-03
  1468   1.8258599023835354e-02   1.0468523974553917e-02
  1469   1.1129486835909865e-02   2.3264831801694200e-03
  1470   6.4791470370285292e-02   4.3088514650090788e-02
  1471   3.3709039659383280e-02   3.0780610362436409e-03
  1472   3.9571490172777184e-03   1.2301066001686449e-03
  1473   1.2835262117949838e-03   0.0000000000000000e+00
