     9
     1    4.99999999999999888978E-01   -4.49452875919218997828E-16
     2    4.99999999999998556710E-01   -6.38930333404438149131E-16
     3    4.99999999999999777955E-01    1.25294426057164847419E-15
     4    4.95335600245434437561E-01    9.64730163520290118218E-02
     5   -1.49533560024543588085E+00    1.88587653543846918624E-14
     6    4.96658206666427459730E-01    8.16848767181616586264E-02
     7   -1.49665820666642934711E+00   -5.59205779661869760953E-15
     8    4.99999999999997224442E-01    1.99999999999999933387E+00
     9    4.99999999999998001599E-01    0.00000000000000000000E+00
