     9
     1   -5.00000000000001998401E-01   -1.00000000000000000000E+00
     2   -5.00000000000001776357E-01   -5.25583260225368368131E-15
     3   -1.46803640606445928718E+00   -2.59341173545535375045E-01
     4    7.24812328518971149549E-01    6.71917497995293433455E-01
     5    2.24322407754548391878E+00   -5.50273519142599738498E-14
     6   -1.49883276315552027569E+00   -4.83022902884444951810E-02
     7    4.98832763155519942622E-01   -6.51758031119750213219E-16
     8    4.99999999999999555911E-01    6.53643150953603591451E-16
     9    5.00000000000000333067E-01    0.00000000000000000000E+00
