  1000
     1  -1.3481882962374394e+00  -5.3722239113581072e-01
     2   4.8428123980178861e-01   1.1205217395406366e+00
     3  -2.5898023844313123e-01  -8.7001189184003580e-01
     4   2.1357916269028004e-01  -8.8628250183564838e-01
     5   4.8370096310561661e-02   6.1173437162689481e-01
     6  -4.4184135227393451e-01  -1.1886545847785328e+00
     7   6.8866944753884995e-02   6.7334145627968367e-01
     8   1.8811595013034310e-02   1.0797496183633566e+00
     9   1.7586910289587254e-01  -1.2173121715693318e+00
    10   4.5595808696007301e-01  -1.0054143981223211e+00
    11   1.2719272948446531e-01   1.6329423838128392e+00
    12  -8.4082053756532438e-01   9.3533615462388375e-01
    13  -5.5710473946311223e-01   1.3847554848888772e+00
    14   9.2692308646830424e-02  -1.4941896821665295e+00
    15   1.4305968553533427e-01   1.9801847546761828e+00
    16  -8.1574267826016303e-02   2.2001776929651640e+00
    17   6.9462529774914505e-01  -1.7859622095635541e+00
    18  -7.6244515695391024e-01  -1.6439087169597759e+00
    19   1.2572983513586292e-01   2.0184078810507273e+00
    20  -5.3036056626756545e-01   1.7736154402941475e+00
    21  -4.8713811387877520e-01   2.1054487750394366e+00
    22  -5.6346356785514018e-01   1.2424043763258945e+00
    23   1.1456436009783291e+00   1.8183390762580871e+00
    24  -2.3077769607002990e-01  -2.1020531355448764e+00
    25   6.7591011053376426e-01   1.9109775807162837e+00
    26   5.8843820189597296e-01  -2.1550776899888531e+00
    27  -9.7385036960684201e-01  -2.2286597560925836e+00
    28  -4.2832211963785956e-02   1.9612164793699596e+00
    29  -2.0726422612198298e-01  -2.5770231954116278e+00
    30   8.7448512552240365e-01   2.1370173871338198e+00
    31  -2.9435304982131572e-01   1.5314936035822218e+00
    32  -1.1244287785152238e+00   2.2471735718019556e+00
    33  -1.4427134909429040e-01   2.7062085395169451e+00
    34  -2.5900689020065948e-01  -2.0916522769618697e+00
    35   4.3854607482083530e-01  -2.5945228777095206e+00
    36   1.2675124718198982e-01   2.8295896754225272e+00
    37   7.4185262185907030e-01  -2.2934967703283653e+00
    38  -2.1083124673781817e-01   2.6141224469221465e+00
    39  -4.3225931481741142e-01   2.6263639925578484e+00
    40  -3.7531883225357154e-01  -2.7789511259262993e+00
    41  -5.7819013297727562e-01   2.0832477364887088e+00
    42   6.8879147928800344e-01   3.1947931853716094e+00
    43  -1.5530677631372649e+00   2.7957218753349720e+00
    44   8.1218175905610090e-02  -3.2205915936747243e+00
    45  -1.4395424836797358e-01   4.0854748373246448e+00
    46  -7.7197174816311831e-01  -2.9389675812631708e+00
    47  -1.2965200438071816e-02   3.4302437460272337e+00
    48  -3.9360397946191639e-01   3.4129074572860016e+00
    49   9.2106630604336670e-01   3.4596258406410034e+00
    50  -5.1043023061389192e-02   3.1881787095219702e+00
    51  -4.6425974285200367e-01  -3.0001406430946753e+00
    52   3.1015782593851227e-01  -2.9025313543779987e+00
    53   5.1273873443593276e-01   3.0860433933312157e+00
    54   8.0572636782059293e-01   2.7011219012269794e+00
    55  -1.3154708020787347e+00   2.5068157098170478e+00
    56   7.0735428721119309e-01   2.8035149841592992e+00
    57   1.0848074732024138e+00   3.2654656961367632e+00
    58   2.8595503484167384e-01   3.0326694804643526e+00
    59  -4.7807417897654247e-02   3.7686859803786601e+00
    60   2.7221872729327901e-01  -3.7548762674713334e+00
    61   1.4237198934624642e-01   2.8569845730568435e+00
    62  -1.2764368274241589e-01   3.1543027278394797e+00
    63  -1.6333250565050592e-01  -2.8466925771066354e+00
    64  -2.7614870128488578e-01   3.2824026604322620e+00
    65  -4.3587096481632109e-01  -3.6506611955626349e+00
    66  -6.3188980194961009e-01   3.4374752003032505e+00
    67  -7.3921615299531329e-01  -3.5709447545601742e+00
    68  -7.6684365739673299e-01  -3.2491464410677691e+00
    69   3.6434645340110572e-01   3.2815712885107735e+00
    70   4.0637232605170592e-01  -3.4320897311139027e+00
    71   1.2057833682796764e+00   3.2386680697219474e+00
    72   4.1637682545779847e-01  -3.2834943743851106e+00
    73  -6.9803956091098684e-01  -3.4045983079269315e+00
    74   2.5626370030031936e-01   3.2855249898926315e+00
    75  -3.0061643344710037e-02  -3.5383480074313272e+00
    76  -1.2232169940802411e-01   4.0166137675969695e+00
    77  -2.0316010766087905e-01   3.4791287176750081e+00
    78  -1.1612578316074978e-01  -3.0284295770813388e+00
    79   4.4380559668577213e-01   3.2779682132087467e+00
    80  -1.2811772056223274e+00   3.4349857582537910e+00
    81   6.8718427318716649e-02  -3.8377186230048559e+00
    82  -6.7499927966145779e-01   3.5694672345264618e+00
    83  -2.0114100320511141e-01   3.7505723086993439e+00
    84   1.1529331676129147e-01  -3.6291893479374240e+00
    85   2.5352811727827312e-01  -3.7020992777502206e+00
    86   1.2154397276593169e-01   3.9356894867565786e+00
    87   9.7007349589923952e-01   3.5200494385203984e+00
    88   3.1282568017794005e-01  -4.1369689796167659e+00
    89   1.6602343650574496e-02  -3.7741936292445089e+00
    90   3.8002032619957793e-01  -3.4408464914715928e+00
    91   1.3916295765640365e+00  -4.3433006667572878e+00
    92   7.4453835081433284e-01  -4.1664878763098372e+00
    93  -1.2114595055711860e-01   3.9909603395025117e+00
    94  -1.0359995619773095e+00  -3.9060965864660142e+00
    95  -9.2983825928864727e-01   4.0811488816319983e+00
    96  -2.3212807548988146e-01  -4.2468778743656141e+00
    97   7.9731805143352791e-02  -3.9438154866582695e+00
    98  -5.3433434819222025e-01   3.6133076709447205e+00
    99  -5.2271922795358328e-01   3.9264684740251878e+00
   100   8.3247906935813831e-01   3.8357424403516718e+00
   101   4.0545917860115238e-01   3.5812658653146134e+00
   102  -6.2557709226428238e-01  -4.0431079657879785e+00
   103   8.7940262302019373e-02  -4.5233673383887938e+00
   104   5.4839417255562650e-01  -4.6477879132933788e+00
   105  -1.3705845106627912e+00   4.3629169125432083e+00
   106   4.3064081593440062e-01   4.2821961757523876e+00
   107   1.4436290973494807e+00   3.9134731162373830e+00
   108  -5.8860594214587203e-01   4.1224147055885689e+00
   109   3.7447359088225424e-01  -3.9383000105918238e+00
   110  -3.6529949449245336e-01  -4.0981579083306423e+00
   111   3.8861768462830282e-01  -4.1091911125647682e+00
   112  -5.8068249735580793e-02   4.7305316516966620e+00
   113   6.4713908034792755e-01  -4.1655832558915868e+00
   114   1.2453396446799030e-01  -4.1101590743642085e+00
   115   3.2530852410591637e-01   4.5651931109926913e+00
   116   4.9036595325843679e-01  -4.5631915670497092e+00
   117  -5.2180873058797905e-01  -4.1576825677944607e+00
   118   4.2795346513032084e-01  -4.7808751718449214e+00
   119   1.5529827357600821e+00  -4.0464230978695408e+00
   120  -1.3918053968657904e+00  -4.2150377038391458e+00
   121  -5.4072952118386064e-01   3.8945406768271886e+00
   122  -3.3233598914621670e-01   5.2200685763548060e+00
   123  -7.4082670183817179e-01  -4.3546432221266276e+00
   124  -2.6228678588838328e-01  -4.4428847809474625e+00
   125   7.8367928910735496e-01  -4.4816593604629409e+00
   126  -5.6665773900468153e-01  -3.9481531426186094e+00
   127  -1.0450936562956988e-01   4.7075439299324158e+00
   128   2.2958842327903142e-01   4.4963843917880464e+00
   129  -1.5612307845763088e-01  -4.6366587492238560e+00
   130   6.1745584374007578e-01  -4.6632406494127183e+00
   131  -5.6136158317229112e-01  -4.7202347740729422e+00
   132  -3.3715837152150696e-01   5.0371481513709009e+00
   133  -4.3460152468809819e-02   4.3629461595513339e+00
   134  -1.0991362285133994e+00  -4.9606368473651195e+00
   135   2.3396635568520618e-01   4.6529052346591238e+00
   136   4.1036533615966198e-01   4.2764813053094555e+00
   137   3.5615474103612060e-01   4.9361042712996852e+00
   138  -3.4657233231761625e-01  -4.3700441250290494e+00
   139  -1.7046826931785758e-01   4.6439728459499143e+00
   140  -6.9537439069305451e-01  -4.9482725240641905e+00
   141  -1.7250441316134274e-01  -4.4848244966932480e+00
   142  -9.8890224009115679e-01   4.7835295656590899e+00
   143   4.7375060515198464e-01   4.8940468363978695e+00
   144  -6.5990791554731398e-01   5.3617391041998701e+00
   145   2.9581896936356072e-01  -4.8660671939033273e+00
   146   6.1964746510120994e-01  -4.4727889891770332e+00
   147  -6.3383898851175990e-01   4.5319324278734570e+00
   148   1.6370050527870639e-01   5.2017267019751108e+00
   149  -1.7155292291116577e+00   4.5171991482949183e+00
   150   6.1629412107198656e-01   4.4446302015031112e+00
   151  -7.1319950913756558e-01   4.9673861737382774e+00
   152   4.6330804257112418e-01  -4.9877178637342414e+00
   153   7.1431495484614549e-01   4.7301199536247553e+00
   154   2.4951370072799248e-01  -5.0993534785335886e+00
   155  -6.2226409628446933e-01  -5.0014907011906793e+00
   156   5.3273238172861481e-01   5.2593112298325755e+00
   157  -5.6914797889120394e-01  -5.6408013042044614e+00
   158  -5.8886409064838008e-01  -4.7397069312105629e+00
   159  -2.2885948775562648e-01   4.9160214827849282e+00
   160   7.3188443163497752e-01  -4.9031517570839886e+00
   161  -2.5218172990073262e-01   5.0939182068549052e+00
   162  -1.3965280275686114e+00   5.6895827567116344e+00
   163  -1.3045889728869318e+00  -5.2766153945786494e+00
   164   6.0793438759474516e-01   4.9231342590600820e+00
   165   1.1608585694400986e-01   5.0267483101642672e+00
   166   3.1296476961547492e-01   5.2767979902158864e+00
   167   1.2800618744138020e-01   4.9741338101025301e+00
   168  -6.5277266694711744e-01  -4.8400686067406165e+00
   169  -3.7122706545100431e-01  -5.7311538423538302e+00
   170   5.9343615041642972e-01  -5.2479142167326343e+00
   171   4.4205082692406822e-01  -5.9639591260129423e+00
   172  -6.2950501134705983e-01   5.9883026427410391e+00
   173  -6.8720222871248227e-01   5.2956244551143214e+00
   174   8.5912766454069200e-02  -5.9652184718334933e+00
   175  -1.2231533044753075e-01   5.1284983775013879e+00
   176   1.7159965794724077e-01  -5.4094501946532656e+00
   177  -7.3495983651992047e-01   5.7920575093304851e+00
   178   4.8042224475059452e-02   5.2731336578500629e+00
   179  -7.8701564426841863e-01   5.1699374498117656e+00
   180  -6.8670728348856958e-02  -5.8959798197220961e+00
   181   1.2412148197597388e-02   5.5861463795689286e+00
   182   1.7873449345071630e+00  -5.6448771968478137e+00
   183   2.4403494328155448e-01   5.7805680636458776e+00
   184  -6.0697972670439115e-01   5.6543812782559248e+00
   185   1.3524908512116693e+00   5.3877355729001835e+00
   186   9.1793341482575574e-01   5.7791174022999119e+00
   187  -9.6923182028581273e-02  -5.1166270218364058e+00
   188  -4.3632575373838045e-01   5.7994845970755975e+00
   189   1.2529579341950808e-01   5.7861755718594594e+00
   190   7.3772222224444095e-01   5.5016506644274443e+00
   191   1.1170603970039944e-01  -5.5633959675216609e+00
   192   3.9168710649852356e-01   5.5055878214797485e+00
   193  -8.4473730800616420e-01  -5.9566953372799443e+00
   194  -1.4298728195124679e+00  -5.8281766798401762e+00
   195   3.3671838997547077e-01   5.8945892445420958e+00
   196   1.6964614561788777e-01   5.5179324725831664e+00
   197  -6.8905043573301416e-03  -5.4811155433330399e+00
   198   1.5917331179928354e-01  -5.7742334251521585e+00
   199   8.3565909207531830e-01   5.2009283680937921e+00
   200   3.7947762505929777e-01   5.6590476249885278e+00
   201  -6.4467397828407748e-03  -5.7370958583080656e+00
   202   1.3607046337714729e-02   5.9575725398058088e+00
   203   2.1533493392956354e-01   5.6727126774261114e+00
   204   5.1657319406533586e-01   6.1944800680418366e+00
   205  -3.7465783189417134e-01   5.3765363396278145e+00
   206   1.4780315433719599e-01   6.0607862014543619e+00
   207  -2.0446767529640994e-01  -5.3840238197741064e+00
   208   1.7673132229042779e-01   6.1368355539469954e+00
   209   1.4309690903576619e-01  -5.9276762004032948e+00
   210  -6.4967298702450182e-01   6.1433447925082927e+00
   211  -4.5021114258044709e-01   5.6021333333804835e+00
   212   2.1278337473439218e-01  -6.0008661690881206e+00
   213   2.4371715704882799e-01   6.4200307280327058e+00
   214   8.9413984482309683e-01  -6.0589807559405120e+00
   215  -1.6832798033080149e-01  -6.0534784613793367e+00
   216   5.7328800579329997e-01  -5.7721603130584134e+00
   217  -2.6333032765553859e-02  -5.8085902834152057e+00
   218   7.8866283286702432e-01   6.2462830713660358e+00
   219   1.3229296367423549e-01   5.9240062894667274e+00
   220  -1.9591472437112956e-02  -5.9700551125157233e+00
   221   1.1604782576985800e-01  -5.9070655017139400e+00
   222  -5.4648028194191833e-01  -6.1572598195238193e+00
   223   1.3571631546401741e-01  -6.8808557228015053e+00
   224   1.4585693000036531e-01  -5.7136110724955964e+00
   225   8.6854267276330444e-02  -6.2473401613277817e+00
   226   9.4477184384536372e-01  -6.1103563627892568e+00
   227   3.3638874563250792e-01   5.8502469508607078e+00
   228   5.9316729564868287e-01  -6.3368034588239350e+00
   229   4.6573300437060450e-01   6.3204538437654403e+00
   230  -3.3460959929833767e-01   5.7520878601552727e+00
   231   9.9912097872246308e-02   6.5496312098044243e+00
   232  -1.8747546144688199e-01   5.9514012994755996e+00
   233  -1.7801920001194985e-01   6.1854799132334159e+00
   234   9.4800191974046377e-01  -6.3222873973534996e+00
   235  -1.9533928298660447e-01  -6.2848499769700679e+00
   236   4.9465329537861019e-01  -5.9256584316519998e+00
   237   9.3226781713414586e-01   6.5689908477566625e+00
   238   2.5021336354755402e-01   5.8886536230051085e+00
   239   2.3290501890811680e-01   6.4328479000252567e+00
   240   2.9065727042384093e-01   6.1999966149769623e+00
   241   6.0968221888587726e-01   5.9253336094237898e+00
   242   3.0772831758639785e-01  -6.5349609281918841e+00
   243  -2.0086608061350422e-01  -6.1086514943664465e+00
   244  -7.0141434779880607e-01   6.3369408228697273e+00
   245   5.6013382334586539e-02   6.1433465963524281e+00
   246  -2.9835880768664197e-01  -6.3297015525211444e+00
   247   4.1652034694638446e-01   6.4569465378441855e+00
   248   7.0316596204428039e-01   6.6578127305974695e+00
   249  -8.8036325913918667e-01  -6.3691246798403860e+00
   250   3.7547174350646334e-01   6.6227100415388032e+00
   251   9.1211829310167466e-03   6.5218832452310220e+00
   252   4.2973789688854735e-01  -6.9378495626900092e+00
   253   1.3108984762699966e-01  -6.7494559726352668e+00
   254  -3.4778635929604834e-01   6.2495419586696501e+00
   255  -3.4136866920513098e-01  -6.6533920420726531e+00
   256  -2.3013438973919748e-01   6.1021325792770389e+00
   257  -2.0974697703045869e-01  -6.7448994739065666e+00
   258  -2.0083936211370335e-01   6.2998045290417348e+00
   259   4.2053554930671734e-02   6.3475438335425771e+00
   260  -1.1018332708338471e-01   7.2392699902979301e+00
   261   2.6719085081712557e-01  -6.8154620213352901e+00
   262  -4.0114567071558360e-01   6.6806528558111751e+00
   263   3.3133649696634526e-01  -6.2896336230501912e+00
   264   3.2204940782260438e-02  -6.7286995021404898e+00
   265   5.9229066415625931e-01   6.5439356466711152e+00
   266   7.9293248587516726e-02   6.8315609174436798e+00
   267   7.0465972442593083e-01  -6.9587577813882362e+00
   268   5.8690015931799899e-01  -6.8363330651171221e+00
   269   3.4665579935823460e-01  -6.7514781827363768e+00
   270   4.4062407391212560e-02   6.6853573835179638e+00
   271  -9.5020167866330940e-01   6.1043245677862386e+00
   272  -1.0607829999805862e+00   6.4134986554998168e+00
   273  -5.1091719040068118e-01  -6.8878874750494665e+00
   274   9.7699743605131867e-02   6.6773850044815628e+00
   275  -1.6857728066108321e-01  -6.3425065250833601e+00
   276  -2.1576304093007848e-01   6.1571095253714816e+00
   277  -5.3844588784341652e-01   6.5599896186298263e+00
   278   1.8336691391494958e-01   6.6832467686965220e+00
   279   1.4428446468952991e-01   6.4156068549095675e+00
   280  -1.7640175988434526e-01  -6.3718360928774116e+00
   281   4.2735662599909130e-01  -6.4800244007494019e+00
   282  -7.0761796064739479e-02  -7.4515011217672278e+00
   283  -2.6145660445163021e-01  -6.8484821792498707e+00
   284  -5.6142520792817319e-01  -6.9586160723748920e+00
   285   1.0396264309191496e-02  -6.9412841113507993e+00
   286   1.4828891927705443e-01  -6.6283459766048951e+00
   287  -6.4521223923863155e-02  -6.9238410302768427e+00
   288   1.6559789877282149e-01  -6.9221152098188643e+00
   289  -2.5691005838102310e-01   6.6585891664224528e+00
   290  -4.2507661504983130e-01  -7.1197226510711413e+00
   291  -1.0943110846453574e-01   7.0281320721569989e+00
   292  -9.7277224184555988e-01   6.5923863652484966e+00
   293   1.1108790991412703e+00  -7.3862498951104900e+00
   294   3.8974133854079923e-01   7.0403489300820512e+00
   295  -3.4408487013698574e-01  -6.9784634253479467e+00
   296   4.0050235362491426e-01  -7.0641191309688667e+00
   297   1.4952628517014539e+00   6.8207118047583650e+00
   298  -3.0456120918267754e-01   7.6230436897435245e+00
   299   3.4015624302064357e-01   6.7326853005563088e+00
   300   2.5316169933448318e-01  -6.5144160949398895e+00
   301   1.5486263986252893e-01  -7.3354061346516390e+00
   302  -3.3848508148992457e-02  -7.3304004578025213e+00
   303   2.4022800379246614e-02  -7.1566045609443423e+00
   304  -6.3357734833209012e-01   7.4085129886554881e+00
   305   3.6728079972095085e-01  -7.0749731745092959e+00
   306   3.0998774530039397e-01  -7.2413185283626804e+00
   307   2.7142104446926740e-01  -7.5369248177864971e+00
   308  -2.0855904060460559e-01  -7.0619674607953824e+00
   309   1.5669396257353060e-01   7.1936757963071374e+00
   310   1.3882590132753994e-01   7.6766933895694889e+00
   311   5.2470636157376827e-01   7.5439873389920411e+00
   312   3.5106318155968275e-01  -7.3814029482726626e+00
   313  -1.1129502410817160e+00   6.9952465699277608e+00
   314  -3.5373745751750724e-01   7.1810170327040357e+00
   315   8.1293331220256282e-01   7.0017531768080490e+00
   316   1.1796823080505332e-01  -6.9062614709965313e+00
   317  -7.3697993368617752e-03  -7.9192058408178410e+00
   318   8.6062847968748468e-02   7.2435594761299607e+00
   319   5.2977072438055439e-01   7.3893484184456133e+00
   320  -5.9077795040098080e-04   7.4428092541906343e+00
   321  -2.3553168944479397e-01  -7.3083984752781754e+00
   322   4.2351865543372033e-04   7.2416861633182723e+00
   323   5.6354790860026938e-01  -7.1318803297750666e+00
   324   1.4806369932031549e-02  -7.5929334622647433e+00
   325  -5.6425550822392001e-01  -7.5074837131087033e+00
   326  -3.1620186769110825e-01   8.1057788554299712e+00
   327   7.1705743956944401e-02   6.6728857077990718e+00
   328  -9.3122610235401160e-01   7.2824963414705461e+00
   329   4.7083383249335226e-01  -7.3160213643996359e+00
   330   8.2809347597028737e-02  -7.7388551531177949e+00
   331   1.2076236476448170e-01   7.4487032503681405e+00
   332   3.6739951160406092e-01  -7.4958485306418448e+00
   333  -4.0730836060819964e-01  -7.8705781371705834e+00
   334  -3.0472872866456957e-01   7.8107994083565213e+00
   335   6.5478219294997930e-01  -7.4360980722890311e+00
   336   8.2698918201507432e-02   8.0927052256082970e+00
   337  -1.2983309508219121e-01  -7.6085686146378233e+00
   338   1.6327667133485865e-01   7.7919520083642384e+00
   339   9.2521377308748776e-01  -8.0320394672666939e+00
   340  -6.2988968600603390e-01   7.4594540491407662e+00
   341   6.6654390762829974e-01  -7.3526668663074917e+00
   342   1.5941965828722052e-01   7.2191054915047266e+00
   343   5.4899948713814906e-01   7.2988276961912293e+00
   344  -8.4829484924567566e-01  -7.5283074148167444e+00
   345   9.6660846640893375e-02  -7.7234803390220401e+00
   346   7.1955378036686357e-01  -7.9103874241653758e+00
   347   1.0899152722999566e+00   7.8184561384699762e+00
   348  -6.6780695091434550e-01   8.1417841504587933e+00
   349   3.5224513474195662e-01  -7.5764811645186274e+00
   350  -4.5368112986954545e-01   7.0410580088626649e+00
   351  -6.5155131903059027e-01   7.6718966586862054e+00
   352  -6.4568792568844324e-01   7.6191968239209187e+00
   353   1.1937974483116303e+00   7.7406996917380404e+00
   354   3.3792516465890787e-01  -7.1616423914288490e+00
   355   6.5750599913097299e-02   7.7523938350252157e+00
   356   1.7914452383771351e+00   7.3272817308962344e+00
   357   8.4308946304376975e-01  -7.4836649697881610e+00
   358   2.5748397276892221e-01  -7.4878983146072766e+00
   359  -4.3769046106816356e-01  -7.8378949057281755e+00
   360   8.4304785592054204e-02   7.5061249829639447e+00
   361   2.7013700485424508e-01   7.7987820077999803e+00
   362   1.3971664729681302e-01   7.9938363683447351e+00
   363  -2.8716680842049469e-01   8.0670745998790689e+00
   364  -1.0214327620474684e+00  -7.8748175165608307e+00
   365   2.2714217810036141e-01  -7.7053600768609671e+00
   366  -1.5251624942490818e+00  -8.0461790475160537e+00
   367   4.6514125929102118e-02  -8.1107977618165190e+00
   368  -4.4677394463156195e-01  -8.1946842607648538e+00
   369   5.6179224049644105e-01  -7.5850878218450442e+00
   370  -8.9609299997162284e-01  -7.8007138855774576e+00
   371   3.3333963599083621e-01   8.0782145521648427e+00
   372   7.0750535135084891e-01   7.8436404053608948e+00
   373  -5.8837595766131390e-01  -8.1497511056129905e+00
   374   4.7652820313465083e-01  -8.1712387718374213e+00
   375  -9.2831852187893649e-01   8.3352210867534318e+00
   376  -3.2313352073197132e-01   7.7720099657922725e+00
   377  -6.5115451995751694e-01  -8.2438789707966151e+00
   378  -1.6976434891972439e-02  -8.0244716148982338e+00
   379   1.2735097848444281e+00   8.2000464238600355e+00
   380   3.5339189376155677e-01  -7.8249346400698565e+00
   381   3.3686484583662629e-01  -7.5747265590084085e+00
   382  -6.2493799084306445e-01   7.5636454348085742e+00
   383  -9.4906004507153904e-02   7.7432098498830637e+00
   384  -7.4200237455813878e-01   8.2346171437122084e+00
   385  -6.4250020900545146e-01  -8.1045747039102700e+00
   386   4.4653237574212556e-01   8.1537092225232168e+00
   387   3.7232649213187385e-01   7.7016192447331804e+00
   388   8.4698358689977660e-01  -8.1129491665279350e+00
   389  -8.3697205583371670e-01   7.8367875102772420e+00
   390  -3.2608925175665948e-01   7.9553966587884117e+00
   391  -9.8046323817793368e-01  -7.5068662171797573e+00
   392   3.3060399786197658e-01   8.1026572050615258e+00
   393  -3.7395263178827415e-01  -7.7474541986321466e+00
   394   2.7592065372343505e-01   8.1432545177634594e+00
   395   4.1176957198616033e-02   8.2470611489260381e+00
   396   4.0663510664055630e-01   7.8205914066086955e+00
   397   3.5529741952903476e-01   8.6607365082558694e+00
   398   2.1720437268301107e-01   8.0528526288976732e+00
   399  -2.6536922748406994e-01  -8.6828514446443830e+00
   400   5.2844025586865462e-01  -8.2074869889353916e+00
   401  -1.5691175350521591e+00  -8.0276466673486784e+00
   402  -4.1243132326220894e-01   8.0928616160400129e+00
   403   2.6861945938820275e-01  -8.2533851275918177e+00
   404   2.3919067873078420e-01   7.9175509267156254e+00
   405  -1.5673451216216503e+00   8.6403393419715346e+00
   406  -4.8044003185933992e-01  -8.5044328491554637e+00
   407  -3.2841663532867722e-02  -8.3905722390029140e+00
   408   2.9385329735726416e-02   8.5058677430063714e+00
   409  -1.9890901428232444e-01   8.3558928091311966e+00
   410  -4.5556859569808794e-01  -8.1829633647508793e+00
   411  -2.9442217367667689e-01  -8.4425797003173528e+00
   412   8.6456810076379842e-01  -8.2439572077536525e+00
   413  -2.2752699571187526e-01  -7.7724142829475298e+00
   414   1.2193003985597430e+00   8.5335690557624879e+00
   415  -3.0798634153656179e-01  -8.4088294936998054e+00
   416  -2.9643568213839039e-02   8.2909990427344180e+00
   417   7.0940757776281749e-01   8.5958213749783088e+00
   418  -3.5201994570656855e-03  -8.4646337065838839e+00
   419   5.4914790826344095e-01   8.3547916441746146e+00
   420   8.3990579515131281e-02   8.7275440755929026e+00
   421  -3.1025627965883773e-01  -8.5192163617633305e+00
   422   1.0628412110169023e-01   8.2572405331586083e+00
   423   3.4463264486094158e-02   8.5547543544975078e+00
   424  -4.0309234840248143e-01  -8.4236054046964526e+00
   425  -5.6054321618623415e-01   8.6748036349201723e+00
   426   7.5336667615766584e-01  -8.6457405709783686e+00
   427   6.3635030291372929e-01  -8.5132503233538124e+00
   428  -3.9824462560073526e-01  -8.3780370043024721e+00
   429  -1.1954502420772284e-01   8.1198634490084824e+00
   430  -1.3346867343886806e-01  -8.6839981083010951e+00
   431   6.5461119550834213e-01   8.4891114592017338e+00
   432   5.6404054934085990e-01   8.0290483436410387e+00
   433  -6.2045806750213961e-01  -8.7625978052882445e+00
   434  -1.8661553480042156e-01  -8.2230503089513736e+00
   435   1.9266579737717945e-01  -8.4436347056082539e+00
   436  -7.6193626791595648e-01  -8.2014738888856282e+00
   437  -1.0676341015217874e-01  -8.1901414697225920e+00
   438  -3.6937989484550571e-01  -8.6560112623431440e+00
   439  -1.3909954524828028e-01   8.7730826154967456e+00
   440   3.1684227047175562e-01  -8.5763509510919196e+00
   441  -5.7680019502062074e-01  -8.2537187560999001e+00
   442   2.1343246898578164e-01   8.7220216220270004e+00
   443   1.4935276725131058e-01  -8.4263737753312871e+00
   444  -3.9569390148139855e-01  -8.3608965127357404e+00
   445  -3.4384812819207272e-01  -8.6629917756495498e+00
   446  -2.0576561346752947e-01  -8.5012480033339397e+00
   447  -5.6083992631763335e-01  -8.6443475616258638e+00
   448   1.1961697589704876e+00  -8.9306934602557497e+00
   449   1.7071426588953506e-01   8.7815707702456827e+00
   450  -2.3488263636034545e-01   8.4782863231833083e+00
   451   3.3392613042691999e-01  -8.2821335190930245e+00
   452   1.0806833276677974e-01  -8.8230827828037732e+00
   453  -1.8327536410304024e-01  -8.5540542575951246e+00
   454   4.0013791352613293e-01  -8.5566115529193674e+00
   455   2.0669929526881098e-01   8.8934576299058001e+00
   456   1.2876077763189937e+00  -8.7089502211787035e+00
   457   5.0885312173108199e-01  -8.9278710329624360e+00
   458   2.0197918417713345e-01  -9.4318983555070801e+00
   459   5.6579262274417719e-01   8.7754834854298327e+00
   460   9.5437181156317585e-01   8.8668365076963394e+00
   461  -1.4153301209676047e-01   8.3799681842760361e+00
   462   7.4842239515410336e-01   8.6564064206990974e+00
   463  -9.6215152749227831e-02   8.5031985119541122e+00
   464   9.0134325214062705e-01   8.6639727868521188e+00
   465   5.5903567040209556e-01   8.9414208367287475e+00
   466  -8.6039258210909364e-01  -8.5936578209743555e+00
   467   4.9805286940229831e-01  -9.0918102789885396e+00
   468  -5.8159314397087485e-02  -8.6596269655490321e+00
   469   4.6565725333327446e-01   8.7611731572130971e+00
   470  -1.0774709334850474e+00   8.8113397934130848e+00
   471  -3.5093879802251521e-01   8.8303736475993233e+00
   472   5.3714698307386755e-01   8.8559394692234417e+00
   473  -8.6861583960935729e-01  -9.3440182646307957e+00
   474  -5.4381758890634813e-01  -9.0293193831978993e+00
   475  -5.9712790259219314e-02   8.8473078794077153e+00
   476  -2.6639052593532714e-01   8.9039348518441130e+00
   477   6.0985002173952674e-01  -9.3333600191545933e+00
   478  -4.4585218955273087e-01  -8.8778439023216329e+00
   479   1.4341346154202419e+00   9.0528006400932330e+00
   480   9.0825421782250038e-01  -8.3448414555924817e+00
   481   9.3578864283639362e-01   8.5191820552776178e+00
   482  -1.2262208293688768e+00  -8.8297689702825384e+00
   483   5.1189009537620911e-01  -8.7055411755892997e+00
   484   5.3212436333121049e-01  -8.8106617659872057e+00
   485   1.7606837339710198e-02  -8.7548782262671345e+00
   486   1.0915493349719771e+00  -9.2305385456788063e+00
   487  -2.8344650981721409e-01   9.0657629790396932e+00
   488  -3.5882304489294115e-01   9.1150694783303852e+00
   489  -1.9946077184405844e-01   8.8888423677092963e+00
   490  -2.2747922743666693e-01   9.2023884158687359e+00
   491  -6.6502794451318148e-01   8.8441829738150286e+00
   492  -2.7426002049416365e-01  -8.9362112923615413e+00
   493   5.6853544628471475e-01  -9.2369263460856477e+00
   494   4.8667829689850339e-02   9.0268841103944926e+00
   495   8.7599114562828617e-01  -9.0291504823050328e+00
   496  -1.0121016063092826e-01   9.2179376160267132e+00
   497   2.7205141038544284e-01  -9.0148157114886480e+00
   498   1.7301529332403937e-01   8.6689017721787440e+00
   499  -1.6462794545959537e-02   8.7788565514191603e+00
   500  -5.0797818029178390e-02  -9.2082237249299848e+00
   501   1.2161031050475381e-01  -9.0319038772715690e+00
   502   2.6861892440037710e-01  -8.9248992103352940e+00
   503  -5.1062944263903487e-01  -9.1216991724023320e+00
   504   6.4716070968424722e-01   9.1364656385100727e+00
   505  -6.2751984437752273e-01  -8.9616747170823050e+00
   506  -5.3662386241125452e-02   9.6831506710240429e+00
   507  -4.0484440275835920e-01   9.1088193972213478e+00
   508   8.7885979370380785e-02   9.0218881122228112e+00
   509   4.2763513362095229e-01   9.5711962670740469e+00
   510   3.9544012418793344e-02  -8.9662614219270580e+00
   511   8.6474484958849729e-01   9.1399760579258320e+00
   512   1.7459926736964368e-01  -9.2123494271232840e+00
   513  -3.0965303508342595e-01  -9.0338145722117158e+00
   514   9.8776936591402731e-01   8.9984819347097247e+00
   515  -6.0015288718477056e-01  -9.2726722194304259e+00
   516   5.1382790110938026e-01   9.8573976377547510e+00
   517  -3.7437679003215912e-01   9.3775419683793224e+00
   518  -3.5419740178638237e-01  -1.0371783066501630e+01
   519   1.1014667852087823e-01  -9.6297164289076864e+00
   520   1.1678477238925183e-01  -9.0752972705875301e+00
   521  -5.3389326154690872e-02  -9.1371188651564434e+00
   522  -2.0274497129323518e-01   9.4739598242780634e+00
   523   1.0386158872731266e-01   9.6653823393350162e+00
   524   3.6787987736822020e-01  -9.6202309683666734e+00
   525   9.2001426256406282e-01  -9.7352137359710671e+00
   526   1.8613007603722989e-01  -9.4170204556084851e+00
   527  -5.8864920048239378e-01  -9.0556817130311167e+00
   528  -5.5228527109360304e-01  -9.3804972814604071e+00
   529  -2.6176106857166098e-01  -9.3116580852610848e+00
   530  -4.1887945746231570e-01   9.8561518163986204e+00
   531   6.9521735497659498e-01  -9.3860455388969211e+00
   532  -9.1666539823879756e-01  -9.9020454353220444e+00
   533   5.3117632536705472e-01   9.1545806637934657e+00
   534   1.0166433491547765e-01   9.1096258618632149e+00
   535  -8.6381762007614504e-01   9.1296608135036230e+00
   536  -3.3814101769803116e-02  -9.3644900110727569e+00
   537   2.8554125651659767e-01  -9.7126893328283401e+00
   538   5.0795979157034732e-01   9.6785344063156824e+00
   539  -9.8396755240595868e-01  -9.5654238551089588e+00
   540  -5.5384503951258268e-01   9.5985693076031957e+00
   541  -5.3105612593465745e-01   9.4738342640561548e+00
   542   4.0413528134992227e-01  -9.5513076535349981e+00
   543  -3.8018660509934132e-01   9.2853684870074229e+00
   544   1.0071606589122375e+00  -9.5987177433385522e+00
   545   2.7745684623457412e-01  -9.1887761801819856e+00
   546  -3.5100036139144858e-01   9.8075356167876002e+00
   547  -4.7200519910832250e-01   9.4584354548330225e+00
   548  -6.2795218373660877e-01   9.4185108494327086e+00
   549  -5.4803863186818913e-01   9.6156177999269321e+00
   550   3.4374702702646767e-02   1.0162302735278832e+01
   551   2.2636462585535944e-01   9.8996233851000444e+00
   552   9.4912991031826044e-02   9.4567872736625294e+00
   553  -3.0703622479852632e-01  -9.1785136296367789e+00
   554   9.4804601197235039e-01   9.3525602277961699e+00
   555   3.6000015616826025e-01  -9.6593384438679024e+00
   556  -3.1870826606297059e-01  -9.8641373011838205e+00
   557   2.8553091183246371e-01   9.3782663298209883e+00
   558  -3.6709801570923833e-01   9.6632918735336979e+00
   559   1.0007430733964859e-01   9.9882445249249106e+00
   560  -2.5733868621500601e-02   9.3275795741803229e+00
   561  -1.1610668672674385e+00   9.7008850821582815e+00
   562   5.2526348740745007e-02  -9.7221765886978915e+00
   563  -3.0330340894908856e-02  -9.4232540196749763e+00
   564   3.6805807701253701e-01  -9.8225057170379628e+00
   565   3.7830929661456614e-01   9.4617263693720144e+00
   566   1.0649855140846456e+00   9.6467955900687912e+00
   567  -8.1206359822040319e-01   9.9125957707781058e+00
   568  -6.0484417125960399e-01   9.4130966759067185e+00
   569   3.5928149035519913e-01   9.8842160794206322e+00
   570  -1.7735451863984102e-02   9.7573996418128708e+00
   571  -8.4312370347244125e-01  -9.3854846234827605e+00
   572   2.6656546306069229e-01   1.0032920214778983e+01
   573   5.0783840443961137e-01  -9.7997146973456051e+00
   574  -2.8806319836118144e-01  -1.0110881283141113e+01
   575   6.0333390991723612e-01   9.6654126446594102e+00
   576   5.8384841096871448e-02   9.7297584971444415e+00
   577   8.3550028966280332e-01  -9.5702120937870507e+00
   578   5.7535361147352360e-02   9.7813641956093296e+00
   579   1.8037764472128370e-01   1.0199976079031551e+01
   580   3.8421091187224221e-01  -9.6909571003506016e+00
   581   3.4718355315974808e-01   1.0250880421902497e+01
   582  -9.8458683155842261e-02   9.9638046022695796e+00
   583  -2.2820316558312170e-01  -1.0230679914553484e+01
   584   1.1588352538622837e-02  -9.4583634426316028e+00
   585  -2.9468592605253030e-01  -9.4769819147514642e+00
   586  -5.7015648954155884e-01  -9.8862988996025347e+00
   587  -1.2120676436812812e+00  -9.9669584646417384e+00
   588   8.0526311602257805e-01   9.4865809997198820e+00
   589   1.1040334915411769e+00  -9.6622158425748346e+00
   590  -4.8622071848604342e-01  -1.0076841635012398e+01
   591   7.4853161701171922e-01   9.6115536453720196e+00
   592   4.4128979344654762e-01  -1.0114624570847321e+01
   593  -7.0143990082069840e-02   1.0114275402340342e+01
   594  -2.1239993335031515e-01   9.8684047653190028e+00
   595   1.2012859583442204e+00  -1.0088813870897253e+01
   596  -1.3891524881136572e-01   1.0405296975266150e+01
   597   6.2058849599010413e-01   9.9532597782719954e+00
   598  -3.9056794840703218e-01   9.9333571450903815e+00
   599  -2.1584773738901225e-01   9.9630806742371778e+00
   600   1.3972881652968807e+00   9.9731623832911911e+00
   601   2.2182770304517818e-01  -9.9913836640347711e+00
   602   2.5794172980717545e-01  -9.9402744870876063e+00
   603  -5.9574256016571381e-01   1.0174159262977104e+01
   604   3.0222820697852421e-01   1.0300846788878674e+01
   605  -2.6706685874632063e-01   1.0064245349106871e+01
   606  -1.6717501475370164e-01  -1.0268804244372623e+01
   607  -6.3927489629484288e-02   1.0109057625178798e+01
   608  -3.7621072729382971e-01   9.6042058408055375e+00
   609   6.1248568982706053e-01  -1.0319702266101062e+01
   610   2.3025113327565536e-01  -9.9522760319963286e+00
   611   9.8970866684808911e-01  -1.0042632859533676e+01
   612  -2.4704653342560923e-01  -9.9787741593885890e+00
   613   1.1445706959634898e+00  -1.0198118407094364e+01
   614   3.9350478518125544e-02  -1.0141870679139810e+01
   615  -3.6982310020314846e-01   9.9717552581313864e+00
   616   3.8660866891131684e-01   9.9348911568605462e+00
   617   1.9146332025114840e-01   1.0273318126892063e+01
   618  -3.7852197672267857e-01  -1.0339029738313897e+01
   619  -5.8303178792829191e-01   1.0295460787864936e+01
   620  -4.2406883225608771e-01  -1.0404481195611774e+01
   621   4.3742015524072891e-01  -1.0520857840267219e+01
   622   4.5999129901880698e-01  -1.0171798913710056e+01
   623  -8.1460273052480020e-02   9.8277092444313627e+00
   624  -1.4210709803649546e-01   1.0343508050700478e+01
   625   5.0235691973347207e-01  -1.0544742275401939e+01
   626  -1.2843082473482159e+00   9.9844036455150675e+00
   627  -1.3308947144999750e-01  -1.0359629258627123e+01
   628  -5.3302657829713707e-01   1.0081883487691256e+01
   629  -6.2233894163249182e-01   9.8856566485928195e+00
   630  -1.3925941416661700e-01  -1.0019700105185571e+01
   631   3.2130431159518397e-01  -1.0679532636160712e+01
   632   3.8200212833670938e-01  -9.7751861695458278e+00
   633   1.0213704072624139e+00   1.0700358113902187e+01
   634  -9.8136606198991630e-02   1.0225295480575305e+01
   635   4.0549421761258947e-01   1.0205647850341576e+01
   636   9.5128305221772305e-02  -9.8924743395011010e+00
   637   8.5476592494978632e-01   1.0450602472854339e+01
   638  -6.4883668231923808e-01   9.8681533650175410e+00
   639  -1.5318002774948308e-01   1.0498191792837037e+01
   640  -9.9681148297047439e-01   1.0345441431885973e+01
   641   9.0184790189940356e-01  -1.1050113016456052e+01
   642   2.7285432581397689e-01  -1.0043968802961666e+01
   643  -3.6863007102247297e-02   1.0611428813270770e+01
   644   8.7367942267076462e-02   1.0048358584364452e+01
   645   2.4361019369225004e-01  -1.0446531403842952e+01
   646  -7.1446703567518233e-01  -1.0605550946125941e+01
   647   5.2832264796718831e-01   1.0398554016047893e+01
   648   3.1332948236270108e-01  -1.0006707016336090e+01
   649  -9.2539971206565735e-02  -1.0386066609458563e+01
   650  -6.1119080659139191e-01   1.0410847774507324e+01
   651  -2.4951076884553025e-01  -1.0081553394610129e+01
   652  -4.0361578014472510e-01   1.0223901806830773e+01
   653  -4.2708843271725844e-01   1.0682431449288849e+01
   654  -1.0154922725747844e+00  -1.0401905019954381e+01
   655  -8.1910699193832315e-01   9.9696896267795001e+00
   656  -3.2369771444575796e-01   1.0329604157434478e+01
   657  -2.5821926120337074e-01  -1.0476069855777938e+01
   658   3.3089751523692995e-01  -1.0322988283849458e+01
   659   4.1849705663803283e-01  -1.0129347290589669e+01
   660   1.0510120446225213e+00  -1.0398965342229284e+01
   661  -5.2045319111850574e-01  -1.0531225022964259e+01
   662  -3.6375239015430987e-02   1.0289703267135565e+01
   663  -4.4863622759743799e-01  -1.0549746239013549e+01
   664  -3.8980020894422884e-01   1.0582135742837773e+01
   665  -9.1462414240925105e-02  -1.0537498666908068e+01
   666  -1.3013957089154660e+00   1.0664394547702956e+01
   667  -3.5031687196991701e-01   1.1057794213374457e+01
   668  -5.4858143660314351e-01   1.0333630407650711e+01
   669   3.9379281451136028e-01   1.1050282365450041e+01
   670  -2.1786417488568022e-02   1.0755798528368077e+01
   671   1.4092839957139364e-01  -1.0895132447997959e+01
   672  -3.0849427325307099e-01  -1.0522602491098596e+01
   673  -1.5254457955843908e+00  -1.0745280458430830e+01
   674  -1.1120195079762547e-01  -1.0600923190966611e+01
   675   6.0305839430124220e-01  -1.0484586094725197e+01
   676   2.9864101765672307e-01  -1.0466671798117837e+01
   677   6.9013014965717512e-01  -1.0995297229287962e+01
   678  -1.8010232392921949e-01  -1.0593119145959584e+01
   679  -2.8097293913803195e-02  -1.0465031583209100e+01
   680  -1.8899818674977126e-01   1.0595114398233763e+01
   681  -3.8618958928650921e-01   1.0388383770996260e+01
   682  -1.7866977817912610e-01   1.0926232694676077e+01
   683  -8.9993202055639987e-02  -1.0970640558786080e+01
   684   3.4219989352007735e-02   1.0826851714824206e+01
   685  -3.1068849187847314e-01   1.0801059439481147e+01
   686   1.5194080104451815e-01   1.0606368125576973e+01
   687   5.7803754250462236e-01  -1.0666417738130091e+01
   688   7.2683694158262846e-01  -1.0046480175562136e+01
   689  -5.4341685366285641e-01  -1.1057386470640736e+01
   690   1.1185102103109099e+00   1.1136126917356417e+01
   691   3.7821332229377147e-01   1.0712602997461582e+01
   692   2.1363334966484410e-01  -1.0878493433190540e+01
   693   3.2991014066802155e-01  -1.0810674603051911e+01
   694  -2.9552466819020928e-01   1.0232265199299349e+01
   695   2.4480547347265061e-01   1.0243977696984588e+01
   696  -2.8848655015245345e-01  -1.0071450726245004e+01
   697   4.1249067084544455e-01  -1.0666828253102938e+01
   698  -4.4837062680689421e-01  -1.0836218492442953e+01
   699   1.4419754584903997e-02  -1.0238860778807689e+01
   700  -7.1161155757630601e-01   1.0568229625271496e+01
   701  -1.0875992272833468e-01   1.0194717333764325e+01
   702   4.3237860570445258e-01  -1.1262735945950789e+01
   703  -3.5384306349604233e-01   1.0878451491036850e+01
   704  -5.6686349105527756e-01   1.0931551918907770e+01
   705  -4.0157806705359966e-01   1.1031278027398264e+01
   706  -3.2182780579246684e-01   1.1465029768455734e+01
   707   5.6845873399435842e-01  -1.1022322705786401e+01
   708   2.7894881596068044e-01   1.0930731162494576e+01
   709  -4.1000846676362623e-01   1.0811455909621174e+01
   710   2.1091775906105864e-01  -1.1237545536250311e+01
   711  -3.3792082520797645e-01  -1.0789382407288983e+01
   712  -5.6277465198217724e-01  -1.1194566083622560e+01
   713   8.6691899342504919e-01   1.0659155945515217e+01
   714   2.0322056476541959e-03  -1.1436986954952387e+01
   715   3.2520369542657834e-01   1.0427879460615317e+01
   716  -8.6650426236746569e-02  -1.0198320431001299e+01
   717   4.3567145065651852e-01   1.1158237019990398e+01
   718   3.7614567902515561e-01   1.0466426323865004e+01
   719  -1.0691541004864149e+00   1.0668637966615647e+01
   720  -6.9927502635081396e-01   1.0609139973131922e+01
   721   1.0042560056059802e+00   1.1059382032211184e+01
   722   4.5268064152620213e-01   1.1131230544047787e+01
   723  -1.9303831745855603e-02  -1.0826443363625627e+01
   724   2.3110256593192866e-01  -1.1172034994605010e+01
   725  -9.6222405249585574e-01   1.0760284383182213e+01
   726   2.5875067267666252e-01  -1.1349581523676610e+01
   727   5.3239321200626000e-01  -1.0913480197402505e+01
   728  -1.3984304295745062e-01  -1.1290983892598138e+01
   729  -3.9603033511273106e-01   1.0812999016295961e+01
   730  -8.5471129109552224e-01  -1.0928385658841405e+01
   731   1.0484118025019040e+00   1.1209456980933837e+01
   732   4.2027055476359004e-01  -1.1458679245335517e+01
   733  -1.1123490878034958e+00   1.0663066839298125e+01
   734  -4.7190220616097389e-01  -1.1010352082555361e+01
   735   1.1107989530982842e-01   1.1230524584873340e+01
   736   2.2022870496178429e-01  -1.1312111840428512e+01
   737   4.7291818115520035e-01   1.1100672276781349e+01
   738  -1.1204157137363610e-01   1.0955088777400421e+01
   739  -3.9230976314188953e-01   1.1185293507268625e+01
   740   5.5467560144812267e-01   1.0921916466745207e+01
   741  -3.2386040717775411e-01  -1.1123252833738086e+01
   742  -6.1159878975462501e-01  -1.1032486877547976e+01
   743  -3.6018905502436438e-01   1.0791712753571083e+01
   744   1.7976992918420476e+00  -1.1227011101511000e+01
   745  -3.1831721903464860e-01   1.0836265897115714e+01
   746  -4.7441938332426642e-01  -1.1521023352556247e+01
   747  -1.6185487093311104e-01   1.0819614157184535e+01
   748  -6.2495727694376635e-01  -1.0918135981739574e+01
   749  -1.5325430736033255e-01   1.0949543302608232e+01
   750   1.8968202740516851e-01   1.1397786453604558e+01
   751   8.8587050552538002e-02   1.1009014762508873e+01
   752   4.9723486958453456e-01  -1.1467011932473596e+01
   753  -2.9648966487663764e-01  -1.1186387705273017e+01
   754   5.4461070269600220e-01   1.1044308767902640e+01
   755  -1.4177047600100474e-02  -1.1139457843395599e+01
   756   3.3654376529036877e-02   1.2063934716915018e+01
   757   3.1541625817909646e-02  -1.1010637255411677e+01
   758  -1.9721178065773490e-01   1.1121888464247895e+01
   759   1.6417552612290920e-01   1.0942913319178194e+01
   760  -4.6307461496689795e-01   1.1088392209783255e+01
   761   1.4346923300220094e-01   1.1487193293746468e+01
   762   6.8115634055706628e-02  -1.0941703613256351e+01
   763  -5.6798795239428201e-01   1.1282325141977152e+01
   764   1.3278967998117230e-01  -1.0956364724620958e+01
   765  -5.1204776080663972e-01   1.1225203539099551e+01
   766   8.7791061903299505e-01  -1.1257404819879788e+01
   767  -2.4325549803131417e-02   1.1518788381750031e+01
   768  -1.9896480542637196e-01   1.1617793527237072e+01
   769   3.3320423824312284e-01  -1.1306448129008444e+01
   770  -1.2447659527883247e-01   1.1232026922604794e+01
   771  -6.1114330200780165e-01   1.1263525466877155e+01
   772   1.6766635864193025e-01  -1.1629017865552555e+01
   773   3.3530429781855925e-01   1.2169678873957684e+01
   774  -9.9543003349887182e-01   1.0804799785341508e+01
   775  -2.3211733498936549e-01  -1.1283010581867430e+01
   776   3.0649596921440775e-01  -1.1522315768046541e+01
   777  -8.8874529322727505e-02  -1.1466077250255797e+01
   778   2.1961761568599095e-01   1.0887919023119656e+01
   779   1.5823368816179174e-02  -1.1049259387623584e+01
   780   1.8925913587890997e-01  -1.0865837677121453e+01
   781  -1.0335834439281388e-01  -1.1095107929104715e+01
   782  -4.4300204704732760e-01  -1.1838628569718976e+01
   783   9.7437038339797399e-01  -1.1168899531988957e+01
   784  -3.3330281121350241e-01   1.1616790092057657e+01
   785  -1.0778015328915498e-01   1.1958294132305090e+01
   786   3.7767636608574962e-01  -1.1298532147803977e+01
   787   1.1399194650246228e-01  -1.1517906795214897e+01
   788   7.3318091936078122e-01   1.1337501588211877e+01
   789  -4.8088093121239867e-01   1.1360020598393044e+01
   790   4.1634549302726587e-01   1.1906831361116438e+01
   791  -7.7357998969631514e-01   1.1013891291544343e+01
   792  -9.0257168702081059e-01   1.1798225460489766e+01
   793   5.4279299955535043e-01  -1.1329053011581500e+01
   794   3.1796694581415319e-01  -1.1053892796135953e+01
   795   7.3213795325199882e-01   1.1507020783982894e+01
   796  -5.7996344406261713e-01   1.1399692050845941e+01
   797   6.2421358370971081e-01   1.1380680284032366e+01
   798  -6.6302504277623953e-01   1.1507642727630589e+01
   799  -8.2728671177099056e-01  -1.1650153142455148e+01
   800  -1.2260480338044657e+00   1.1770621675075272e+01
   801   8.8519886775997758e-01  -1.1331529910918167e+01
   802   5.4512249878145613e-01  -1.1907588576269731e+01
   803   6.7611778965412972e-01  -1.1581831094467956e+01
   804  -2.3686317289306291e-01   1.1386706963955914e+01
   805  -3.7898280991010241e-01   1.1561170566527123e+01
   806  -8.8694936887239548e-02  -1.1975379951455890e+01
   807   6.0101517468380017e-01   1.1699313493518464e+01
   808  -9.0212105930394582e-02   1.1391694568701149e+01
   809  -6.1945048953874503e-02  -1.1149166131164982e+01
   810   2.2338226404635231e-01  -1.1393921248033696e+01
   811  -4.6840665190803560e-01  -1.1455721147806356e+01
   812   6.6016972404396440e-02  -1.1834559142656117e+01
   813  -1.0295945253265611e-01  -1.1685980063667502e+01
   814   3.7471036242563927e-01  -1.1574695142384702e+01
   815  -1.5113344748733207e-01   1.1676052977795765e+01
   816  -1.7512586627883486e-01  -1.1649954202310308e+01
   817   2.0962901861731142e-01  -1.1943018776105889e+01
   818  -3.3790619200255995e-01   1.2007511988686687e+01
   819  -1.8961237730547875e-01  -1.2339648160835202e+01
   820  -1.3674855014131226e-01   1.1653521520754056e+01
   821   3.3925250208139029e-01  -1.1995997123676354e+01
   822   3.2200953082018363e-01  -1.1978486457210215e+01
   823  -4.4473170285627189e-01  -1.1295509377523723e+01
   824   1.2806621066604762e+00  -1.1890102883225026e+01
   825  -2.3419824424774122e-01  -1.2108451806407622e+01
   826  -8.0974216951129441e-01  -1.1387153145475285e+01
   827   7.2847808484978982e-01   1.1376260513142240e+01
   828   5.1193294484463314e-01   1.1741026067650791e+01
   829   7.6765585176931539e-01   1.1787963560611939e+01
   830  -6.2458913200767296e-01  -1.1437838582303550e+01
   831   1.5454447163972533e+00   1.1523596957362539e+01
   832   3.5995184504007094e-01   1.1814594835395885e+01
   833   9.5869390582454994e-01  -1.2324069887677148e+01
   834   6.2629485100330506e-01  -1.1701397793498826e+01
   835  -5.1373114633084312e-02  -1.2244492490746572e+01
   836  -6.2346967411211840e-01   1.1104818444773279e+01
   837   5.5637554692325697e-01  -1.1221822132470376e+01
   838  -6.6319116649356680e-01  -1.2040366215048035e+01
   839  -6.8246234302871622e-01   1.1582201689553411e+01
   840  -1.7180448688227168e-01  -1.1540433406305496e+01
   841  -5.8768030107675939e-01   1.2133956367093724e+01
   842  -1.1049144544252101e-01   1.1727284259122767e+01
   843   7.2752198466711515e-01   1.1519358813199519e+01
   844  -1.2026149985657053e+00   1.2130743452246717e+01
   845   6.2535809732928971e-01  -1.1930606535546030e+01
   846  -4.5482800256944167e-01  -1.1993499732826685e+01
   847  -6.0846603791498344e-01   1.1846418944471047e+01
   848   2.9098438974902863e-01   1.1807732914941690e+01
   849  -8.2672877758242314e-01   1.1941412572045266e+01
   850  -1.9054275754878222e-01  -1.2144716056390516e+01
   851   6.4973584995151690e-01  -1.1970341941222143e+01
   852  -1.8206643393676494e-01  -1.2062193092908721e+01
   853   1.9932659921708638e-02  -1.1856409984455681e+01
   854   2.2220018287498322e-01   1.2288794719961142e+01
   855   2.5988978310633576e-01   1.2007423745060159e+01
   856   1.7147966407643005e+00   1.1709132938518190e+01
   857   5.7506930589505023e-01  -1.2121876177464570e+01
   858   1.3643017213856861e+00   1.1588979671146246e+01
   859   8.5276737829706617e-01  -1.1930924458636577e+01
   860   4.4813358205387253e-02  -1.2253525440888316e+01
   861  -5.0447933437047399e-01  -1.1542538316495078e+01
   862   3.8295027816451638e-01   1.1990371255686313e+01
   863  -9.2333941288388177e-01   1.1965577382958459e+01
   864  -3.0101449044514039e-01  -1.1860201181076166e+01
   865   3.6028612391062492e-01   1.1927639662119526e+01
   866   4.8538935593346427e-01  -1.2006708168990530e+01
   867  -5.1923487187116557e-01   1.1850509623046527e+01
   868   5.4689482636469688e-01   1.1654952028174755e+01
   869   7.2120318770622904e-01   1.2425491037125726e+01
   870  -4.5598526687907370e-01   1.2065715806762162e+01
   871  -2.9378031637300128e-01  -1.2451235760955695e+01
   872  -4.6398200632299191e-01   1.1471468158916393e+01
   873  -3.0123019560724795e-01   1.2357782399493425e+01
   874  -1.0128594338216589e-01  -1.2415201222406164e+01
   875   8.5128789367083857e-01   1.1811342648508177e+01
   876   2.7457129586438478e-01  -1.1545338207320574e+01
   877   2.4628677088557472e-02  -1.1940752637796058e+01
   878  -1.0222775363435415e+00   1.2423944757763559e+01
   879  -4.2680478005190797e-01   1.1827963275738238e+01
   880   4.9197687639950749e-02   1.2435924290695349e+01
   881   2.9074146230413622e-01   1.2293384345804229e+01
   882  -3.4568867141348181e-01   1.2061080969083063e+01
   883  -1.1493766665392724e+00   1.2407137934198417e+01
   884   8.2519629212424417e-01   1.2852255251302882e+01
   885  -1.0300465260638063e+00  -1.1712374151213133e+01
   886   3.0446460257005847e-01   1.2425611837189827e+01
   887   8.1611294165012760e-01   1.2131969509681296e+01
   888  -4.3622819167708826e-02   1.2411031690740961e+01
   889   3.3000059682706223e-01   1.2207924121887114e+01
   890  -5.6112286270494494e-01   1.2206925095231240e+01
   891   1.2275415417374896e-02  -1.2118917321543577e+01
   892  -7.3393032790064661e-01  -1.2058023224841191e+01
   893  -1.6009325259275431e-01  -1.2098478757323601e+01
   894  -7.2169327090460741e-02   1.2099998429583950e+01
   895   1.5159655858370578e+00   1.2095861731746552e+01
   896   3.3417314142813681e-02  -1.2005509176164585e+01
   897   6.1665983100268407e-01  -1.2456814727633503e+01
   898  -8.0331342739212996e-01   1.1712112044745675e+01
   899   3.4118837530713692e-01   1.1866214671488986e+01
   900  -4.5092280512425698e-01   1.2385196259975819e+01
   901  -9.7117990147724834e-02   1.1979113192202918e+01
   902  -9.9100866779089802e-01  -1.2447175181539688e+01
   903  -4.8919979560065785e-01  -1.2407804596667081e+01
   904  -7.3593341804752932e-01  -1.2497138983805517e+01
   905   1.6680746006788846e-01  -1.2153701404165895e+01
   906   1.0203255902411230e-01  -1.2290151156849594e+01
   907  -1.6299984023885658e-01  -1.2094936270507471e+01
   908  -7.5334255304542275e-01  -1.2279520413129649e+01
   909   1.3335014805393000e-01  -1.2244827454690816e+01
   910   1.9067645090988666e-01   1.2027251341933653e+01
   911  -3.7122447244640139e-01  -1.1960168259857690e+01
   912   7.5955386973055816e-02  -1.2693017345932265e+01
   913  -9.7143628602331111e-01   1.2270314755707386e+01
   914   1.1773358231633882e-01   1.2332080496944920e+01
   915   4.8063594476676691e-01   1.2333095199275707e+01
   916  -6.1372063846021230e-01   1.2431662828649602e+01
   917   4.3211062025501029e-01   1.2530223562156939e+01
   918  -5.1753843305984204e-01   1.2418567294538686e+01
   919  -7.3934934592328894e-01  -1.2277010359010555e+01
   920  -1.4171185505319992e+00  -1.2076310084856392e+01
   921  -2.0857386268472317e-01   1.2664969494012771e+01
   922  -9.7356605181025879e-01  -1.2432786414619702e+01
   923   1.5130686103200270e+00   1.1801209418627080e+01
   924  -4.6893949161519766e-01   1.2175439715864256e+01
   925   1.4209019236195930e-01   1.1835968289907244e+01
   926  -3.1343898223144706e-01   1.2255165976696681e+01
   927   2.3670888663372219e-02  -1.2392559986565443e+01
   928  -4.2533972932197649e-02   1.2081024876137819e+01
   929   4.9665264138997058e-02  -1.2598596201955973e+01
   930   2.9560176598560989e-01   1.2630237158448331e+01
   931   4.9418788968871419e-02  -1.2421969860327396e+01
   932  -8.6262904476796343e-01  -1.2515865496478694e+01
   933   1.4147055260999863e+00   1.2612640353709805e+01
   934  -4.9824637415336981e-01  -1.2786677437868738e+01
   935  -4.5417340492531016e-01   1.2489497842448340e+01
   936  -9.4207565696314455e-01  -1.2346063869871893e+01
   937   4.6298427057357178e-01   1.1991830881631088e+01
   938   4.6529184505738114e-01  -1.2528458815458732e+01
   939   1.9081740720489448e-01  -1.2444932547884822e+01
   940   5.8266843721190764e-01  -1.2793082677580344e+01
   941   2.8066019592348765e-02   1.2295603065475278e+01
   942   5.6721918566633533e-01  -1.2613470169640651e+01
   943   1.0790194591374963e-01   1.2665508103700777e+01
   944  -1.1686622504793158e+00  -1.2622777299016324e+01
   945  -2.0075813970734011e-01  -1.2311946069523350e+01
   946   2.9898703548983385e-01  -1.2718828959825441e+01
   947  -3.0161655349603994e-01  -1.2530049051086824e+01
   948  -3.4333880160981012e-01   1.2668283681319176e+01
   949   5.0993290428130833e-01   1.2775390779074367e+01
   950   6.2940213197097150e-01   1.2567136800356675e+01
   951   3.6154738480157424e-03   1.2553293802791837e+01
   952  -5.1586886080933758e-02   1.2654225898594465e+01
   953   6.0243962559611197e-01  -1.2586884789991231e+01
   954  -2.3739538055942999e-01  -1.1848212700978014e+01
   955   2.5418937790138707e-01  -1.2383708027478205e+01
   956  -7.1178824498208296e-02  -1.2777355583021553e+01
   957   3.7976400495180812e-01   1.1695170757958227e+01
   958  -5.0984199327052460e-01   1.2534106717223954e+01
   959  -4.4449979706966924e-01   1.2695518759164388e+01
   960   9.0138907250847930e-02   1.2673684654030261e+01
   961  -6.9039236436662299e-01   1.2675950966211587e+01
   962  -6.0368785027771033e-01   1.2547673123389474e+01
   963   6.4051744125406862e-01   1.2860402904615116e+01
   964   1.3957702816776185e-01   1.2867680076012926e+01
   965   2.7885282905774522e-01   1.2176051034825987e+01
   966   5.1898572346559722e-02  -1.2531141872935667e+01
   967  -3.9094146584412193e-01  -1.3192789364284176e+01
   968  -5.1812514206219806e-01   1.2895808688801857e+01
   969   3.7046796836377571e-01   1.2790895097043297e+01
   970   4.0724100974797123e-01  -1.3352935137022815e+01
   971   5.0550108439141495e-01   1.2755976334383528e+01
   972  -1.2287562994596739e-01  -1.3096458559926571e+01
   973   7.6826625675590809e-01  -1.3166173093070272e+01
   974   7.7248172741943399e-01  -1.3268531589466157e+01
   975   1.4579812628746400e-01   1.3388019526836832e+01
   976  -7.4062820394620588e-02   1.2798316969139785e+01
   977   3.1889797742640635e-01  -1.2804391521256179e+01
   978  -1.1354812807352492e-01   1.3292461687678031e+01
   979  -9.0814425723371333e-04  -1.3167273358377370e+01
   980   1.4725210465867533e+00   1.3316105433978757e+01
   981   7.3577057950701485e-01   1.2599497552439521e+01
   982  -6.1398888821768904e-01  -1.2417814705426386e+01
   983  -6.1273430073296542e-01   1.2787276265390869e+01
   984  -6.3885256362766518e-01   1.2798470510170853e+01
   985   1.1065914999055602e-01  -1.2903660767847969e+01
   986  -2.2048332302988616e-01  -1.2432924517762157e+01
   987  -4.0733418115387909e-01  -1.2840750299341233e+01
   988   1.2248936931273263e-01   1.2538233884659212e+01
   989  -1.2043646799035803e+00  -1.2461368760722021e+01
   990  -1.1958568866076253e+00   1.3001601177958321e+01
   991   5.4033447701821702e-01   1.3013157962600319e+01
   992  -5.1096103449102503e-01   1.2650611522109301e+01
   993  -5.3070936218150212e-02  -1.2658404626793025e+01
   994   4.2942232394523483e-01   1.2934109045937817e+01
   995   6.9320244702442357e-02  -1.2871435642200199e+01
   996  -1.0630343359104741e+00   1.3299142597495701e+01
   997   1.0802357818933710e-01  -1.3019542944253285e+01
   998  -8.9040019170658846e-01   1.2652027058784842e+01
   999  -2.8296634240866003e-01  -1.2782252777145867e+01
  1000  -5.6017097477576372e-01   0.0000000000000000e+00
