  1250
     1  -6.1450599516258975e-01   1.0374280547035075e-01
     2   2.3615149609015673e-01  -1.8223931108307240e-01
     3   4.6113881921947347e-02  -7.4338329447614548e-01
     4   1.3283366608485300e-02   8.4318139322123853e-01
     5   5.7280881236809600e-01  -1.1444475012375088e+00
     6  -4.8560135150572958e-01  -7.0675079721937251e-01
     7  -1.7273159082442260e-01  -8.4867990894565237e-01
     8  -1.3311129312830052e+00  -1.2737464179194466e+00
     9  -2.6746025847558252e-01   1.7438107435507240e+00
    10   2.8421976967792550e-01  -1.3432889762448115e+00
    11   1.1700733448726068e-01  -1.0454859000826782e+00
    12  -5.4009887559775627e-01  -7.7334425302586163e-01
    13  -2.3736099853311796e-01  -1.6790199980076634e+00
    14  -1.3544497001431771e-01   1.6846377478132641e+00
    15  -2.8809022718976107e-01  -1.7226026474364109e+00
    16  -4.2894601293968972e-02   2.1857577606787904e+00
    17  -1.3936899616271567e-01  -1.2955252624024505e+00
    18   4.7807218880074709e-01  -1.9415089799519867e+00
    19   1.6091349687010958e-01  -1.7631254767793645e+00
    20   4.2511873689931678e-01  -2.0240062168940587e+00
    21  -2.0496554544900580e-01  -1.7815865778120630e+00
    22   2.6032130652278562e-01  -1.2201626754529000e+00
    23  -1.0237606206771357e-01  -1.7477138150537126e+00
    24  -6.6483053053622443e-01  -1.5011979739746668e+00
    25   5.5821255246384882e-01   1.8106881934300323e+00
    26   1.5256681619824712e+00   1.3629670308270212e+00
    27   2.1920561682640716e-01  -1.9934165976787890e+00
    28  -6.4650108272800488e-01   2.3118842800943504e+00
    29  -3.8126359961078737e-01  -1.6283377662408491e+00
    30  -5.5546468794350579e-01   2.3460806024579752e+00
    31   2.2884159180639546e-01   2.1682669233301937e+00
    32  -7.1209588735956661e-02  -2.8430114062827028e+00
    33   1.3615190090668960e-01  -2.2577610990046368e+00
    34  -6.6471735788034136e-01   2.3200813930453976e+00
    35  -6.5365383812006317e-01   2.0960198361209907e+00
    36  -3.7743842905149116e-01  -2.3359579270083750e+00
    37   1.8851087030188643e-01   2.8745057493849764e+00
    38  -1.0234789827316659e+00   2.1293475261956281e+00
    39   5.4790798871602694e-02  -2.3760084658449747e+00
    40   1.7730121884257460e-01  -2.5433322856742220e+00
    41   2.0557964769563764e-01   2.4491054887540886e+00
    42   1.4902168355839174e-01   2.1919804522977651e+00
    43   4.9706263187057964e-01  -2.5074472319392158e+00
    44  -5.6689832413199615e-01   2.7667336826189382e+00
    45  -1.6975407772547343e-01   2.6488462734063609e+00
    46   2.0998640327473633e-01   2.7707706971817219e+00
    47  -3.0740646046503733e-01   3.1724535904734208e+00
    48   2.3830386384930266e-01   3.2132056282189012e+00
    49   9.4352176259997300e-01   2.6140389534914430e+00
    50   3.9678256547048013e-01  -3.0790581504996535e+00
    51  -9.3242180948802611e-01  -2.9407678727670565e+00
    52  -5.6289664991666577e-01   2.6455258700811126e+00
    53   5.4742856259326185e-02  -3.4893990021542107e+00
    54  -3.6536960861812123e-01  -3.2707235759567124e+00
    55   7.3553695313531031e-01   2.7178539023102881e+00
    56  -3.3166080153018473e-01   2.8477458399660884e+00
    57   2.2094603160179102e-01   3.0102796779618939e+00
    58  -1.2349328011817300e+00   3.4515324515014072e+00
    59  -1.0404395651657168e+00   3.5060777237672962e+00
    60   2.4778198192511558e-01   2.7716138856978576e+00
    61   5.0630228612641888e-02   2.8230099137908304e+00
    62   8.5230238724565832e-01  -3.1214022029147399e+00
    63  -1.4362347532218961e-01   3.3273554967830097e+00
    64   8.4572655979168576e-02  -3.0510869317882170e+00
    65   5.8628479499829711e-01  -2.7217523648055670e+00
    66   1.1266355671126910e-01  -3.7574065217569905e+00
    67   3.3711215786389348e-01   3.3770853244087449e+00
    68   1.2581952439995039e-01   3.3695613278483605e+00
    69   5.3071523084103600e-01  -3.5073740269756657e+00
    70   4.7875655145088070e-01   2.9690597021495839e+00
    71   6.6559151448365561e-01  -3.8235339039983427e+00
    72   1.2787215087435035e+00   3.8498722425177165e+00
    73  -8.0470512094837954e-01  -3.6331238859608774e+00
    74  -5.1084753479147937e-01   3.2652869335691976e+00
    75  -1.7751233620257469e-02  -4.1629908219788110e+00
    76  -7.9158120534296328e-01   3.4315586546724188e+00
    77   4.7769227306920153e-01   3.6310995793174019e+00
    78   3.0735456556510005e-01   3.7635745439118553e+00
    79   5.0679847205515816e-01  -3.7249298426140212e+00
    80   2.1341501739969032e-01   3.6509841366693423e+00
    81   5.0891281206662004e-02   3.3198985023547385e+00
    82   5.0838764960385496e-01  -3.1754729093178153e+00
    83   2.3116900804512322e-01   3.9343328124843637e+00
    84  -1.6732840599949811e-01   3.6075298960439990e+00
    85  -2.4645599816568708e-01  -3.2558163343434354e+00
    86  -2.4080993724332683e-01  -4.3439163304313650e+00
    87  -4.2817948803327321e-01   3.1196533715449193e+00
    88   4.0183780748503029e-01  -3.5532569935026665e+00
    89   5.0632407372219812e-01  -3.7826516569837301e+00
    90   1.1150068870942011e+00   3.8911312189129648e+00
    91  -4.7505795369952933e-03   3.4419690753632128e+00
    92   2.7991475502174595e-01   3.8086774872310767e+00
    93  -3.9226228077229586e-01  -4.2945899732260955e+00
    94   3.8408940204058528e-01   4.0691534380288070e+00
    95   9.3018061751719106e-01   3.8329551652059068e+00
    96   5.7735355584551051e-01   3.6221897126182427e+00
    97   1.1988939141243415e-01  -3.6102629909784523e+00
    98   9.1874902784153001e-02  -3.5911204684042399e+00
    99   7.5350084663887396e-01  -4.0943322051436883e+00
   100   3.2545382721317778e-01   4.0515403911394792e+00
   101   2.6917365248231812e-01   4.2494319830087282e+00
   102   8.6031195333143268e-02  -4.1272728237896539e+00
   103  -5.8179526528960979e-01   3.8849179336457231e+00
   104   7.8651059740010487e-01   3.9910475726970964e+00
   105   3.6179957442333509e-02   4.3195848114083741e+00
   106  -2.7405259827280415e-01  -4.4655617139708310e+00
   107  -7.7041779093511276e-01   4.3975198468738874e+00
   108   5.0413189543304027e-01   4.1656333913077122e+00
   109  -9.2748281275578426e-01  -4.7174775539657832e+00
   110   5.1639080494867085e-01  -4.5031046494257323e+00
   111   1.2658282256738000e+00  -4.0720339510145811e+00
   112  -1.9771183353303211e-02   4.7634716695944697e+00
   113   2.7687918171901144e-01   3.7953324701964601e+00
   114   2.6695830690422073e-01  -4.4611906083232684e+00
   115  -4.3270068548581475e-01   4.1743177005828462e+00
   116   5.9585942113115542e-01   4.2180028884605019e+00
   117   1.1141713212182744e+00   4.4082977767233293e+00
   118  -3.0529532035667140e-01  -5.0148005473973445e+00
   119   4.4300664507463045e-01   4.4959825108777594e+00
   120   3.8628425329216254e-01  -4.5376706310230839e+00
   121  -1.9250937805693147e-02   4.1761650325813511e+00
   122  -1.8267190447790463e-01  -4.2975875663065146e+00
   123   9.1064515208552813e-02   4.3769815565891221e+00
   124  -1.7871210239539709e-01  -4.9081908982368088e+00
   125   7.8202750637342899e-01   4.5322376961887292e+00
   126  -5.3615702078782490e-01   4.4015273009589224e+00
   127   3.5871872701897323e-01  -5.2191963339674796e+00
   128   4.3056397082923026e-01  -4.7050638821651090e+00
   129   1.4441543726480749e-01  -4.5061920353841538e+00
   130  -2.7074543219021108e-01  -4.5871008264186770e+00
   131  -5.0062405996463455e-01   4.8117478234629125e+00
   132  -3.2471369994884237e-02  -4.3716818732396368e+00
   133   2.0977738640006984e-02   4.4440130668105216e+00
   134  -3.5554065246746719e-01  -4.7580230535622885e+00
   135  -2.8622655955419174e-01   4.8103848121598540e+00
   136  -1.4550889330719454e+00  -4.1638093641691398e+00
   137  -5.3650044014269715e-01   5.2640042678877057e+00
   138  -5.4749272768916502e-01  -4.4583956815804777e+00
   139   1.1387401783753035e+00  -4.4216153640733236e+00
   140  -1.0241558564905742e+00  -5.1284205523944912e+00
   141   3.9789954830287672e-01  -5.0664214736682256e+00
   142  -4.1880430689349696e-01   4.4599716667930682e+00
   143  -3.7835117216560304e-01   5.1129840547582157e+00
   144  -4.2278298180237983e-01  -4.6298886573121605e+00
   145  -6.2918881773802016e-01   5.4130299574112355e+00
   146   1.7461794943577152e-01  -4.6674809432225901e+00
   147  -4.5732023698511615e-01  -5.0358434723789101e+00
   148   1.9466385903308234e-01   5.1255368564133175e+00
   149   2.2838245146532574e-01  -5.3272820747105198e+00
   150  -5.4480583929961446e-01   5.2848534212481617e+00
   151   2.4202590047929115e-01   4.9742555562802639e+00
   152  -1.0451480819243919e+00  -5.9990669832128152e+00
   153   1.7360949155094632e-01  -4.7912827739151345e+00
   154  -4.2564145144806664e-02  -5.5789130391961015e+00
   155  -6.3485793144062730e-01  -5.3137558039013069e+00
   156  -3.9868948178685659e-01   4.5740818101055059e+00
   157  -7.8716230681844335e-01   4.9815860109596173e+00
   158   7.7750277818172897e-01  -5.2954591174110393e+00
   159  -6.1305400265499754e-01   5.2543417717761676e+00
   160   9.5315721567352918e-01  -4.5240788945106649e+00
   161   2.2935864124275041e-01  -4.7564342770066474e+00
   162  -3.6739661714099148e-01  -5.6534479035016316e+00
   163  -3.5373871487810754e-01   4.6228029556149446e+00
   164  -3.8183384384790836e-01   4.9652913894906687e+00
   165  -2.3360286281107964e-01   5.5452477856779199e+00
   166  -7.0024443163187400e-01   5.3273956822383912e+00
   167  -1.2198564625373555e-01   5.0683623254006731e+00
   168  -4.1590407406980778e-01  -5.5705648011522300e+00
   169  -1.0329321095010189e+00   5.0967338355008538e+00
   170   5.2093474076190871e-01   5.7247435784119700e+00
   171  -7.3068816156737063e-02  -5.4431883013607179e+00
   172  -3.6759628297827729e-01  -5.2737769614975187e+00
   173  -1.0383474460641617e+00  -5.2847179900809715e+00
   174   5.0846929651291917e-01   5.4969018490694221e+00
   175  -4.0194952432691014e-02   5.5395375290253996e+00
   176   1.0393189466190564e+00  -5.0850582820682275e+00
   177   3.3945428689790713e-01   5.2565167823295553e+00
   178  -3.5518449991975148e-01  -5.5383546792820750e+00
   179  -1.7925655555953057e-01  -5.2688465954856456e+00
   180  -4.0316119163299957e-01   5.3510610911075585e+00
   181  -6.1836756440646810e-02   5.9602427520700623e+00
   182   1.7506579632496611e-01   5.7304232219652773e+00
   183   4.4308366347848133e-01  -5.4550121950411619e+00
   184  -2.9978250127243850e-01   4.7362927823706027e+00
   185  -8.7615590955271350e-01   5.6675782988791115e+00
   186   5.1763180695691646e-01   5.2758697465469879e+00
   187   5.8949764805380378e-01  -5.5573892031062684e+00
   188  -4.6550640780971059e-01  -5.8703682433632602e+00
   189  -4.7959675643247296e-01   5.4359379214341601e+00
   190  -4.9217238973635280e-01   5.5374439076306512e+00
   191  -1.8078862625535308e-01  -5.6664775895867319e+00
   192   5.8009264753462031e-01  -6.4863728119836770e+00
   193  -4.3008031639425237e-02  -5.9444365175139291e+00
   194   6.3230047761798502e-01  -5.4334069968242646e+00
   195  -2.1309483273557303e-01   5.6391239506330857e+00
   196   1.4588163923962111e-01   6.0217405008324283e+00
   197   3.2088624185697516e-02  -6.0802652404785853e+00
   198   2.9919203552172213e-01   5.7784289344233173e+00
   199  -1.8483358895649302e-01  -5.8729933853611191e+00
   200   2.8456014877519820e-01   5.3664471989178262e+00
   201  -3.6087846328696971e-01   6.2325234615088672e+00
   202   1.1052475788359008e-01   5.0331303921725636e+00
   203   5.2052838763651432e-01   5.7912533539263471e+00
   204  -4.6356671657961851e-01  -6.0412093551388528e+00
   205   1.5901998201052675e-01  -5.5540349591525802e+00
   206  -8.1555431457177896e-01   5.8040947914531182e+00
   207   1.1955026688720363e-01  -5.7546483374893453e+00
   208   7.0403602395426967e-01  -5.9674644064088573e+00
   209  -6.2938288370225567e-02  -5.7252592225562831e+00
   210   6.9777245440986546e-01   6.3132985737661160e+00
   211   5.4114689156474916e-01  -5.7261648197770798e+00
   212   6.2055205137420844e-01  -5.9368384872919950e+00
   213   3.4749413150043856e-01  -6.0301454429706487e+00
   214  -2.2596624253378828e-01  -5.6571206638555322e+00
   215  -1.5087123879551387e-01   6.2837008825234753e+00
   216   3.5449628271839800e-01   5.8077917604848697e+00
   217  -3.5946960949990669e-01   6.2173000890452323e+00
   218  -6.8862197345377596e-01   6.3140164729367232e+00
   219  -2.3020067799632515e-01  -5.7419256861615509e+00
   220   3.1384232794226397e-01   6.2455438386283912e+00
   221   7.1331346555272446e-01  -5.9176589857621211e+00
   222   6.3197837079105956e-01   6.2277741658237282e+00
   223  -5.6252892107735286e-01   6.0478239989183482e+00
   224   1.9288058092992699e-01  -6.1873554350607067e+00
   225  -5.2826384788639902e-01   6.4201978803303916e+00
   226  -7.7881819921023832e-02   6.1760926138022825e+00
   227   3.0060503637256097e-01  -6.2485540628656180e+00
   228  -3.9479176652036746e-01  -5.8968694577623681e+00
   229   2.4291747223456167e-01  -5.9015754133496801e+00
   230  -2.7937428116044438e-01   6.0987329537521537e+00
   231   4.2888628606648455e-01  -6.5585598074397913e+00
   232   3.3621333241592499e-02  -6.6291892303180866e+00
   233  -1.4865278308977361e+00  -6.2584447149965126e+00
   234  -2.2259476762720887e-01   6.2928727822576622e+00
   235   8.0796456026381386e-02  -6.6533481829639998e+00
   236   4.4325276580635437e-01  -7.2073707775662861e+00
   237   1.0995923359495360e-01   6.1167232378829697e+00
   238  -1.1167320032845716e+00   6.0682378278441913e+00
   239  -2.7438781765375747e-01  -6.3270756916561526e+00
   240  -9.3553979243412388e-01  -6.1736076316578865e+00
   241   4.5369863667415489e-01  -6.1940321592867349e+00
   242   8.2837260940753199e-01  -6.5671180140519558e+00
   243  -8.6630348246056654e-01  -6.1931941015673395e+00
   244  -1.8574611955904256e-02   6.1507424282138174e+00
   245  -2.7979309935506291e-01   6.5710108336228563e+00
   246   1.1327998414072386e-01   6.4809752527695954e+00
   247  -3.7528013571360203e-01   6.0680250177188473e+00
   248   3.5923693207905721e-01  -6.9001590645590820e+00
   249   7.2325369368466663e-01  -6.8561202203361402e+00
   250  -2.7109058630238270e-01   6.5193710985971451e+00
   251  -4.3068014996536430e-01   6.1988469189388455e+00
   252   6.6250799869893617e-01  -6.7280703694908075e+00
   253  -2.0953157837791492e-01  -6.4894521340264095e+00
   254   1.0003892996070361e-01  -5.8745629589927848e+00
   255  -2.9712104956686575e-01  -6.0801745383959851e+00
   256   5.5677101119527816e-01   6.2135005014776130e+00
   257  -2.9274941446751535e-01   5.8638027681099567e+00
   258  -7.0683301056537551e-01   7.1629036287564212e+00
   259   1.7778519018501418e-01   6.6212060483104782e+00
   260   1.9878308664878966e-01  -6.9386488244138596e+00
   261  -4.6112118301628047e-01   6.6356333794363360e+00
   262   3.2634091848471725e-01   6.1760006386968875e+00
   263  -8.3589316612875730e-01  -7.3315396197832117e+00
   264  -1.1428712716456950e-02  -6.6916297757001262e+00
   265   3.4711182055559892e-01   6.9529978422821213e+00
   266  -6.1413594705791641e-01  -6.4205758017477477e+00
   267  -1.1882635222031366e+00   6.8805263565302504e+00
   268  -5.8197988976663562e-02   7.0476604815535246e+00
   269  -8.1054657998463031e-01   6.5263020669330842e+00
   270   5.3265345369609896e-01   7.2769487453651118e+00
   271  -9.9393114764698909e-01   6.9029078255828633e+00
   272  -1.1210584713040948e+00   6.5231796068789132e+00
   273  -6.1253960786365566e-02   6.6494347568470120e+00
   274   8.9275736236782033e-01   6.4054506630854950e+00
   275   9.7071638754448286e-01   6.4269389447096081e+00
   276   2.3788905104379465e-01   6.7476783895792840e+00
   277  -5.0836196336049200e-01   6.7660350606288020e+00
   278   4.3425544669363436e-01  -7.1688788796953951e+00
   279   7.9729916445143834e-01   6.4938998554081158e+00
   280   6.6317204814313779e-01  -6.9062830046833801e+00
   281  -7.1523289472971693e-02   6.4120894141698930e+00
   282  -6.4673987604347338e-02   7.3964652870552774e+00
   283  -4.9297072119327556e-01  -6.8721671212379665e+00
   284  -1.2848804854304824e-01  -6.6819568322443361e+00
   285  -1.2153729223338914e+00  -6.2260390952570015e+00
   286  -5.4607349016191409e-01   6.8302911846523635e+00
   287   4.1090267710131280e-02  -6.7626187707329164e+00
   288   6.4865488923559766e-01  -6.6282410852754241e+00
   289   1.8520003980006527e-03  -6.9251877533247512e+00
   290  -2.8540422813962485e-01   6.8901509511835775e+00
   291   2.1238503510614934e-01   6.8592675826795535e+00
   292  -6.5376327642552279e-01  -7.3323803415247273e+00
   293   7.3351322199407132e-01  -6.6391383675470577e+00
   294   7.8969344600111990e-01  -6.9909721756664540e+00
   295   8.8274570570335975e-01  -6.9234475438869154e+00
   296   2.8955864244284879e-01   7.0548343817264705e+00
   297  -6.0290277054502728e-01   6.7560844602881343e+00
   298   3.0965947265777444e-01   6.8273526052029716e+00
   299  -1.3511106250674068e-01   7.0864073761730335e+00
   300  -4.2698881426426510e-01   6.3992090387867169e+00
   301  -8.5990930069128313e-01   7.1149876402809893e+00
   302   4.7929212533652282e-01   7.1406544032150938e+00
   303  -4.7717127196006243e-01   6.6844945396978348e+00
   304  -1.2173295106812582e-01  -6.5563952384793831e+00
   305  -6.1510598911353720e-01  -6.5977071680682435e+00
   306   5.1120883224240288e-01   7.0204902014007153e+00
   307  -1.2601136102386985e+00   6.7215486545613858e+00
   308   1.2833797566261174e+00   7.1433518736242974e+00
   309  -1.4979509974076763e+00  -7.0523523927796443e+00
   310  -1.5254741341399403e-01  -6.7283019444755112e+00
   311  -1.1163215726524185e-03  -7.4607616654275963e+00
   312   3.4915166693284416e-01  -6.9409428812465581e+00
   313  -7.2729405522766588e-01   7.3647239445417707e+00
   314  -7.7102182417712017e-01   7.0532923576177806e+00
   315   7.6248814121332398e-01  -7.5496684258902320e+00
   316   2.5771087036423984e-01   7.5591897446894043e+00
   317  -3.2945497429572973e-01   7.4187103717427823e+00
   318   2.9490913562378474e-01   7.5484491528955413e+00
   319  -5.6203559811266582e-02   7.4557477630510176e+00
   320   5.7762231636574513e-01  -7.7301114340310422e+00
   321   1.3312068706132896e-01  -7.3391720828828060e+00
   322  -4.9495051575542637e-01   7.6910596777803768e+00
   323   4.5806854150215731e-01   7.2006398620359233e+00
   324   7.5034666904100455e-01   7.6491573745201755e+00
   325  -2.3086104324044694e-02   7.2666818436474623e+00
   326   7.9409161892435509e-01   7.1397796018021102e+00
   327   1.1790548791301552e+00   7.4933386560812867e+00
   328   7.6414691849702909e-01  -7.4855614006259561e+00
   329  -3.7839108705430541e-01  -7.8100322423798643e+00
   330  -8.3728315575764323e-01  -7.3451418283812746e+00
   331   6.9171788319442717e-01  -7.6290817272939115e+00
   332   9.5462272974993545e-01  -7.3358786234701361e+00
   333  -8.1553592960222343e-01   7.7971638433998969e+00
   334   9.0743369580624023e-01  -7.9935335890125350e+00
   335   2.5576667720154378e-01  -7.1512888211933037e+00
   336   6.3260256685353922e-01   7.7031979677838383e+00
   337   4.2006897655630204e-01   7.9820752113264799e+00
   338   1.1472664925125924e+00  -7.9876101015969301e+00
   339   2.0804082981595862e-01  -7.5204291070649880e+00
   340   1.5442619041294650e-01  -7.7839560086245143e+00
   341   1.4290026239705274e-02  -7.5440449928547482e+00
   342   6.6498130795860333e-01   7.4927943001168025e+00
   343   6.2728012656315071e-02   7.4812581671032294e+00
   344  -3.3731992777152664e-01  -7.8540307784251207e+00
   345   3.9713470075902796e-01  -6.9757893292415361e+00
   346   5.1767256293312602e-01  -7.7599178606791535e+00
   347   5.5671571027787969e-01   7.7062623138170974e+00
   348  -2.7570002211537636e-01   7.9628817818400055e+00
   349  -9.2257938682459717e-01   8.1115556773106157e+00
   350   4.8118735426615072e-03   7.7104153184021902e+00
   351  -2.2736506021630559e-02  -7.6512973869729493e+00
   352  -4.3515157260120385e-01  -7.7282739231844984e+00
   353  -8.9654345426681381e-02   7.6604585621054300e+00
   354  -4.3848348708843776e-01  -7.4364678433377520e+00
   355   7.1216072959152188e-01  -7.7637312594987709e+00
   356  -1.1970852220151136e-01   7.8115328270868796e+00
   357  -2.0555552875073227e-01   7.3554814541089621e+00
   358  -7.5614310529083240e-01   8.2558701253752815e+00
   359   9.0638147390293022e-01  -7.3130597408610107e+00
   360   3.5043768830515186e-03   8.4462240686409711e+00
   361   9.5870438482051390e-01   7.6003614228871976e+00
   362   1.8173925352271883e-01  -7.6566422670821286e+00
   363  -3.9051633988898310e-01   8.0172287692322932e+00
   364  -1.0891995779385104e-01   7.6535560019788393e+00
   365  -1.4406756544377611e-01   7.9891160762674920e+00
   366  -2.6677071245562733e-01  -7.9754234894632612e+00
   367   7.4444351995038593e-01   7.7980376500238995e+00
   368   1.4484145027071721e-01  -7.5378767135627962e+00
   369   4.2660708143588533e-01   7.6191922886579260e+00
   370  -2.2628190853319369e-01   7.6897795372863120e+00
   371  -1.1026892717553800e+00  -8.1047600176064698e+00
   372   3.4831642361202175e-01  -7.8933148128828785e+00
   373  -4.5471292323305890e-01  -7.3065415873813233e+00
   374  -6.9216121390525565e-01   8.3280353378128886e+00
   375  -4.0771848156151624e-01  -7.6256914163480154e+00
   376  -2.0629672568530566e-01   7.6118644852697006e+00
   377  -1.3569323422193100e+00   7.9275578674824239e+00
   378  -4.2393896187226598e-01  -7.8633991233149363e+00
   379  -9.7758237462509456e-01   7.7894231938367300e+00
   380   3.7373564629016351e-02   8.2175949152447583e+00
   381   2.4788886338348429e-01   8.1418975747909847e+00
   382   2.6810398656662759e-01   8.1734537499007640e+00
   383  -3.7044229164229225e-01   7.9203423738796275e+00
   384   1.6016893617256300e-01   7.7643630042178033e+00
   385  -4.3834804408382133e-01  -7.8844570230109206e+00
   386   8.4232935651027852e-01  -8.2623536692415396e+00
   387   2.2690545963864364e-01   7.5855990071715702e+00
   388   3.1754682145044416e-01  -8.1900492279050514e+00
   389   9.0271394491514023e-01   8.0826968261725636e+00
   390  -2.6808663322551307e-01   8.0149645449741254e+00
   391  -4.4308152944915868e-03   7.6396225262149411e+00
   392   3.9846235598332565e-02  -7.8142025972380944e+00
   393  -3.4058266615247673e-01  -8.0141081017979587e+00
   394   1.5938880700124031e-01  -7.9042377408405056e+00
   395  -1.5767457410433663e-01   8.1921628523258772e+00
   396  -7.0083895434615517e-02  -8.3677745992384569e+00
   397   7.4768142813683003e-01  -8.7863680370612567e+00
   398  -5.1959215271099157e-01   8.2837576433649005e+00
   399  -8.0961739504765240e-01  -8.1492887574248059e+00
   400  -1.1378423237141304e+00   8.1297308599311915e+00
   401  -5.8649778291546517e-01   8.0756857732356551e+00
   402  -1.0533042853529804e+00   8.4650069624077933e+00
   403  -1.8643772809697778e-01  -7.7085417142772332e+00
   404  -5.3452799323800770e-01  -8.1183964226076597e+00
   405  -6.0519967778976436e-01  -7.7352157014520033e+00
   406  -6.5240362842624933e-01   8.7299720216257803e+00
   407  -4.0650137242522383e-01  -8.3947932795996731e+00
   408   1.3541663457490297e-01  -8.1500366965498596e+00
   409   7.6287591487239059e-01   8.4032081587982805e+00
   410   2.3584915222689212e-01   8.8877947537708604e+00
   411   8.0151177594962142e-01  -8.7072660287813228e+00
   412  -2.9227508061678599e-02   7.9611927649260421e+00
   413   6.3545397748927679e-01  -8.5907710227986893e+00
   414  -3.6400170603759485e-01   8.0510954095687275e+00
   415  -3.6149597664368283e-01  -8.2162563656385199e+00
   416  -2.7009297507760288e-01   8.2704874458076159e+00
   417  -2.8958568124409889e-02   8.8613125567598399e+00
   418   9.9988759631232593e-01  -8.2012271512144537e+00
   419   5.7795988742692060e-02   8.5397442693079348e+00
   420  -6.2488439033120968e-01  -8.3326288813041476e+00
   421   1.3350393133856250e-01  -8.6602345948915396e+00
   422  -3.0892676871152486e-01  -8.4279596772943677e+00
   423   5.0266479769825845e-01   8.3469600718928358e+00
   424  -1.0620595501517287e+00   8.6697508274845454e+00
   425   8.8884100987426440e-01   8.2101053416400180e+00
   426   1.1449336951623222e-01   8.3568333001272261e+00
   427   6.1203842623444422e-02   8.3714045583457217e+00
   428   1.5253191668022312e-01   8.8039188658699334e+00
   429  -4.0515774065624499e-01   8.5008732140122039e+00
   430  -5.9435457198246416e-02  -8.4366392137854795e+00
   431  -2.8444676984272532e-01  -8.6290297496693249e+00
   432   5.5167585886030457e-01  -8.1404647124428688e+00
   433  -7.7526108984405717e-01   8.5269925632614374e+00
   434   5.2294053533297546e-01   8.5179660959752521e+00
   435  -7.6046914929993370e-01   8.3364243757622845e+00
   436  -4.0367926165318052e-01   8.6621261016489601e+00
   437  -4.4819527749279908e-01  -8.7445292139068389e+00
   438   5.5919144339139504e-01  -8.8311042558602821e+00
   439   1.1051342686131756e-01  -8.3452101788799897e+00
   440  -6.2622056349084854e-01  -8.4254228751710798e+00
   441  -1.2299796536558203e+00   8.3564846787713414e+00
   442   1.1382331816990045e-01  -8.2633258426111009e+00
   443  -2.5564393526472773e-01  -8.5996609960139736e+00
   444  -1.4204796956873111e-01   7.9896016543510164e+00
   445  -4.8193130191866973e-01  -8.7296755033198501e+00
   446  -5.9919830105321381e-01  -8.8790034626642047e+00
   447   1.0643115082299663e+00   8.4842287381273653e+00
   448   5.2436995645628537e-01   8.6185391566460705e+00
   449  -1.0493805452212013e-01   8.7603391845899612e+00
   450   1.6400569776309664e+00   8.5569559622308393e+00
   451  -6.5685040004753592e-01  -8.1030926551772655e+00
   452   1.1755734524904689e+00  -8.6150809875642675e+00
   453   3.1889365338069642e-01   8.8045202491332972e+00
   454   2.8481635687815388e-01   8.7680404803084411e+00
   455  -1.1655611974844620e+00   9.1636344656012856e+00
   456  -2.5502718029860028e-01  -8.9291848537017966e+00
   457  -3.5064783273936173e-01   8.5549461723125031e+00
   458  -1.9142031738648302e-01   8.9028908176600297e+00
   459   1.4677113162108413e-01   8.8195226208963593e+00
   460  -4.3771114262291261e-01  -8.4821725552561809e+00
   461   1.3735232934247332e+00   8.9205103780782995e+00
   462   1.9489984080296330e-01  -8.8689696471399113e+00
   463   5.4396631387916483e-01   9.1475723983042219e+00
   464  -7.0106495087698131e-02  -8.5164362677785679e+00
   465  -5.8368995418876753e-02   9.0313301145626426e+00
   466  -4.4884551216799828e-01  -8.9372057313773716e+00
   467  -5.3542234171879954e-01  -8.5141039966084211e+00
   468   8.1666533957517273e-01   8.5698401436236917e+00
   469  -4.8443704958294770e-01   8.4675775010320340e+00
   470   4.9102249965601252e-01  -9.2671523577733925e+00
   471   1.4102784905409818e-03   8.7160072528299253e+00
   472   5.6126946763079510e-01  -9.0325897677186049e+00
   473   6.1775560975151611e-01   8.8078236240919665e+00
   474   7.7984601395513287e-01   8.8399989398682433e+00
   475  -2.8805647944059143e-01  -8.4611905124669935e+00
   476  -4.0134671376516148e-02   8.9894144483895264e+00
   477  -9.3917270591402846e-01   8.6729502826157123e+00
   478   1.0549913232675616e+00   8.8628974789275645e+00
   479  -8.3973558091079503e-01  -9.3971716649299921e+00
   480  -3.1778891699963130e-01   9.1749444781401230e+00
   481  -4.6607615060712781e-01  -8.5735380863042909e+00
   482   1.1296400398603348e+00   9.3440188695847919e+00
   483   2.6449952624595097e-01  -8.8822806157899343e+00
   484   6.1708169223920639e-01   9.1745093201216825e+00
   485   6.7788518973805711e-01  -9.2367987220235790e+00
   486  -2.9773170436179675e-01  -8.7992640051185251e+00
   487   4.2616215901305382e-01   8.6122060360354631e+00
   488  -9.4875055815521858e-01  -8.9425451142351093e+00
   489  -6.8235846823155488e-01   9.0984900114206955e+00
   490   1.5417721844849086e-01   8.8572937587239515e+00
   491  -4.2898915998300612e-02   9.3894498940792470e+00
   492   3.4757971921737874e-03   9.0202599450411824e+00
   493  -5.5561725699220155e-01  -8.8636654936433139e+00
   494   7.9294959122109043e-02   9.0586678772262132e+00
   495   1.1685765972091594e-01  -9.4261444508539149e+00
   496  -9.5532695548298818e-01  -9.0126308718314583e+00
   497   6.2318774217618700e-01  -8.9193074697056645e+00
   498  -7.3217754887375019e-01  -8.9087657429432205e+00
   499   1.7677640613307069e-01  -9.7346181456607521e+00
   500  -1.3028545101612391e-02   8.8999435104287414e+00
   501  -1.0573039800025044e+00   8.9492608532554030e+00
   502   3.6733961255050618e-01   9.2256796559855676e+00
   503  -3.5606617012511238e-01   8.6104134660678593e+00
   504   6.5447552614510607e-01   9.1988907063725733e+00
   505   3.2388500632350248e-01   9.1168016327434049e+00
   506  -8.6049419611737510e-01  -9.5583908412931997e+00
   507  -4.4422244444167269e-01   9.4492924590362666e+00
   508   8.4766670391056909e-01  -8.8414874077147321e+00
   509   7.4768737253075201e-01   9.0087332207346211e+00
   510  -1.4947790224415081e-01   9.1270081870820032e+00
   511  -1.1887205102024161e-02  -9.3804594568479356e+00
   512  -5.1725235996676566e-01  -9.6197122899378407e+00
   513   1.5887178833058249e-01  -9.3214605628406169e+00
   514  -1.0899820295009719e+00   9.2498645096554206e+00
   515   6.2697060240064617e-01  -8.9345077023355657e+00
   516  -3.2732682657364282e-01   9.2932629397643911e+00
   517   1.0924892128778482e-01  -9.5429724233564421e+00
   518   5.2429489064700796e-01  -8.8819183590247839e+00
   519   4.2584514900974602e-01  -9.1786905178848652e+00
   520   7.5255193152404462e-03   9.4774963714488329e+00
   521   3.9073376889123573e-01  -9.5388567186095194e+00
   522  -6.2260860871793589e-01   9.0492226869314507e+00
   523   7.5867110063536736e-01   9.3864211538734050e+00
   524  -8.1074701833286689e-01  -9.4813107439089279e+00
   525   3.2691500681304136e-01  -9.1632252425714675e+00
   526  -3.2957270424875013e-01   9.1678777103481188e+00
   527  -1.2762668630678775e-01   9.6067476014831730e+00
   528  -2.2071149209687088e-01  -9.0558666707687401e+00
   529  -9.7454782522306577e-02   9.1788325023250614e+00
   530  -1.1605664896424575e+00  -9.3535786567756229e+00
   531  -4.7463294031194292e-01   9.3345700679375199e+00
   532   9.7475770714429899e-01  -9.3329749265540070e+00
   533  -6.4581455228974072e-01  -9.5024097407016708e+00
   534  -9.5960037123601616e-01  -9.2762693497010371e+00
   535   1.7134627847077560e-01   9.7958412233843308e+00
   536  -9.0716304099042377e-01  -9.7934692960642433e+00
   537  -1.0156415456250918e+00  -9.8321691326712166e+00
   538   6.8066735044434656e-01   9.8940459851935891e+00
   539  -1.9844442663643025e-01   9.8214310935443905e+00
   540   1.3958858156269341e-01  -9.7757578239155372e+00
   541  -7.3641941142149514e-01  -9.2828265278785196e+00
   542   7.4015621193117431e-01   9.6202150605509775e+00
   543   2.9011466969824290e-01  -9.5487404937668554e+00
   544   1.0936951767333332e+00  -9.2521591808519243e+00
   545  -4.3225496938368679e-01   9.7303331927638794e+00
   546   3.9395845452669620e-01   9.9367897089327641e+00
   547  -5.2056449872968247e-01   9.3206854067171818e+00
   548  -3.4910478103486708e-01   9.3204209101682896e+00
   549  -9.3391577935866762e-02  -9.3870559973933929e+00
   550   2.0999599322803869e-01  -9.9134100702698493e+00
   551  -4.1184802781197893e-01   9.1296751556343452e+00
   552   8.4385221825138279e-01   9.5006483513606685e+00
   553  -7.6926636757988065e-01  -9.2582976303205218e+00
   554  -3.8088909185336423e-01   8.9369931169349996e+00
   555  -1.2444576590636533e-01  -9.8805364130920506e+00
   556  -3.2275031293173351e-01   9.6802605684903558e+00
   557   7.8163546768256464e-01  -9.9622525675894433e+00
   558   9.9135400463511747e-01  -9.7104362475626242e+00
   559   1.2039826343750908e+00  -9.7430725744851170e+00
   560  -2.4004089175985610e-01   9.6983272540471699e+00
   561   1.0360289272301464e-01   9.6156351971028169e+00
   562   3.3147369843144925e-01  -9.3715663150059267e+00
   563  -9.1345862971635772e-02   9.8927898721607637e+00
   564   8.6032194274521123e-01  -1.0283867066811945e+01
   565  -9.0660813254911687e-01   1.0179480964128881e+01
   566  -4.7893114767091477e-01   9.4636030877910517e+00
   567  -2.5859633477486865e-01  -9.4798968299461599e+00
   568   9.2370410557391813e-02  -9.7796925792095220e+00
   569   8.1993391687952677e-01   9.3868883375856580e+00
   570   3.1911694211969455e-01   9.5228825220360651e+00
   571  -1.2300028135543797e-01   9.7949490206156931e+00
   572  -9.1720482174712820e-02   9.6838745606707182e+00
   573   3.5852246668537252e-01   9.5031698477754478e+00
   574   2.2607925525052852e-01  -1.0122690190815934e+01
   575  -8.8200247966194001e-01   1.0039790842713762e+01
   576  -1.2678100843195236e-01  -9.5619602380070958e+00
   577  -3.5183249494396107e-01  -9.9572777568601936e+00
   578  -4.5006204915798859e-01  -9.9503674084570886e+00
   579  -4.4454447479192105e-01   9.7614305328129127e+00
   580   4.0808091892707071e-01  -9.7335869836032565e+00
   581  -3.1271607746941693e-01  -1.0379126948101524e+01
   582   4.6149917293782072e-01  -9.7379210910081664e+00
   583  -5.8636702889415171e-01   9.7878117310612218e+00
   584   2.0700589320125817e-02  -9.5365355654636748e+00
   585   4.3743126255398596e-01   9.9482213508660031e+00
   586   3.4877719885588604e-03  -9.6131511552906908e+00
   587  -1.2821566144507088e-01   9.8166481644866597e+00
   588   1.9977398758342135e-01   9.9288350900284339e+00
   589   7.1541734741442187e-01   1.0543323328776745e+01
   590   1.3345522003020125e+00   9.6518677479220241e+00
   591  -1.0835289341606715e+00  -9.5352274884136499e+00
   592   1.2998147863797793e-01   9.9333008990748883e+00
   593   1.3758050252621845e-01   9.9982778173867857e+00
   594  -1.1901507862049907e+00   1.0221646582151946e+01
   595   5.4641299104745100e-01   9.9187165859761706e+00
   596  -5.5015337313798107e-01   1.0002192674178918e+01
   597  -4.8403193848873410e-01   1.0501281533736037e+01
   598  -9.4293864454630186e-03  -1.0374735365137788e+01
   599  -1.3354650258791317e-01   9.4439827634204647e+00
   600   3.4831076020104779e-01   9.8499381493067268e+00
   601   9.1667505877807143e-01  -9.6719570205024414e+00
   602   3.1283577771241355e-01   9.8250189905414942e+00
   603   1.6986629546753648e-01   9.3431366590250864e+00
   604  -4.8187455799690188e-01   9.9182207618627132e+00
   605  -7.9140736882404394e-01  -1.0299971774654223e+01
   606  -2.2354073223455284e-01  -1.0086101317695773e+01
   607  -1.1189097090945472e+00  -9.6108296380541844e+00
   608   8.0652957323382335e-01   1.0284001631015421e+01
   609  -5.3239532289807223e-01  -1.0043851137722070e+01
   610   5.6494123020149245e-01  -1.0003447863407716e+01
   611  -1.7797936045195709e-01   1.0021864965975547e+01
   612  -1.1244448105373224e-01  -9.8480303662809643e+00
   613   4.8298188751738030e-01   1.0687275781620345e+01
   614   6.6140224981363271e-01  -1.0389234569109947e+01
   615  -8.6791400614477587e-01   9.8795041287987146e+00
   616  -1.4583422657213171e-01  -9.8535630169362882e+00
   617  -2.8548410807447250e-01  -1.0101967651995087e+01
   618  -6.6910461760045087e-02   1.0139383358405551e+01
   619  -2.4179231684137323e-01  -1.0441330750864273e+01
   620   3.4018954964146952e-01   1.0193587243925698e+01
   621  -2.1156713173140093e-01   1.0591411462413694e+01
   622  -3.0852644998610090e-01   1.0353692095815161e+01
   623  -8.4938331100489414e-03   9.9473553533657117e+00
   624   2.3524203355819273e-01   1.0467955473869740e+01
   625  -2.9334605028437211e-01  -9.6227728516050188e+00
   626  -1.4828581058931223e+00   1.0434541560066828e+01
   627   4.6278607837611280e-01   1.0405849689076012e+01
   628   5.8371366782283651e-01  -1.0075760982929173e+01
   629  -8.8386214259343432e-01   1.0416010919244963e+01
   630   5.0189755795759827e-01  -1.0575701060497526e+01
   631  -2.4420742421168390e-01   1.0452451778314360e+01
   632   9.0519465176442748e-01   1.0038062138053972e+01
   633   2.1844389970585937e-01  -1.0019665625031193e+01
   634  -8.0955125793955152e-01   1.0543946369384845e+01
   635   2.9612946747575730e-01   1.0519887145484351e+01
   636  -5.8412332870257166e-01   9.9682974787976288e+00
   637  -5.6525057044518512e-01  -1.0292780695319474e+01
   638  -6.2719676307043515e-01   9.8827828097500898e+00
   639  -1.2638880556710785e+00   1.0436352867635913e+01
   640   9.5492090663588616e-02   1.0150952975922252e+01
   641  -8.2200329893612323e-01  -9.9236853915171981e+00
   642  -2.8524765981888167e-01  -1.0874369034924706e+01
   643  -1.7112693285055963e-01  -1.0322744125658032e+01
   644  -3.1772559153345914e-01  -1.0901758754564986e+01
   645  -9.1231594935090099e-01  -1.0240053941523435e+01
   646  -9.6640895864298659e-01   1.0229483932392927e+01
   647   2.7214327001142546e-01  -1.0924427297843458e+01
   648   4.7111619741173072e-01  -1.0308275795666404e+01
   649  -6.5421999299324785e-01  -1.0389576205021669e+01
   650   3.7149262392486659e-01  -1.0471655291860911e+01
   651  -1.6208646118683112e-01  -1.0537596187679407e+01
   652   2.4728383463431164e-01  -1.0576657699287489e+01
   653  -4.9270637911035386e-01   1.0651105830471638e+01
   654   1.1723054786658763e-02   1.0557836031468710e+01
   655  -1.3707451710980983e-01   1.0595801045451378e+01
   656  -5.8555299913774106e-01   1.0094532495154823e+01
   657  -5.0594734897747506e-01  -1.0146441526856583e+01
   658   5.7698389751204660e-01   1.0477744288579458e+01
   659   3.4718255373353331e-02   1.0695333269171741e+01
   660   2.9099195854577692e-01   1.0582438687690818e+01
   661   6.4877485604192264e-01   1.0611938550393964e+01
   662  -1.5810973454633040e-01  -1.0668900431089025e+01
   663   6.0766537953133948e-01  -1.0046205820753146e+01
   664  -4.0565731720922010e-01  -1.0682399929785499e+01
   665   8.0108077678359191e-01   1.0857595360007858e+01
   666  -5.3557337843463593e-01  -1.0149873758715833e+01
   667   6.2613485207231057e-01   1.0638111629589831e+01
   668  -2.3146109188786901e-01   1.0524257634918614e+01
   669  -1.0105361593613726e-02  -1.0714115443001017e+01
   670  -3.0078532613194936e-01   1.1048081149625848e+01
   671  -9.1106201918734520e-01  -1.0828079882191222e+01
   672  -1.8551586339423098e-01   1.1068593893275168e+01
   673   6.2382669707003835e-01  -1.0380124814350872e+01
   674   3.7267806394655256e-01  -1.0317548110087573e+01
   675   2.9988338135986309e-01   1.0668279246230243e+01
   676  -5.1042457924817886e-01  -9.7135403769569404e+00
   677  -1.2152332301452717e-01  -1.0395010696371994e+01
   678  -2.7476113071991137e-01  -1.0935601936125982e+01
   679   1.0892328025878601e+00  -1.0860584774105767e+01
   680   3.7475221911424189e-01  -1.0556131493143777e+01
   681   3.3772567506370460e-01   1.0286617825903512e+01
   682  -4.2347764425923662e-01   1.0862511122669014e+01
   683   1.0243432621149630e-01   1.0470220088911072e+01
   684  -2.0497278592322241e-01  -1.0700071850487545e+01
   685  -2.3269284581019564e-01   1.1049586339663010e+01
   686   4.6012464654394597e-01   1.0844907942255986e+01
   687   3.0119254520296418e-01   1.0869455332040591e+01
   688  -2.6234884823843507e-02  -1.0244604307011567e+01
   689   5.7417467694259539e-01   1.0473485445117390e+01
   690   3.1618873616680421e-01   1.1090382280165636e+01
   691  -2.9704684854496494e-01   1.0491885566845108e+01
   692   4.6560578267868546e-01  -1.0909657153910805e+01
   693   2.2052162801741645e-01  -1.0739577032977664e+01
   694   7.8313596108271977e-01  -1.0702774478642869e+01
   695   6.6972113526612043e-01  -1.0882859542246612e+01
   696  -9.1853311718302122e-01   1.0375887644085013e+01
   697   7.5340502338510262e-01  -1.0420992394246170e+01
   698  -2.4869286526810530e-01   1.0564903231849808e+01
   699   1.3287058755984968e-01   1.0485195616068840e+01
   700  -3.2055983950941232e-02  -1.0478468464434288e+01
   701  -1.0174650633246796e+00  -1.1338392685233039e+01
   702   9.1894164373961384e-01  -1.0494847015396569e+01
   703   3.4382948157027393e-01  -1.0857710048995886e+01
   704  -2.1073052823774394e-01  -1.0695892495951201e+01
   705   6.4217296211803609e-02   1.0939146660146154e+01
   706   4.4764508981365761e-02   1.0400700450915242e+01
   707   1.2108834657281224e+00   1.0751597289988734e+01
   708  -1.1545712200377156e+00   1.0769111310690585e+01
   709   3.2181184294017223e-01  -1.0509331781297689e+01
   710  -1.2481431424351399e+00   1.1323198726369869e+01
   711   3.7275499459196010e-01  -1.0244165082752854e+01
   712   1.3687013253439587e-01  -1.0490766595111097e+01
   713   5.2905358083935206e-01  -1.0948435906018444e+01
   714   2.4570102935115667e-01   1.1101751464145449e+01
   715   3.8973733495636309e-01   1.0869757149188990e+01
   716  -1.5246417393696757e-01   1.1163831337264204e+01
   717   1.6648764216590786e-01   1.0851919065617015e+01
   718  -9.0266253463484225e-01  -1.0862863454299594e+01
   719   5.5921688398810321e-01  -1.0712019881655635e+01
   720  -3.3980039314782057e-01  -1.1028931364463112e+01
   721   4.8034511092315113e-01   1.0756488637240386e+01
   722   5.0187299493595994e-01  -1.0635228410135863e+01
   723  -4.2309172829708075e-01  -1.0977810927726383e+01
   724   6.9230401705016675e-01  -1.1323319070942684e+01
   725   6.6452261375528829e-02   1.1134977293985843e+01
   726  -1.5333691333340846e-01   1.1281605449544887e+01
   727   2.6876766513046979e-01   1.1036566460038470e+01
   728   5.3073998097219699e-01  -1.0993643969539420e+01
   729  -6.7983114445721249e-01  -1.0482622604568698e+01
   730   3.9877849615791494e-01   1.0810015168815772e+01
   731  -3.8604353597893926e-01   1.1330727313223571e+01
   732  -5.4261613271155508e-02  -1.1077299925556465e+01
   733   1.3584377891300392e-01   1.0712727420173804e+01
   734   5.6748795420664910e-02  -1.1000807097355350e+01
   735   6.0272929742939596e-01   1.1461926004668712e+01
   736   1.3016175077824887e+00  -1.0792240112114634e+01
   737  -2.7888356665183167e-01   1.1348512067725883e+01
   738   7.5606706545544777e-01   1.0926410484572049e+01
   739  -2.2209493606159311e-01  -1.1199264150479408e+01
   740  -2.5561932836724283e-01   1.1227574458322676e+01
   741   7.6767640574420415e-01  -1.0917856969565165e+01
   742   1.7775715397890693e-01  -1.0819615897134954e+01
   743  -3.6859776385692083e-01  -1.1164040315152077e+01
   744   5.1193912577328327e-01  -1.1002474049309638e+01
   745   4.4961270086966254e-01   1.0820108752581788e+01
   746   2.2567435839205027e-01   1.0952060506027294e+01
   747  -4.0325212517605380e-01   1.1007473011236517e+01
   748   6.7850367653413446e-01  -1.1462207841970987e+01
   749   1.2990291355743488e+00  -1.1119314493212329e+01
   750   5.7629039180716168e-01   1.1145411584083060e+01
   751   9.4238151331892106e-01   1.1183935212018856e+01
   752   8.2094416542683873e-02  -1.0765437984726480e+01
   753  -9.9496929679923307e-01  -1.1465835130884850e+01
   754   5.3470352313649305e-01  -1.0949982068896547e+01
   755  -8.3318065508553629e-01  -1.0725549496190064e+01
   756   1.7090726893986885e-01  -1.0765091777303796e+01
   757   1.3228236764534349e+00  -1.1385182615094118e+01
   758   8.8826077021433214e-01   1.0582281489322636e+01
   759  -1.6114732173579760e-01   1.0997935562965750e+01
   760  -8.2006906182610029e-01  -1.1679598865708408e+01
   761  -1.8687140360748518e+00   1.1273312274454515e+01
   762  -8.4352301506070226e-01  -1.0986914807916552e+01
   763  -4.2595234524852393e-02   1.1044918096767484e+01
   764  -4.9826887769638878e-01  -1.0849384713946796e+01
   765  -4.0594636505678655e-01  -1.1400242796727193e+01
   766   2.5194056378678387e-02  -1.0989427166373602e+01
   767   7.6159784481673842e-01  -1.0879853631577888e+01
   768  -1.3076017907842533e-01   1.1033875703469596e+01
   769  -8.3581076119186637e-02  -1.0690544237393114e+01
   770   3.6756708086600931e-01   1.1587801004943120e+01
   771  -3.0652850045145057e-02  -1.1432372223954621e+01
   772   9.3619704762821143e-01   1.1305940510255082e+01
   773  -3.9031717837987823e-01   1.0996045121109308e+01
   774  -3.3323052902205474e-01  -1.1468972869595232e+01
   775   5.2006676981606881e-01  -1.1520444967142806e+01
   776   1.0844141848400210e-01  -1.1055099226384204e+01
   777   7.6252048901493474e-01   1.1516681988576954e+01
   778  -3.4705902026729052e-01   1.0711345171939126e+01
   779   4.2743244516348733e-01  -1.1098584620287966e+01
   780  -3.4101722175858851e-01   1.1287767245694575e+01
   781  -2.3995955403791100e-01   1.1933761310426238e+01
   782   3.0173756060659090e-01   1.1631505175366931e+01
   783  -2.3434913766651480e-01  -1.1677965074016175e+01
   784   6.4859149848423026e-01   1.1162166079259437e+01
   785  -2.4058887807679613e-01  -1.1335251826308074e+01
   786   6.9514876561756422e-01   1.1547460544556717e+01
   787   4.9321393419822246e-01   1.1097928406517195e+01
   788  -2.1043095754006874e-01   1.1374491598988582e+01
   789   5.1743303949063602e-01   1.1139566231091408e+01
   790  -6.5506486717086432e-01   1.1584235202997576e+01
   791   5.8604383693314133e-01   1.1469328771241074e+01
   792  -3.6083375532867668e-01   1.1162198386165580e+01
   793  -1.5023640834683019e-01   1.1711919173563212e+01
   794   5.4407653070185913e-02  -1.1386155143873923e+01
   795   8.0068324202285129e-02   1.1242278935730742e+01
   796  -4.5914467528798880e-01  -1.1206648296248328e+01
   797   5.8369928902461410e-01   1.1300062474500990e+01
   798   5.1837153485692122e-02  -1.1938508854262942e+01
   799   6.6051380826148598e-01   1.1405290246571454e+01
   800  -1.7702064419946631e-01  -1.1541217396320967e+01
   801  -1.5260950487684983e+00  -1.1255486181870646e+01
   802  -2.7244123717494045e-03   1.1454693789637686e+01
   803  -2.4916585752794254e-01  -1.1255293985266356e+01
   804   5.6633427182292183e-03  -1.1711839294622681e+01
   805   7.5712670991816822e-01  -1.1441662259480612e+01
   806   1.2604800738132879e-01   1.1049823712130820e+01
   807   4.5909895575629833e-01  -1.1404835230753964e+01
   808   3.3912609979525173e-02  -1.1658928973556549e+01
   809  -6.4800667155802266e-02  -1.1772067316058855e+01
   810  -1.5208428564518758e-01  -1.1206621060792633e+01
   811   8.8942426596007618e-01  -1.1868458970415400e+01
   812   6.5184621444889124e-01  -1.1583487575842140e+01
   813  -3.9399041210791086e-01   1.1277837135876185e+01
   814  -3.2793952655885139e-01  -1.1571567972245520e+01
   815  -1.0201967209029486e+00  -1.1891322941641976e+01
   816  -7.3397085516527227e-01  -1.1278052027684057e+01
   817  -5.7245149198294532e-01   1.1674829498001722e+01
   818   6.6256098533689456e-01   1.1502781945391936e+01
   819  -3.9918994183910278e-01   1.1171663511890927e+01
   820   5.8573878041467276e-01   1.1602461039645211e+01
   821   5.1887170031823004e-01   1.1220823236884296e+01
   822  -1.8806706623961228e-01   1.1796614597261275e+01
   823  -6.1545783021947555e-02  -1.1955845748953257e+01
   824   2.7706028287151246e-01  -1.1520980582547695e+01
   825   1.2909303637874162e-01  -1.1130906956212314e+01
   826  -8.8093440133008616e-01  -1.1941974159893173e+01
   827   3.3111817231086599e-01  -1.1635971504552478e+01
   828  -1.0137247215543639e-02  -1.1530230496467835e+01
   829  -6.3419385038625031e-01   1.1887575159687593e+01
   830  -8.1207762497005731e-01  -1.1688290657817989e+01
   831  -4.2292213226119613e-01  -1.2190828407007967e+01
   832  -1.2309031559344086e+00  -1.2419698562469339e+01
   833   1.8678237679984094e-01  -1.1759139300006309e+01
   834   5.4138788173718233e-01   1.1653931327689239e+01
   835   4.6875416523440283e-01  -1.1673532032339104e+01
   836  -2.8874491490747456e-01   1.1306559449442680e+01
   837   4.6152497169111512e-01  -1.2012440662155834e+01
   838  -3.2947740573818490e-01   1.1531172283775515e+01
   839   1.2230123447851240e+00   1.1653668338816898e+01
   840   4.0692398281612518e-01  -1.1548415081078376e+01
   841   4.1823500759994214e-01   1.1506495810514810e+01
   842  -1.2646789979003015e-01  -1.2224683528579694e+01
   843   5.0594889122168241e-01   1.1623665954192125e+01
   844   8.5306841655961987e-02  -1.1541764160782970e+01
   845  -5.0898414587164165e-01   1.1948288873377052e+01
   846   1.0200224617628373e+00   1.1792096262852624e+01
   847   1.2015967070697184e+00   1.1473871088093953e+01
   848  -2.6023761681712093e-01   1.1856765495848036e+01
   849  -5.3459882974666717e-01   1.1959998014558668e+01
   850  -1.3406626070308243e-02   1.1536564112961987e+01
   851  -9.1782134905383939e-01  -1.2368712534305962e+01
   852  -2.3071589085505897e-01   1.1641353556401169e+01
   853   4.1856362962657123e-01  -1.2145645791253850e+01
   854  -6.3875957458012755e-01   1.2500338441159982e+01
   855   4.5601987624894602e-01   1.1497890568532656e+01
   856  -3.2356441767764305e-01  -1.1922922629758393e+01
   857   4.1440991156601686e-01  -1.2130918941706136e+01
   858   4.4891567777038122e-01  -1.1821100997033190e+01
   859  -9.4898996296293267e-02  -1.1870507812203664e+01
   860  -1.5436978334891155e-01   1.1941738651241126e+01
   861  -5.7607630827245548e-01   1.1690483306801715e+01
   862   1.2319141474661741e-01  -1.1861920298708709e+01
   863  -1.1739599448145699e-02  -1.1692074379393182e+01
   864   1.1552033719015851e+00   1.2170132495558200e+01
   865  -9.9742973960938641e-01  -1.1803981227461060e+01
   866  -3.3584653979043633e-01   1.2254910477910141e+01
   867  -4.3415557213741240e-02   1.2025366581565576e+01
   868   1.6932300378495618e-01  -1.1831695476189148e+01
   869   1.1044632740234039e+00   1.2386919699177374e+01
   870   1.0451868018109076e-02  -1.2319333830852006e+01
   871  -1.0255440766861225e-01   1.1901654957906331e+01
   872   7.0263760665683617e-01   1.2259391849590363e+01
   873   3.2200101700238742e-01   1.1807294626175270e+01
   874   5.9392321507628210e-01  -1.1981819246624314e+01
   875   2.3962505509793391e-01   1.1884353427948810e+01
   876   1.2478662303996229e+00   1.2045134535480265e+01
   877  -3.6573451010709079e-01   1.1958411856298897e+01
   878   9.8744722886090236e-02   1.2410439285300741e+01
   879  -8.7301047425216716e-01  -1.2416036640907247e+01
   880   4.9085679513332064e-01  -1.2551771309223296e+01
   881  -8.6525575392229825e-01  -1.2253221465010764e+01
   882   5.3928404410518438e-01  -1.2115204223832970e+01
   883  -9.6536071787654498e-01  -1.1873461215797080e+01
   884  -6.5159985693188616e-01  -1.1949155911424828e+01
   885   4.9293899786428158e-01  -1.2389071352786061e+01
   886   1.9706669958724529e-01  -1.2302239417730092e+01
   887  -9.4438979266750378e-02  -1.2088364616025821e+01
   888  -2.6044677665133159e-02   1.2553010748448452e+01
   889  -4.8990236762291563e-02   1.1790044087399970e+01
   890   4.3116928422773521e-01   1.2424914516657930e+01
   891   1.3558347785448328e+00   1.1801276142484740e+01
   892   5.3572898342700426e-01   1.2088567566486361e+01
   893   1.8401493523650711e-01  -1.2203677525569750e+01
   894  -2.1388472185338187e-01   1.2147310384559949e+01
   895   2.9741003599647176e-01  -1.2405946496515186e+01
   896   1.0233220023589365e-01   1.1876831657596590e+01
   897  -3.6143937274722641e-02   1.1832914281604017e+01
   898  -9.2846723951933730e-01  -1.2294237213850664e+01
   899   4.4386811839210333e-01   1.2166115082680156e+01
   900  -1.5663850971426529e-02   1.2146709830507145e+01
   901   4.0629970364465218e-01   1.2449268741027479e+01
   902  -1.4298712791491885e-01  -1.2211648230437266e+01
   903   3.1025653773803330e-01  -1.2501242677648838e+01
   904  -3.6740738326486125e-02   1.2162638639889019e+01
   905  -5.4872702163027731e-01   1.2321359379581269e+01
   906   9.4103089753911873e-01   1.2557138245999743e+01
   907  -7.7878952685664457e-02  -1.2531913683028288e+01
   908   2.1217680874506484e-01  -1.2330425373159461e+01
   909  -1.3666616671650242e-01  -1.2135332621477330e+01
   910  -8.5570046846137837e-01   1.2299990501136710e+01
   911   1.8286095750248216e-01  -1.2184204942334938e+01
   912   6.9402370945335223e-01  -1.2003863089555020e+01
   913   1.0191825231082126e+00   1.2365485285445802e+01
   914   1.1593813004568938e+00  -1.2220031446535664e+01
   915  -4.2837049586508208e-01  -1.2183488668964600e+01
   916  -1.0799952857587924e-01   1.1841306628490143e+01
   917  -4.3584081358275864e-03   1.2843378331054556e+01
   918   3.4099479305128055e-01   1.2635591103740428e+01
   919  -3.5466889159910292e-01   1.2667979836919494e+01
   920  -7.6510134229162974e-01   1.2190165281122345e+01
   921   1.8709082781963907e-01   1.2849363992960724e+01
   922  -8.0874427421303041e-01   1.2457728843462451e+01
   923  -1.0892932228416923e+00  -1.2012898054330167e+01
   924   3.9325213808241874e-02  -1.2219440487684896e+01
   925  -4.6808378782586357e-01   1.2812599169695336e+01
   926  -7.5654561946039700e-02  -1.1880199547895945e+01
   927  -2.4100045699533901e-01   1.2134836444578674e+01
   928   3.9317199561384453e-01   1.2085398623724272e+01
   929  -1.1942249045494813e-01  -1.2123083931838156e+01
   930  -3.6636192431812564e-01   1.2672122592475977e+01
   931   2.8916373069484247e-01  -1.2677913352691338e+01
   932   1.5778676263346497e-01  -1.2703764798172813e+01
   933   2.2809012469261281e-01  -1.2267206695124191e+01
   934  -1.0024938408394299e+00  -1.3105944983716071e+01
   935   3.1040336974442079e-01   1.2022659985270801e+01
   936   2.3199490292258393e-01   1.2623706391391192e+01
   937  -1.9646236755438007e-01   1.2392351051232483e+01
   938   2.3866922267670979e-01   1.2564771211628958e+01
   939  -6.4984533794951926e-01  -1.2292649021630019e+01
   940  -4.4970071388940563e-01  -1.2101732472068068e+01
   941   1.1461819929307220e+00  -1.2802816038982266e+01
   942   2.9251153540379660e-01   1.1936033247563921e+01
   943   3.5304480315619075e-01  -1.2509261301448408e+01
   944  -1.5803613202290542e-01   1.2089814399858192e+01
   945   1.9864792923259444e-01  -1.2872438844491899e+01
   946   1.1884709395912035e-01  -1.2590252137339315e+01
   947  -2.0934059351996551e-01  -1.2394065774325231e+01
   948   1.1447409526058729e-01  -1.2683282573780293e+01
   949   3.3035370488274718e-01  -1.2237889209268436e+01
   950  -9.2188424047946083e-02   1.2502512898357631e+01
   951   4.0599152354117729e-01  -1.2428017001417210e+01
   952   4.2022071666730360e-01   1.2161043046615267e+01
   953  -7.0962566379641337e-02  -1.2434914699611067e+01
   954  -7.7053717249121656e-01   1.2397755014285593e+01
   955   2.8402053861352183e-01  -1.2107276448332900e+01
   956  -2.1258342312589071e-01   1.3032484924988664e+01
   957  -8.7925881390496397e-01  -1.2625953764017259e+01
   958  -3.7012158097564807e-01  -1.2750425453672896e+01
   959   1.9925859680822400e-01  -1.2482888252804724e+01
   960  -3.8696537088270894e-02   1.2340988936692836e+01
   961  -3.4981619758696758e-01  -1.2694059640822914e+01
   962   1.9153328555152482e-01   1.2942987912911276e+01
   963   3.4681781652715538e-01   1.3377590008200784e+01
   964  -4.2449635401315011e-01  -1.2428273671138500e+01
   965  -8.2364541983543005e-01  -1.2204804805263400e+01
   966  -6.1957870000000670e-01   1.2655862771671766e+01
   967   6.4125149958990449e-02   1.3006130908612255e+01
   968  -7.2067522423780495e-01  -1.2803573462877178e+01
   969   5.9712075570434175e-01  -1.2373097892247120e+01
   970  -1.6667287981269599e-01  -1.3227485484781356e+01
   971   2.4904160570058720e-01  -1.2296654903924059e+01
   972  -9.9400795246763596e-01  -1.3017986704068679e+01
   973  -5.0056202891030743e-01  -1.2645356765376627e+01
   974  -4.6877257663943800e-01   1.2695246709708272e+01
   975  -8.3371324032124405e-01  -1.2899523979630747e+01
   976   2.3682982183408352e-01  -1.2620789518894446e+01
   977  -2.4270076572845853e-01   1.2729633499845640e+01
   978   2.7383343000413890e-01  -1.2208429748329378e+01
   979   7.3937811545745869e-03   1.3127051461934631e+01
   980   6.9212132442167187e-02  -1.2783360378169521e+01
   981  -9.1643415967466435e-01   1.3410557514580738e+01
   982  -9.5658624286609939e-01  -1.2704836637288302e+01
   983  -9.9067148001738914e-01  -1.2464790593413259e+01
   984   1.2092569789302428e+00   1.3062790206929648e+01
   985   2.3979550889218205e-02   1.2880967997475848e+01
   986  -5.7797626641311994e-01  -1.2652035883055040e+01
   987  -1.0239388110146053e+00  -1.2765197026128881e+01
   988  -2.5099270333077600e-01   1.2997685114469682e+01
   989   2.9637625366729003e-01  -1.2488825668464028e+01
   990   1.1244933284199556e-01   1.2604984147693555e+01
   991  -5.0156539117852761e-01   1.3068673214061011e+01
   992  -6.7921327820009236e-01   1.2908931430175929e+01
   993  -4.4153301270625445e-01   1.2519834041915244e+01
   994   3.4852891769557130e-02   1.3137398538823696e+01
   995  -4.5540174431088476e-01  -1.2514861326727704e+01
   996   7.8139308878556926e-02  -1.3122952424349252e+01
   997   1.3821392910162980e+00  -1.2866041782824365e+01
   998   2.9957497170374425e-01   1.2668966520735591e+01
   999   8.4382692125856210e-02   1.2502289777933067e+01
  1000  -4.8846739633138297e-01  -1.3084079790347795e+01
  1001  -4.4122203725843682e-02  -1.3289595749968596e+01
  1002  -8.6833499986911988e-01   1.2949066161286630e+01
  1003  -9.3030778801433411e-01   1.3236207357217987e+01
  1004   3.1639127534096445e-01  -1.2867850149748371e+01
  1005  -6.9333338169614747e-02   1.2960483584094492e+01
  1006   5.7235497963748305e-01  -1.2894629989913334e+01
  1007   5.3191062471735473e-01   1.3376029497149554e+01
  1008  -5.6810183596564412e-01   1.3079494703360847e+01
  1009   6.0547770054452366e-01  -1.3032208890997254e+01
  1010   1.0253296254609430e+00   1.3202228136322942e+01
  1011  -7.8681933238620749e-01  -1.3562456099598467e+01
  1012  -2.2090865509446403e-01  -1.2411990642903078e+01
  1013  -2.7559306586179050e-01   1.2909104627292050e+01
  1014  -8.4307174321226641e-01   1.3442520526029424e+01
  1015   8.5099464051429569e-02  -1.2747173758760850e+01
  1016  -1.9415156858855390e-01  -1.3011219625741797e+01
  1017  -1.1694588132565391e+00  -1.2516641295390560e+01
  1018  -7.5000781864511007e-02  -1.2893311053043288e+01
  1019  -4.9516444505690047e-03  -1.3081760496935550e+01
  1020   6.3811396440885226e-01  -1.2617200225917129e+01
  1021   5.3594576496884649e-01  -1.2913713878860975e+01
  1022   8.7113131132941557e-02   1.3185440775075904e+01
  1023  -1.1936711795247781e+00  -1.2568340549790070e+01
  1024  -2.4978469609335265e-03  -1.3382392698044859e+01
  1025  -2.0238978808968841e-01  -1.2965440731120742e+01
  1026  -8.7885811758585453e-01   1.3282844255415515e+01
  1027  -1.2032883662127161e+00  -1.3247911764640454e+01
  1028  -1.3641835849714037e-01   1.3034193660983787e+01
  1029   2.7379549451052110e-01  -1.3382447553566269e+01
  1030   3.3982364272094545e-01  -1.2887726536049767e+01
  1031  -3.3060002395611043e-01  -1.3183117210453613e+01
  1032  -4.3802306659475065e-01   1.3149474471344446e+01
  1033  -3.0258805637795427e-02  -1.3175530693048778e+01
  1034  -2.4683546816958205e-01   1.2668310117137613e+01
  1035   4.1637742970062347e-01   1.3606306758274002e+01
  1036   3.7841076266378648e-01   1.3328931857168149e+01
  1037  -4.3987364493912806e-03   1.3240944656571786e+01
  1038   3.3328392209765123e-01  -1.2786666056486530e+01
  1039  -4.9704791900461037e-01   1.3665142023053685e+01
  1040  -4.2512580989060073e-01  -1.3333378526144131e+01
  1041   5.4021718089026949e-01  -1.3269140381145158e+01
  1042  -1.2763806659106736e-01   1.3287237775364172e+01
  1043   3.8377143149774040e-01  -1.2957329565876945e+01
  1044   1.6790009396854139e-01  -1.2547531942879326e+01
  1045   1.0513166925075872e-01  -1.3051306492281634e+01
  1046   2.6911261570624134e-01   1.3006876916438774e+01
  1047   5.4997476136623125e-01  -1.3183527005823080e+01
  1048   1.4704610433408766e-01   1.3388666515672540e+01
  1049   1.3170387901129210e-01  -1.2836498939587957e+01
  1050  -1.8829988425390365e-01   1.2857689294315279e+01
  1051  -6.0835922477820470e-01   1.3024741438018589e+01
  1052   1.0414910372745800e-01   1.3084460494997462e+01
  1053   3.7078712559873073e-01  -1.3068066931916098e+01
  1054   9.6088027058052217e-01   1.2909631436587738e+01
  1055  -6.9267903129003106e-01  -1.3126012240851976e+01
  1056   6.9648265139043952e-01  -1.3546458668468601e+01
  1057  -1.1269205690269177e+00  -1.3530982303984819e+01
  1058  -2.9202521708775175e-01  -1.3482020495013156e+01
  1059  -1.0299144114179494e-01  -1.3273198314764979e+01
  1060  -4.6696019574356956e-01  -1.3248454711405287e+01
  1061  -3.3264554631944271e-01  -1.3171346479387342e+01
  1062   6.7040197175991278e-01  -1.4169218913381709e+01
  1063  -8.7140055378854808e-01   1.3402024452997720e+01
  1064  -3.2470250819075652e-01   1.3407176587879670e+01
  1065  -2.5835304713472290e-01   1.2909064749568696e+01
  1066  -2.3492079279735498e-01  -1.3484491833697454e+01
  1067  -3.8549535370179377e-01   1.3204099492247723e+01
  1068  -3.7827664362093039e-01  -1.3428835138339100e+01
  1069   1.8870683721686571e-02   1.3291602557425728e+01
  1070  -3.8098881896170933e-01  -1.3407938123333032e+01
  1071  -1.0560370682530178e+00  -1.3925798790010450e+01
  1072  -4.8234699720855506e-02   1.3500781111066663e+01
  1073  -5.4457004151841826e-01  -1.2893986806051782e+01
  1074  -1.2072418962003695e+00   1.2846418459991304e+01
  1075  -2.7783155681836175e-01  -1.3467596848260911e+01
  1076   1.4552923827594366e-01  -1.3633163665769096e+01
  1077   3.3884264482553744e-01  -1.3440484397596679e+01
  1078  -2.8288453215905984e-01   1.3096597989532329e+01
  1079   4.2636824715313532e-01  -1.3613329680607237e+01
  1080   1.0720644967213413e+00  -1.3644640544130622e+01
  1081   7.5927002036104307e-01   1.3525057713263234e+01
  1082   2.3118726296663372e-01  -1.3471576446662352e+01
  1083   2.3811646211200056e-02  -1.3343223257460016e+01
  1084  -1.1031625947855319e+00  -1.3569983941660569e+01
  1085   3.1547840581467090e-01   1.3592780874205157e+01
  1086   7.4211126303947261e-01   1.3042671552478973e+01
  1087   9.2823618350892834e-01   1.3816311411306893e+01
  1088   3.4658300428975830e-01   1.3264811209645275e+01
  1089   4.1489590420729294e-01   1.4205085575039906e+01
  1090   4.8388935674450984e-01  -1.2844682702954081e+01
  1091   3.2986151666720576e-01  -1.3919440664570114e+01
  1092  -1.0912151963230805e+00   1.3555277217574226e+01
  1093  -2.3481244705804530e-01  -1.3502307184724023e+01
  1094   3.7409001655696239e-01  -1.3171833053797847e+01
  1095   5.8311816712080175e-02   1.3827303012076372e+01
  1096  -6.1498256200981496e-02  -1.3763158900986143e+01
  1097  -6.3142983364216210e-01   1.3458062749942391e+01
  1098  -5.1918140764292608e-01  -1.3601185509690229e+01
  1099  -1.0454364937753171e+00   1.3746273507563840e+01
  1100  -3.8362038737652504e-01   1.3699894785097124e+01
  1101   1.2202084149094266e+00   1.3809665895043663e+01
  1102   7.3441931901630217e-02   1.3628698363025238e+01
  1103  -7.2597786557931726e-02  -1.3275194323327453e+01
  1104  -1.1300074386744061e+00  -1.3502393179392028e+01
  1105   1.1936332176055211e+00  -1.3107746428438302e+01
  1106   6.9208234588470008e-01  -1.3235607098332618e+01
  1107  -5.9192689134576837e-01   1.3232708768196771e+01
  1108   6.3976696910245312e-01  -1.3793370978174414e+01
  1109  -1.0308084170420186e+00   1.3816801321476712e+01
  1110   2.0684965830625526e-01  -1.3216614025077055e+01
  1111  -1.7549777957415405e-01  -1.3348347476259216e+01
  1112  -2.6037691256174256e-01   1.3794665021661604e+01
  1113   9.0091200974945562e-01   1.3316415948913436e+01
  1114   4.1098894172373945e-01   1.3705244692697214e+01
  1115   7.6499586184455315e-01  -1.3548863326782969e+01
  1116   4.6770424494621210e-01  -1.3260456533694484e+01
  1117  -2.7443058048225316e-01  -1.3976880065134072e+01
  1118   3.4084935962344953e-01   1.3672490726285234e+01
  1119  -1.6757400735619910e-01  -1.3652387028277762e+01
  1120  -9.9081033233223959e-01  -1.3180949698987295e+01
  1121   8.1038904252457233e-01  -1.3862407927028910e+01
  1122  -9.0667882155581214e-01  -1.3349608222770268e+01
  1123   6.6604669403654571e-01   1.3578044191175815e+01
  1124   8.6657248687548560e-01  -1.4005302141767972e+01
  1125   2.3605317531772679e-03   1.3687897653802715e+01
  1126   2.6532399562596254e-01   1.3453137585674883e+01
  1127   1.9246379001044109e-01   1.3862295197695680e+01
  1128  -2.0429530200709378e-01  -1.3901032097652873e+01
  1129   3.0018894929238327e-01   1.3881129541877216e+01
  1130  -9.1730020397889545e-01   1.3428185477939929e+01
  1131   1.7476421617060153e-01   1.3534553504986873e+01
  1132  -3.2485595765511194e-01   1.3818480679692968e+01
  1133   8.9790679740480051e-01   1.4028962178700958e+01
  1134  -4.9040485746521138e-02  -1.3483681857107580e+01
  1135   7.4444682319268007e-01  -1.4123339973157371e+01
  1136  -1.7552444436711281e-01   1.3620359969093316e+01
  1137  -4.0690840683113327e-01  -1.4124188118400781e+01
  1138   6.7271181336222785e-01  -1.3800979138244919e+01
  1139  -7.6239954931706744e-01   1.3065521907708487e+01
  1140  -8.8618940614775721e-01   1.3734914956816837e+01
  1141  -2.6678547171526706e-01   1.3758535471065789e+01
  1142  -5.7813630464613908e-01  -1.3744062890488765e+01
  1143   5.7602475993581181e-01  -1.3726857439891603e+01
  1144  -9.1701999336678697e-01  -1.4027091448925558e+01
  1145  -1.4554846662723964e+00   1.3921965622047985e+01
  1146   3.2454245435302564e-01   1.3902546139969512e+01
  1147  -7.8714040471310021e-01  -1.3432526559532315e+01
  1148  -8.6467466883564925e-01  -1.3774643398284120e+01
  1149   3.1471911193412561e-01   1.4082282402344706e+01
  1150  -1.7131473770549477e-01   1.3502742364913475e+01
  1151   5.1966716172688887e-02  -1.4375350474874102e+01
  1152  -7.3806357620101501e-02  -1.3787156129126728e+01
  1153  -8.2993464942609307e-01  -1.3777547208301652e+01
  1154  -3.4447127978401149e-01   1.3854872292976269e+01
  1155  -2.9683229977446209e-02   1.3705612830690425e+01
  1156  -1.1044765627472621e+00  -1.4094479503026442e+01
  1157  -3.5130857666570015e-01  -1.2989225304356717e+01
  1158   9.0192247478830556e-01  -1.3547838805177834e+01
  1159  -2.1319229911252785e-01  -1.4390681698971958e+01
  1160  -5.0862746255935598e-01   1.4447803008860477e+01
  1161  -2.1658306205100999e-01  -1.4041687765443276e+01
  1162  -2.9013259798783875e-01   1.4070503676698058e+01
  1163   1.9815601333542956e-01  -1.3953390964647761e+01
  1164  -6.3603522698219939e-01   1.4062932884872822e+01
  1165   5.6424444532565475e-02  -1.3992939766817932e+01
  1166  -8.4928732932713302e-01  -1.4029505475668548e+01
  1167  -3.5993097472568147e-01   1.3995130389899989e+01
  1168   6.9912774914877063e-01   1.3575232296274313e+01
  1169  -8.6523879816583882e-01  -1.3324315615714751e+01
  1170   6.6988987716277482e-02   1.3447178995673609e+01
  1171   3.9676955574210811e-02  -1.4200446462930069e+01
  1172  -8.4941212328677809e-02  -1.4512064420436314e+01
  1173  -1.9360633402295124e-01   1.3803819806012369e+01
  1174  -4.4721780954134061e-01  -1.3699269814740695e+01
  1175  -2.0979707811330572e-01   1.4023311323747485e+01
  1176  -4.9598235253744634e-02  -1.4210564361965618e+01
  1177   3.3428188350701094e-01   1.4484758583360733e+01
  1178  -3.3061728930147097e-02   1.3826311944588355e+01
  1179   3.5388907982292037e-02   1.4198596615733665e+01
  1180   2.0184296901753645e-02   1.3860549977796721e+01
  1181   1.3356799968254398e+00   1.3897887385563081e+01
  1182   8.8024445256007089e-01   1.4128352078681582e+01
  1183   2.8417153169760478e-01   1.4121442099640936e+01
  1184   3.0292155095470657e-02   1.4146954289791898e+01
  1185   6.0243746601326698e-01  -1.4298511008293326e+01
  1186  -3.8731481634567755e-01   1.4025275340599167e+01
  1187   1.8160574147653215e-02  -1.3971437936294407e+01
  1188  -3.6445439866426216e-01  -1.4111044401958070e+01
  1189  -2.5118002241841497e-01   1.4138620097147157e+01
  1190   7.4266823528337833e-01   1.4178573944273191e+01
  1191  -3.6964867106071531e-01   1.3944334221488058e+01
  1192   4.0316588783555302e-01  -1.3819197714112901e+01
  1193   6.5886425709161389e-01   1.4139288185892630e+01
  1194  -2.1092999910396759e-01  -1.4337113163803537e+01
  1195  -1.5786974572664672e-01   1.4332492484223566e+01
  1196  -4.4687647454995527e-01   1.3961032568225965e+01
  1197   8.3560784271465183e-01  -1.3826706887501512e+01
  1198   6.5089536095695633e-01   1.3963941970185605e+01
  1199  -1.2012873969124054e+00  -1.3979652750544306e+01
  1200  -1.2033260042316862e-03  -1.4112918071647478e+01
  1201  -2.1059964234987461e+00  -1.4417804416204152e+01
  1202  -2.6878020170487732e-01  -1.3698705014019188e+01
  1203   6.6537790987297696e-01   1.3874544992833359e+01
  1204   6.5238588818486723e-02  -1.4445932018743818e+01
  1205   6.0713106496110325e-01   1.4242376042636607e+01
  1206  -2.2010808652168579e-02   1.3817007168383626e+01
  1207  -7.4057006104938461e-01   1.4051978886084715e+01
  1208  -6.2630113373636231e-01  -1.4203548125697202e+01
  1209  -1.5659110745383845e-01   1.4402778131790296e+01
  1210  -2.6359204817374027e-01  -1.3734852524231208e+01
  1211   9.3757207334629933e-01   1.4399491333391428e+01
  1212   4.1573789824398133e-01   1.4693546436514612e+01
  1213   1.0469138728674110e+00  -1.3917431730173018e+01
  1214  -9.4389134632178751e-01   1.4514822368088064e+01
  1215   4.3504782460946960e-02   1.4206154549035855e+01
  1216   2.1283347379558551e-01   1.3896563457471910e+01
  1217  -1.8861391418640494e-01  -1.4227278202194009e+01
  1218  -9.2518577589206852e-01   1.4543795658539043e+01
  1219   7.6145953492281593e-02   1.4013964174166492e+01
  1220  -6.9936952279209694e-02  -1.4343385223679734e+01
  1221   1.0546535044592698e+00  -1.4535763057403569e+01
  1222  -3.3940189926071085e-01   1.4435586931112855e+01
  1223  -2.3558088598622703e-01   1.3976654108699520e+01
  1224   6.2048589964206224e-01   1.4196641912331438e+01
  1225  -6.2756337161710873e-01   1.4294019647118660e+01
  1226   3.4992485059013079e-01   1.4256667000244999e+01
  1227  -4.9252757296948702e-01  -1.4282901624602340e+01
  1228   2.8249452338928682e-02   1.4214242145552189e+01
  1229   4.0210730801632155e-01  -1.4564600386086763e+01
  1230   1.6000742586067940e-01  -1.3943724674942137e+01
  1231  -5.7616248421675875e-01   1.4611668517456417e+01
  1232   4.8065848404523903e-01   1.3968581717149446e+01
  1233   4.3532140794223873e-01  -1.4621314982442168e+01
  1234   4.6578837320203548e-01  -1.3798742009757589e+01
  1235  -7.3363611045431709e-01   1.4313362109843570e+01
  1236  -2.7583345880187254e-01   1.4684120300080934e+01
  1237  -3.5383634865121705e-01   1.4438234901628480e+01
  1238  -3.9077922090762982e-02  -1.4347818250902606e+01
  1239  -4.9656554869417047e-01   1.4250863553542803e+01
  1240  -1.1286722700849379e+00  -1.4433485860924863e+01
  1241   2.7884325769786661e-01  -1.4810742494277703e+01
  1242  -6.0589703191113453e-01   1.3950253905577304e+01
  1243  -7.0843122688792326e-01   1.4674367775926395e+01
  1244  -1.5065400275024204e-01  -1.4785708057486323e+01
  1245  -6.2830205702966235e-01  -1.4243859758856857e+01
  1246   5.0864845408197445e-01   1.4387005934531929e+01
  1247  -4.8438814796232765e-01  -1.4520092100771059e+01
  1248   3.2722819827547478e-01   1.4564731167679453e+01
  1249   5.3364466349420736e-01  -1.4470167479574053e+01
  1250   7.2437588069692738e-01   0.0000000000000000e+00
