  1750
     1   1.1057296378753589e-01  -1.6656010521487302e-01
     2  -2.5565452649767251e-01   7.9277988546882594e-01
     3   4.4840235354370439e-01  -3.2540850077655376e-01
     4  -6.9032591161549517e-01  -1.0667546736416154e+00
     5  -7.5891282305486274e-01  -1.4974676967357892e+00
     6   5.4346766402319913e-01  -6.1937890169442311e-01
     7   9.0177214992487142e-01   1.1543432393750550e+00
     8   1.1842393171600687e+00  -1.2373818397973253e+00
     9  -3.8869131731270767e-01  -1.5069019056012769e+00
    10  -5.1416184236785756e-01  -1.6179551136578130e+00
    11   1.9627189784946553e-01  -1.6819510542326090e+00
    12   4.1006350542003844e-01  -1.1744392764644942e+00
    13   2.3573595694566185e-02   1.6016634954588835e+00
    14  -1.0797269372447871e-01   1.2968554442006066e+00
    15  -3.8133862076550340e-02  -1.6753325500830443e+00
    16   1.2334449229688134e+00  -1.6456005793474446e+00
    17  -2.6937460987510997e-01   1.3381175562430063e+00
    18  -2.2286618361678512e-01   1.8608541952518283e+00
    19  -2.4320854490919697e-02   2.1522047092507228e+00
    20  -9.2734372979397950e-01   1.4296885644009405e+00
    21   4.0077972852472410e-01  -1.5806822440032657e+00
    22  -8.3883906729881597e-01   1.2763722997832829e+00
    23   4.3407811484152881e-01  -1.7365794936190702e+00
    24  -4.1239256655260420e-01   1.9344984376963916e+00
    25  -9.2318830410600616e-01   2.0562987828210830e+00
    26  -1.0200692681197443e-02   1.7782958436055720e+00
    27   1.8351307897362651e-01   1.9912055834522142e+00
    28   1.0602035793163350e-01  -2.2943070952361713e+00
    29  -3.2438025330568915e-01   1.7922146413907205e+00
    30  -1.9814316383617536e-01  -2.4193664495489817e+00
    31   7.1998249322860686e-01   2.3038924270353536e+00
    32  -7.2225174415242388e-01  -2.3660136008592234e+00
    33  -1.5830024472953760e-01   2.5604514681245654e+00
    34  -6.9049412292836654e-01  -1.9900865094024307e+00
    35  -7.2474891464020873e-04   1.8653026905759835e+00
    36   1.1094097770027495e-01   2.5454968074697097e+00
    37   2.7386787550999714e-01  -2.2682326806721669e+00
    38  -4.5318619381471154e-01   2.8198818870019515e+00
    39  -6.5843643518403139e-01   2.5994888346883815e+00
    40   9.3692541531219156e-02   2.6070791642949942e+00
    41   1.9915126568825745e-02   3.2132909195131867e+00
    42   1.2411759815934720e+00  -2.4475996280852281e+00
    43  -3.9275016505238614e-01   2.9045514882223888e+00
    44   9.9885880193185905e-01  -3.1376466269044849e+00
    45  -8.0247846967178002e-02  -2.8762213489521513e+00
    46   2.4223932334007833e-01   2.4473865797981569e+00
    47   7.5118618338348958e-02  -2.9215615998400715e+00
    48  -5.2778988971782004e-01   2.9721405287087133e+00
    49  -1.2003944318452252e-01  -2.4820855198951324e+00
    50   8.4848424290733915e-02   2.8527413773515642e+00
    51  -4.2580383094071589e-01   2.6933538957389627e+00
    52  -7.6583189122866335e-01   3.0712690888075547e+00
    53   1.2594004812017179e-01  -3.0602666480622402e+00
    54   3.0769607529687590e-02   2.9189801943400946e+00
    55   1.0810433955242112e-01  -2.8745234552392227e+00
    56   1.7310358376896894e-02   3.2963930910355637e+00
    57   4.7869404021671036e-01   3.8558848092201665e+00
    58   9.8281742361299079e-02  -3.0718039263357295e+00
    59   1.7005854733885113e+00   3.3578008934545900e+00
    60  -9.8379704112986979e-02  -2.7905003167881350e+00
    61   7.2897065181296816e-01   3.0916029826808407e+00
    62   7.0382458815032301e-01   3.1917952257462070e+00
    63  -6.2698779051508513e-01   3.0231150921235961e+00
    64  -5.1913258540862484e-01   3.4245133978161246e+00
    65  -6.9100615250450415e-01   2.9758316521468715e+00
    66   2.6052618309914161e-01  -2.7071420864124489e+00
    67   5.8534957606974392e-01   3.0231786517838932e+00
    68   1.2474952580915848e+00   3.8346291666294117e+00
    69   1.0658233884017609e+00  -3.3696743978765018e+00
    70   2.9479992663445675e-01   3.1403800483816990e+00
    71  -9.9376258264533918e-02   3.6899150277076620e+00
    72   4.8278862495939789e-01   3.5382333761599774e+00
    73   6.3309455836420303e-01   3.3261063648969267e+00
    74   8.8006601737296319e-01  -2.8906694929210923e+00
    75   5.9296622934765841e-02   3.7899520194839482e+00
    76   5.6168944567512147e-01   3.7785958567126245e+00
    77   1.5091527319848058e-01   3.8004404319506628e+00
    78   1.0649799675719638e+00   3.6368911457084767e+00
    79   7.1389551380217731e-01  -3.4575514463922747e+00
    80   1.0066033087506459e+00  -3.7540717232208807e+00
    81  -1.3484117240833349e-01   2.8915409528426821e+00
    82  -7.4991189570931116e-01   3.7372846888774753e+00
    83   4.3252595146607759e-01  -3.6259045292008807e+00
    84   2.4448497493096369e-01   3.6746261125217949e+00
    85   1.3480746917250841e-01   4.3623764745179372e+00
    86  -6.7021226628066088e-02   3.8562545989955668e+00
    87   1.0531046715414121e+00  -4.1326415017534819e+00
    88   3.7156213219029749e-01  -3.6300795190604314e+00
    89   3.6088252252308822e-01   3.9440959999158638e+00
    90   1.5411932145123480e-01  -3.9244341102551590e+00
    91   4.4952022593520535e-01   3.9650337016870272e+00
    92   2.4554058606366769e-01  -3.5336748605714154e+00
    93  -5.6235491356513678e-01   4.0386572049912548e+00
    94  -7.7476483801904461e-01   3.6981513545610669e+00
    95  -3.7110635107288410e-02   4.1737249727992820e+00
    96   1.5352872911924249e+00   4.1549692021498323e+00
    97   2.8171046518373916e-01  -4.1487176438767905e+00
    98  -9.0694585387065305e-02   3.9532723148789861e+00
    99   1.1431337923454225e-01  -3.7142708501297377e+00
   100  -1.3522788992326487e+00  -3.9714602355350777e+00
   101  -1.2161628990771503e+00   4.1668052371189255e+00
   102  -3.0727967262943662e-01   4.0141816202033169e+00
   103   1.9353452869914836e-01  -4.3559038865450397e+00
   104  -9.4553739047077212e-01   4.5382372610503765e+00
   105   8.0558210494534543e-01  -4.2400688425632751e+00
   106  -1.0124325623373425e+00   4.3675092693321229e+00
   107  -6.4704314508822769e-01  -4.1687019033608275e+00
   108  -2.6469874292792878e-01  -3.9277789016038618e+00
   109   6.5110285418028502e-01  -4.8065770969093489e+00
   110   2.7283896045330225e-01   4.7985523919130566e+00
   111   5.2973094750097849e-01   4.3122425167588112e+00
   112   3.6910288022833054e-01   4.2418546290245285e+00
   113  -2.9490652849122545e-01  -4.4143972305116028e+00
   114  -4.6260583642256725e-01   4.7325717301521761e+00
   115  -2.8762576538090542e-02  -4.1897794324073416e+00
   116   1.4415839407421216e-01   4.4610140096760826e+00
   117  -1.8569656788322608e-01   4.2681487128203752e+00
   118   5.5943638928913919e-01  -4.1717113525560334e+00
   119   9.5322200859660519e-02  -4.3088184774706866e+00
   120  -9.7180020447541010e-02  -4.6727441476050213e+00
   121  -6.5026355438170047e-01   3.9358393674576231e+00
   122  -7.7429628761885683e-01  -4.5642370129970793e+00
   123   6.4220691924526685e-01   4.3232357445913356e+00
   124  -6.0445834779370722e-01   4.5442788787196005e+00
   125  -7.5110134756602331e-02   5.3858540417155885e+00
   126   8.3677263278356706e-01   4.4823582157749122e+00
   127   4.6603170524485621e-01   4.6392166189871835e+00
   128  -3.4927169902971017e-01   4.9813355818888922e+00
   129  -1.0891147973087896e+00   5.1757409179197307e+00
   130  -1.0597923937110225e+00   4.5779055822154264e+00
   131   1.0699750895940663e+00  -4.9828974853947168e+00
   132   6.0260554243636744e-01   4.3828817935020892e+00
   133  -4.0565609170789030e-01   4.2930326178089198e+00
   134   1.5861951624564619e-01   4.7880540738894677e+00
   135  -9.9068297358448326e-02   4.6731594043052160e+00
   136  -1.5950093154128257e-02  -4.6215651265185054e+00
   137   4.2107444838827768e-01  -4.7524275448001605e+00
   138  -1.0729132642154604e-01   5.0684295273800126e+00
   139  -5.6078492353073706e-01   4.6261333014738550e+00
   140   3.7778512922721705e-02  -4.4816001641589658e+00
   141  -3.0164634053790673e-01   5.0319832530582485e+00
   142  -1.7132291638224129e-01   5.0346200362977012e+00
   143  -3.2067892818315014e-01   5.2482631882076340e+00
   144  -4.7997324514174905e-01  -4.9230727975471043e+00
   145  -5.9064331748427179e-02  -4.9597096280741413e+00
   146   2.6482132349043608e-01   4.6553816446699479e+00
   147   4.1654047494285695e-02   5.3693117011928724e+00
   148   9.1652071271612123e-01  -4.8804939484519876e+00
   149   3.8884778100475303e-02   5.0565968774268271e+00
   150  -1.2386030793921563e+00  -4.6346776391451039e+00
   151  -3.9775303437247278e-01   4.9693302614928152e+00
   152   4.2098708915196176e-01   5.2315396484881385e+00
   153  -1.1005773735866777e+00   4.7697442514445960e+00
   154   2.4239777430524226e-01   4.7537845675783332e+00
   155  -9.5317229937697590e-02   5.0441165814994582e+00
   156  -8.2658197235985845e-03  -5.1550815763146947e+00
   157   2.0797176559593711e-01  -4.8888229697201870e+00
   158   6.8329440399324715e-01   4.6770087710986052e+00
   159   4.2758425599382414e-02  -4.8438929391325347e+00
   160   2.5679987904046608e-01  -4.7722497303083866e+00
   161   3.7996579842882977e-01  -5.0093073678892193e+00
   162  -4.9736897013566213e-02   5.3725655182506680e+00
   163  -4.2691155323150443e-01  -5.2142434291029485e+00
   164   6.1982585570709559e-01   5.1111982069170736e+00
   165   7.6500664667663465e-01  -5.4374064190134357e+00
   166  -8.3554485366823550e-01  -5.2992010600848971e+00
   167  -7.2432108039053522e-01  -5.2540497522156544e+00
   168   9.9818944029733703e-01  -5.3358678799015333e+00
   169   1.7440650300518892e-01  -5.2562887168924126e+00
   170   4.6223586296367714e-01  -5.1169123281337052e+00
   171  -5.3259085979533316e-01   5.5985794562406772e+00
   172   3.4136003596372234e-02   5.4506057408458286e+00
   173   3.9090587746494082e-01  -5.2719282039191997e+00
   174  -5.9797422715766990e-01  -6.2854656119648808e+00
   175  -9.5336976851993674e-02   5.4428181204183081e+00
   176  -8.8242401932250702e-03  -5.1014425225018645e+00
   177  -1.1119632560146893e-01   4.9385429279344430e+00
   178  -8.5443254236788424e-01  -5.8351983335907365e+00
   179   5.2279371843748235e-01  -5.4487855873153945e+00
   180  -7.7576292472582775e-01   4.8066593298749067e+00
   181  -1.0371721250559818e-01   5.2368087546383251e+00
   182   1.9880856572701389e-02   5.5917970487000348e+00
   183  -3.5812626349707338e-01  -5.1438579018885831e+00
   184   2.2245272684202212e-02  -6.1307886324588825e+00
   185   3.5812522285195669e-01  -6.3361919812308436e+00
   186   3.4990908755713490e-01   6.1706065108171160e+00
   187  -2.2930924513414063e-02  -5.7308325611915958e+00
   188  -3.9432881176719925e-01  -5.8588340231117089e+00
   189   3.7577826560337396e-01  -6.1311241096228493e+00
   190   5.5617593171139146e-01   5.7424833755320268e+00
   191  -2.9662392895297635e-01   5.2544429585621950e+00
   192  -3.7453474929612283e-02  -5.4912228239582443e+00
   193  -6.5014250609333302e-02   6.1021871565426515e+00
   194  -1.2255979430654835e-02  -5.6639082264986378e+00
   195  -3.7805065599906129e-01  -6.0241146657681046e+00
   196  -5.0736839579687562e-03   5.5118437765285977e+00
   197  -7.5604745443342991e-01  -5.3147491240144991e+00
   198   4.4819269853727590e-02  -5.4048822242598291e+00
   199  -1.8358590673502609e-01  -5.8507660346518859e+00
   200  -7.8745378409099259e-02   5.9253736611983063e+00
   201  -1.1646080495251994e+00   6.0512408259305133e+00
   202   6.4326203285005623e-01   5.8431091262135810e+00
   203   9.4785786378763737e-01  -5.9091963897321316e+00
   204  -1.7918019738703672e-01   6.1379437694402945e+00
   205   4.2960345286315338e-01  -5.5522831465174747e+00
   206   5.6747077062393392e-01   5.9509821530949161e+00
   207  -7.8018223555090849e-01  -6.0279590155916614e+00
   208   3.9485859505590548e-01   6.1693408608889291e+00
   209   7.7639877350503816e-01  -5.6634699510700708e+00
   210  -2.4543982482175292e-02   6.0245139204534928e+00
   211  -5.4659057339248140e-01   5.6878070941164669e+00
   212   1.5607127021833703e-01   5.9409541297161734e+00
   213  -2.9933804144000231e-01  -5.4873309248275772e+00
   214   2.1461376650327990e-03  -6.1743582133026607e+00
   215  -3.1976328320104547e-01  -6.2396329951326974e+00
   216   1.2757422515234584e+00   6.0247663514146748e+00
   217   1.6618409397077194e-01   5.8970667448776739e+00
   218  -1.8299548788003486e-01  -6.1044266239229303e+00
   219   6.0082126813357506e-02   6.3076867976496835e+00
   220   1.9228390878775581e-01   6.8042157385324176e+00
   221   2.8884162497946986e-01  -6.3327089373564949e+00
   222   8.9622407366856360e-01  -6.1170614700404720e+00
   223   8.1285114885291709e-01  -5.5089758355606078e+00
   224  -3.1438264852659042e-01  -6.0241590366516631e+00
   225  -9.1029715090760432e-01  -6.4384321213091678e+00
   226   3.0773454806228789e-01  -5.9530710666349593e+00
   227   1.1817256686212056e+00   5.5601932370092220e+00
   228  -3.6202217594938518e-01  -6.1474330699413171e+00
   229   1.1299574258420308e-01   6.3295773757544831e+00
   230   6.2733447051823132e-01   6.3082583242493229e+00
   231   1.4738086116729610e-01   6.5102108383784385e+00
   232  -4.9501147653672539e-01   5.8622800307235119e+00
   233   6.3656814864398970e-01   5.9818106534989646e+00
   234   1.2488049473305431e-01  -6.3643000470945061e+00
   235  -4.1632716021562904e-01   6.0297632986968477e+00
   236  -9.3284404684611189e-01   6.5201630539115545e+00
   237  -3.5878333537786011e-01  -6.1747190956361333e+00
   238  -4.3267275638550923e-01  -6.5001754090006703e+00
   239  -4.6560555984436536e-02  -6.3305309881973040e+00
   240   9.2493991664357866e-01  -6.2779314595495670e+00
   241  -8.9710408067061165e-01  -6.5950021279808375e+00
   242   6.2019747744537779e-02   6.3441040830830344e+00
   243   4.6224932960569698e-01   6.6844052580710169e+00
   244  -6.3373920935346595e-01  -7.1048875716346647e+00
   245   7.2009865033334208e-01  -6.3115011603512974e+00
   246  -9.7208045109719032e-03   6.3931639788601533e+00
   247   5.1157417637219693e-01   6.8532617363572763e+00
   248  -6.7149176144904565e-01  -6.6600125545158724e+00
   249  -4.9002607433120637e-01   6.5833067730340131e+00
   250  -6.0628922756728287e-01   6.4042382941352614e+00
   251  -1.5204719389695778e-01  -6.2933209797132106e+00
   252  -3.0248052690911914e-01  -5.9287843729167289e+00
   253  -4.2001662838386289e-01   6.7587009164418062e+00
   254   1.1288426501082728e-01   6.0714464831335651e+00
   255   5.1287286787075104e-01  -6.5054349212584377e+00
   256  -1.9194290801545605e-01  -6.9532167775307903e+00
   257   4.5261959833942123e-01   6.5526472950413783e+00
   258  -4.2242522498647586e-03   6.3194705053932418e+00
   259   3.5091512541145820e-01   6.8064037146060263e+00
   260   7.2655939039189599e-02  -6.3582190032146517e+00
   261  -4.0045084478797760e-01   6.1019176683074505e+00
   262  -3.5036538216917545e-01  -6.6681631028216817e+00
   263  -4.5007958425676636e-01   6.9083639597432605e+00
   264   6.8071643805404181e-01   6.6246386785869920e+00
   265  -4.2276729826859372e-01   7.1212482787982356e+00
   266  -8.8910015208971127e-01   6.2898703752981806e+00
   267  -1.2949625165093348e+00   6.5665852886396436e+00
   268  -4.3812645732151551e-01  -6.9532089806264743e+00
   269  -3.6090794113824071e-01  -5.8028985978603265e+00
   270   1.0043496418214126e-01  -6.4907983396329456e+00
   271  -7.5476052196141408e-01  -6.5170913968942941e+00
   272  -3.3260282762225993e-02  -7.2246194735780902e+00
   273   6.0641738371485554e-01   6.4139339679690757e+00
   274   7.8570853293998566e-01   6.6459226207480233e+00
   275   1.0608736071028411e+00   6.2767772158100534e+00
   276  -7.6975086593976250e-01  -6.7620352008559994e+00
   277  -4.6346499913245331e-01  -6.9311740264237578e+00
   278  -6.3250892875518849e-01  -6.6322449779801751e+00
   279   1.1058125983817233e+00   6.9237648918509178e+00
   280   3.7928390273753565e-01  -6.1788222282589453e+00
   281  -2.5273132976722784e-01   7.2682787924542147e+00
   282   6.5001183777189142e-01   6.5908923258242167e+00
   283   6.8855106098031205e-01   7.0297037410492011e+00
   284  -2.5865454393068327e-01   6.4901256293983920e+00
   285   6.2169428477869071e-01   6.6622171895524467e+00
   286   1.9406878709602182e-01   6.9470595288324031e+00
   287  -1.1445527666397433e-01   6.6008550705937177e+00
   288   2.4895254865114090e-02   6.7706256122638413e+00
   289   1.2926184373753826e+00  -6.5026020372182991e+00
   290   2.3282070364309904e-01  -7.5151547259284834e+00
   291  -2.1973908709774445e-01  -7.0352383008650108e+00
   292  -8.3016073380248956e-01  -7.5310576045779021e+00
   293  -8.2768736058193371e-01   7.5339801386016143e+00
   294   7.9418980735349809e-01  -6.9485094675484129e+00
   295   8.7279117876233950e-02  -6.7806974398694972e+00
   296   9.9136339517581762e-01   7.0972450032011247e+00
   297   1.2106923072923261e+00  -7.0057188948199878e+00
   298  -2.2129523147234667e-01  -7.1087589962934237e+00
   299  -1.9387876418504835e-01   7.6443553123818768e+00
   300  -3.7976802196107834e-01  -7.3221327287809226e+00
   301  -6.3981812414504391e-01   7.4163146630309651e+00
   302  -6.7515360015899994e-01  -6.9955684815322892e+00
   303   3.6005314091786902e-03   6.9901466859887096e+00
   304   8.9844273043497991e-01   6.9473970230400433e+00
   305  -2.3062437802691751e-01  -6.7721350911679137e+00
   306   2.0042296425109268e-02  -6.6757561016410705e+00
   307   9.9664337466986130e-01  -7.4590502285125133e+00
   308  -1.6811991591075337e-01   7.0222123955099143e+00
   309  -1.4779552756635728e-01   6.8039492755244524e+00
   310  -3.3978902421312784e-01  -6.8245419700447094e+00
   311   8.0061538097447404e-01   6.7154142524202722e+00
   312   2.3081979580445494e-01  -7.2023920746273884e+00
   313   5.2587504471070423e-01   7.0452805520969557e+00
   314  -3.0371268848021865e-01  -6.8973640026555607e+00
   315   2.8469200832538077e-01  -7.3112416346740003e+00
   316   2.1790521180112385e-01  -7.2322674013319492e+00
   317   2.5412870029446433e-01  -7.3755752529128049e+00
   318   1.1213262048725334e-01   7.0092615883452183e+00
   319  -4.9065570263426334e-01   7.1236773211377011e+00
   320  -7.3682700991809819e-02   6.5924037171117007e+00
   321  -4.2216761423842686e-01   7.2385066941798719e+00
   322   7.8570463292202930e-01  -6.8122726980862485e+00
   323   2.2166264140421707e-01   7.0501692803915335e+00
   324   7.3351999123176970e-01  -7.4781373027985980e+00
   325   6.9514181204219083e-01  -7.5034467525349262e+00
   326  -5.5989449200531316e-01  -7.4922876323811725e+00
   327   9.5368889523477135e-02   7.7912747129119753e+00
   328  -2.5049642865261207e-01   7.0837843650771850e+00
   329  -8.1711488042235814e-01   7.7155234377101092e+00
   330  -2.2690014025984134e-01  -7.5158077568345663e+00
   331  -2.7763414670048964e-01  -7.4581774370081311e+00
   332   4.4790809249586078e-01   7.3762922099013384e+00
   333  -5.8089564430967633e-01  -7.5960699311250632e+00
   334  -4.6890350675650005e-01  -7.5255590825010605e+00
   335   3.0236270520149389e-01   7.2693834464553646e+00
   336   2.4442553623459806e-01  -7.0604138243453463e+00
   337   4.8598649054455334e-01  -7.5649975621443071e+00
   338   9.3497932794942229e-01   7.6212488619688195e+00
   339   1.1049650738033208e-01  -7.9611284034307239e+00
   340   2.8287504529998174e-03   7.6520621984268269e+00
   341  -1.3330124630043305e-01   7.8562366499857577e+00
   342   1.3932431767726872e-01  -7.2923263943664143e+00
   343  -1.0815853079730219e-01   7.3989203669120931e+00
   344   1.0312930798457720e-01   7.7902351116490740e+00
   345   1.0672744893358357e-01   7.3645122905342610e+00
   346  -3.3081546901619391e-01   7.7588495583551529e+00
   347  -1.4880287494052211e+00   8.0858733703648369e+00
   348  -9.7419720081365666e-02  -7.6257951536127893e+00
   349   9.1038998863117671e-02   7.5565263146726416e+00
   350  -2.6501276249936528e-01   7.4019392133229154e+00
   351  -3.1059943234627782e-02  -7.6864695370896108e+00
   352  -1.2620069949813884e-01   7.3954874654469513e+00
   353  -2.9165479102562314e-01   7.6202283393036003e+00
   354  -4.4392357225244583e-01   7.8872321291134249e+00
   355   9.7877229194745807e-01  -7.8260546724572615e+00
   356  -6.5369425806925796e-01  -7.3712764113460638e+00
   357   4.2919034702490833e-01   7.4825369802920134e+00
   358   3.1277659538099306e-01   7.1907162882570850e+00
   359   5.6354353079876096e-01   7.7525155632473188e+00
   360  -4.5320472415068108e-01  -7.3085716321873617e+00
   361   9.6573268321306815e-01   7.6049967737861994e+00
   362   2.0141354914375054e-01  -7.9748455541291383e+00
   363  -6.6126030442710726e-01  -7.5682504715968433e+00
   364   2.0019613840856174e-01  -7.9906643480558603e+00
   365  -5.0810356978828564e-01  -7.8781070539534008e+00
   366  -6.2464832486810817e-01   7.9624426561127120e+00
   367   1.2024926808368535e+00  -7.8511676050469950e+00
   368  -4.1617105952714434e-01  -7.4864860960236532e+00
   369   2.8713059097503874e-01  -7.5741099646664134e+00
   370  -6.0996262283805169e-02  -7.7432111353954527e+00
   371   6.3337589748048551e-01  -7.2990373272381257e+00
   372  -8.0163566458952257e-02  -7.5895967370170450e+00
   373   9.3916552736260206e-02   7.7419117210686519e+00
   374  -2.8515505817584130e-01   7.6168723012833821e+00
   375   3.0122797191286971e-01  -7.8052091978512186e+00
   376   4.9896468626795948e-01   7.6724399476363230e+00
   377   5.3154744842487445e-02  -8.0273976836199115e+00
   378   3.7875448710857865e-02   7.4715000354058230e+00
   379  -3.0067252249462811e-01  -8.2506151807649051e+00
   380   8.3974777575824244e-01  -8.1048039756563277e+00
   381  -2.4369255944737614e-01  -7.9734818076127603e+00
   382  -8.9331965864605178e-01   8.4020947891052788e+00
   383  -9.5260868674177639e-03   8.0005515362750756e+00
   384  -3.0840114726727944e-02  -8.1630716629949376e+00
   385  -3.6646292362208022e-01  -7.7112005639378243e+00
   386   2.9123898460406317e-01  -7.8346664631252683e+00
   387  -1.7014997400143121e+00  -8.1504118747900858e+00
   388  -8.3965643200978579e-01   8.1755735299230015e+00
   389  -3.4751071954717293e-02   8.0086695645794137e+00
   390   5.1069089666946166e-01  -8.3600649211788038e+00
   391  -7.9227440686998862e-01   8.3333996188339974e+00
   392   3.5669276421405555e-01   8.1778334828855339e+00
   393   1.0224433711235070e-01  -7.8415871080536608e+00
   394   4.3624819595099440e-01   8.3615697783371079e+00
   395  -5.0006386979380990e-01   8.3968945735400702e+00
   396   1.0527318081986528e+00  -8.0906243840562908e+00
   397   1.0063536961906547e+00  -8.1195633295701910e+00
   398  -4.7341732242063750e-01   8.0906077859076877e+00
   399  -5.4440723421976778e-01  -7.9802274368015640e+00
   400  -1.1314081798347386e-01   8.0786030523423751e+00
   401  -3.0584824777881903e-01   8.3722851262689826e+00
   402  -3.3984698827716614e-01  -7.9231880368040075e+00
   403  -4.1124435669580829e-02  -7.4449470389700778e+00
   404   3.1849788277686653e-01   8.2256160475380398e+00
   405  -6.2840433907489046e-01  -8.5755826904694228e+00
   406  -3.0622926363204900e-01   7.9881726237098185e+00
   407   1.4064848360818807e-01   8.3263857728343389e+00
   408  -7.7628324816253025e-01   8.5795083956298761e+00
   409   4.3868146109588796e-01  -8.5279203013736726e+00
   410  -1.9123347122372986e-01   8.0184823372250182e+00
   411  -1.8603043628280160e-02  -8.2808733598214843e+00
   412   8.1564163929325340e-01  -8.7193135373928321e+00
   413   1.9028459329594091e-01  -8.0356108944493290e+00
   414  -1.6728610738019942e-02  -8.1231183341837383e+00
   415  -1.2378249525276401e+00   8.3306297132079639e+00
   416  -3.6899917808066907e-01   8.1473742067015440e+00
   417   5.5623766011115483e-01  -8.1975736326225022e+00
   418   4.4277850582064245e-02   8.5204730941991276e+00
   419  -7.6211514636314759e-02  -8.7050054062101161e+00
   420   4.8039357003312505e-01  -8.7344579713554626e+00
   421  -7.4404800882032762e-01  -8.5207348266930563e+00
   422  -5.1126959501800284e-01  -8.5219197459768701e+00
   423  -4.7320316406460167e-01   8.7219294336152426e+00
   424  -2.9240243949112538e-01   8.7073494956798445e+00
   425  -1.7854184396315093e-01   8.6794464213214919e+00
   426   2.9772933832036441e-01   8.5721568489728952e+00
   427  -4.7797124855846884e-01  -8.5064033282008609e+00
   428  -4.9260696382701662e-02  -8.3162262699675864e+00
   429  -8.5904832676825679e-02   8.5987675561171653e+00
   430   1.2971210626298041e-01  -8.8217237853647763e+00
   431  -2.0699467089412787e-01  -8.3384251928491029e+00
   432   1.6146625600829492e-01  -8.3593048289097549e+00
   433   3.1371553903964322e-01   8.0358555746702489e+00
   434   5.3358483148769831e-01  -8.5932121067984006e+00
   435   4.7599942860216171e-01   8.7925891205187234e+00
   436   2.7865627204200216e-01   8.7980893067051191e+00
   437  -3.1879876966754350e-01  -8.2934195748699775e+00
   438  -1.8468682682724086e-01  -8.9799883091281352e+00
   439   7.4114582936652607e-01   8.5549183068321888e+00
   440   3.1556673574745675e-01   8.0308623379230415e+00
   441   7.4952476802776935e-01   8.5303605472507638e+00
   442  -6.2110013130055253e-01  -8.9135160257234745e+00
   443   8.6307585019901667e-01  -8.9967354920408251e+00
   444  -4.0829238160487896e-01   8.7959460741241617e+00
   445  -1.4902601991740022e-01  -8.7438226128169436e+00
   446  -1.5094450571869861e-01  -8.8430767128113139e+00
   447  -1.8146790896688425e-01  -8.0288758790593171e+00
   448  -6.9277370251130244e-01   8.5252174992192398e+00
   449  -5.1252199459589987e-01   8.5417447769879953e+00
   450   4.4838518186593751e-01   8.8873862283983396e+00
   451  -1.3671865819126935e-01   8.6920473845838018e+00
   452   2.2601105167387589e-01  -8.4945417606886124e+00
   453  -2.4122042947379116e-01  -8.6074236946354414e+00
   454  -8.6648213457747136e-01  -8.9307303430703087e+00
   455  -1.8371445429591027e-01  -8.6969231386517745e+00
   456   2.0253988592943881e-01  -8.5181584408656743e+00
   457  -4.2639976428798709e-01   8.3826418799864264e+00
   458  -5.2382063812122881e-01   9.1807618823225230e+00
   459  -7.5935808969998797e-01   8.8181184111225157e+00
   460   4.9033014530169672e-01  -8.3487583567857691e+00
   461   1.5013331199877571e+00   8.9958361439134631e+00
   462  -8.7924838981019604e-01   9.1885320492103872e+00
   463   4.8444499916719719e-01  -8.2758274171748170e+00
   464   4.0394022109862160e-01   8.6236730541210260e+00
   465  -3.7000436446622709e-01  -8.9342328272925986e+00
   466   4.9148079736150452e-01  -9.3163766318382901e+00
   467   8.8736307736608122e-02   8.5938804039083454e+00
   468  -1.6970527872881414e-01   8.7546669389806535e+00
   469   1.1070154523549613e-01   8.8894216983653731e+00
   470   2.9511999565536962e-02  -9.0888163091479512e+00
   471  -6.6777044851396805e-01  -8.8450417006921338e+00
   472   1.5423180220108079e-01  -9.1432745220852318e+00
   473  -1.0255419093047891e+00  -8.3856274754094358e+00
   474  -7.5957436174304360e-01  -9.1625792187123842e+00
   475  -1.2316790820552797e+00   9.1339511103910542e+00
   476   9.3227272818352058e-01   9.1595770729901496e+00
   477  -9.5024169680480355e-03  -9.5423945778121162e+00
   478   1.5854906181151868e-01   9.0489011817454301e+00
   479  -1.4825599082823249e-01  -8.3286611958431980e+00
   480   7.2828115515855163e-01  -8.9046513528423024e+00
   481   1.0779054079502821e+00   8.6331644702270225e+00
   482  -4.2829468316238345e-01  -8.4475577028734783e+00
   483   5.3801664070115190e-02   8.2122208705585003e+00
   484  -3.9224215168895293e-02   8.9678048352550430e+00
   485   2.1028611164847286e-01  -9.5355691338653052e+00
   486   5.2287038710245481e-01  -8.6577827777765872e+00
   487  -8.3775872318715483e-01   9.1023003378146878e+00
   488  -2.2862549766507782e-03   8.7072573689565242e+00
   489   2.6641014650840167e-01   8.6707295740465593e+00
   490  -3.1390788698133015e-01   8.8443871549714963e+00
   491   1.0457853235935994e+00   9.1089943250110306e+00
   492   3.4014615686471095e-01  -9.0437374073623609e+00
   493   9.9033835983263638e-02  -9.7312548160307468e+00
   494  -6.7669675914219840e-01  -8.6517225254463543e+00
   495  -6.9193361311325718e-01   9.4952317013503116e+00
   496  -1.7663131994782311e-01   9.2169285498424198e+00
   497  -3.8955149109385628e-01   9.2745209259007648e+00
   498   7.4304293252084164e-01   9.2848014453464387e+00
   499   7.5346465136305074e-01  -9.5345120088919177e+00
   500   4.5276590908281966e-01   8.7946203585760987e+00
   501   5.6224327537820695e-02   9.2695878760717605e+00
   502  -6.9947863139883837e-01   9.1369307018754977e+00
   503   2.2342996681450558e-01  -9.2888953474408815e+00
   504  -1.5390841843344292e+00   9.2245232709581000e+00
   505   6.5102132140108271e-01  -9.2390058794693157e+00
   506  -1.5792488532206589e-01  -9.6087256380429729e+00
   507   7.3728819163616977e-01  -9.6495229887938923e+00
   508  -4.1136538088591262e-01   9.1004546363721666e+00
   509   8.9975773636657402e-02  -8.8257280656448565e+00
   510  -1.5425681795076862e-01  -8.9606246404611145e+00
   511   5.8065515586513039e-01   8.9609786481071101e+00
   512   3.6060306625598071e-01   9.3016166450968196e+00
   513  -3.6082885775579032e-01  -9.3332812239520830e+00
   514  -1.2595898206676792e-01  -8.4762322389749780e+00
   515   4.7151159773928919e-01  -8.7390911503034125e+00
   516  -2.7939085481519915e-01  -8.7114919443581087e+00
   517   1.0204652944502916e-01   9.2938272114290026e+00
   518   1.5407559945020821e-01  -9.2129970600296645e+00
   519   4.0170343228318411e-01   9.2908202585578170e+00
   520   4.3360717379868119e-01   8.9937374922177735e+00
   521   3.4399318673748325e-01  -9.0843396750503675e+00
   522   6.0849084401854237e-01   9.8563877457601610e+00
   523  -1.3222925953877069e+00   9.3366662506863936e+00
   524  -3.5811814106123208e-01  -9.1375779811094020e+00
   525   8.4690500653090597e-02   9.6649324824967646e+00
   526   2.0876446891202127e-01  -9.3168026548216041e+00
   527   2.6789976834022139e-01  -8.9723122801093549e+00
   528  -4.0203394860205577e-01   8.8196790919743595e+00
   529   8.2299205673337705e-02   8.7884361957217312e+00
   530   2.3501994796330894e-01   9.7602279841108146e+00
   531  -7.6027498750286901e-02  -9.5896793291570130e+00
   532   9.3815619622730095e-01   9.5082010843447193e+00
   533   5.7093232968146435e-01  -9.4124369847643088e+00
   534   5.5670188634963480e-01   8.8797906389861740e+00
   535   7.1489749686326820e-01   9.8918937800417872e+00
   536   3.0974140648132981e-01   9.3028802313660144e+00
   537   4.6598428287410798e-01  -9.4483284589650243e+00
   538   5.0919608331808053e-01  -9.1415827969865191e+00
   539  -2.1059252417504948e-02  -9.8146144753974447e+00
   540  -4.2811615361582220e-02   9.5664146310674543e+00
   541   2.6165593654042518e-01   9.1644327550855742e+00
   542   1.3827362890143871e+00  -9.1077862857203336e+00
   543  -2.7137497285003215e-01   9.3279415668806731e+00
   544   3.9128375003934479e-01   9.8477445694343544e+00
   545  -2.5484933433976514e-01   9.6639431088087537e+00
   546   1.4703641373850132e-01  -9.1869052703293654e+00
   547   2.6103600031026686e-01   9.6478935658627751e+00
   548  -1.4100642549775391e-01   9.3166883248788395e+00
   549  -2.5244692179170020e-01   9.9229423856031822e+00
   550   3.5330223293486235e-01  -9.8626165741660756e+00
   551  -1.4917854737913661e+00  -9.5081203300067454e+00
   552   1.0628808865597636e+00   9.4835599088256011e+00
   553   5.2406778786571051e-01  -9.2703457116194752e+00
   554   7.2067398226119095e-01  -9.4769493639388234e+00
   555   6.2520557205475502e-01  -9.7556333646147628e+00
   556  -5.1844428980220691e-01  -8.9803600095318004e+00
   557  -3.8429858062399916e-02   9.5793233933467956e+00
   558   9.7179227344522878e-01   9.7139519244024957e+00
   559   7.7656114613140370e-02   1.0058494220045608e+01
   560  -2.4571303634745484e-01   9.8089287029504977e+00
   561   7.4645010492234720e-01   9.4513486706767509e+00
   562  -6.2056688732703180e-01   9.7895254000308132e+00
   563   6.6014926477123159e-01  -9.5419877563359439e+00
   564   8.6469580262812573e-01   9.8185598067896240e+00
   565   5.5126834015823611e-01  -9.7732358526193099e+00
   566  -7.9030999228805576e-01  -1.0279623272755336e+01
   567   3.2944865515222710e-01   1.0024491376240698e+01
   568   1.2231662571600205e-01  -9.2796212434401486e+00
   569   1.2410682306330152e+00   9.6649352183957298e+00
   570   3.0488175279458540e-01  -9.8204617428735279e+00
   571   3.4305947761900801e-01   9.3836323568272757e+00
   572  -4.9075181389969025e-02   9.4393353743107795e+00
   573   1.5706657713230726e-01   1.0163356069980637e+01
   574   3.2490179151516563e-01  -9.8875530742801505e+00
   575  -3.1486933919406390e-01   1.0003454894489535e+01
   576   5.6564353793788025e-01  -9.8265859014449184e+00
   577   2.8462227709986554e-01  -9.7342167546740583e+00
   578   1.8856224262068846e-01  -9.6279868660730337e+00
   579   5.8951748347197730e-01   9.7488961261459863e+00
   580   2.9164555728573716e-01   9.5869719785112775e+00
   581  -1.9482882917441263e-01  -9.8887523678253526e+00
   582  -1.6910138727217081e-01   9.8425454831336214e+00
   583  -4.6424821947052797e-01  -9.8175968990608951e+00
   584  -1.2954339790577099e+00  -9.5524946078108517e+00
   585  -9.1936606285519129e-01  -9.7285372523275946e+00
   586   2.6568107220239445e-01  -9.7718474531587631e+00
   587   1.9058964176784018e-01  -9.9776679675334368e+00
   588  -2.9879676533366435e-02   9.8779412431776219e+00
   589  -3.7194297355188821e-01   9.8712746146384269e+00
   590  -1.0169179969423898e+00  -9.9833187087719235e+00
   591   6.5334169386826801e-01   1.0317577977997130e+01
   592   4.3594643767133923e-01  -9.9496373977728858e+00
   593   2.0071440566158458e-01   1.0345519149052929e+01
   594  -2.8394967506647301e-01  -1.0367252742845505e+01
   595  -2.3562765347440806e-01   9.9371366802599450e+00
   596   2.0677170198426725e-01  -9.5079540542025089e+00
   597  -2.6959025148160776e-01  -9.8849430902428299e+00
   598  -1.5859489867450832e-01  -1.0423419103282896e+01
   599  -8.5187050938520659e-01   1.0484443026953537e+01
   600  -3.2611351959207086e-01   9.7670343567235367e+00
   601  -1.7166748833192025e-01  -1.0254355421907931e+01
   602   1.6074124955839203e-01   1.0464278346925385e+01
   603  -4.5191374570183612e-01   1.0158707988909420e+01
   604   6.0997425877591160e-01   1.0081169763380249e+01
   605  -7.4984995037124558e-01   1.0334734998232385e+01
   606   5.3180687982969987e-01   9.8437681821577243e+00
   607   1.0818390898607868e+00   1.0259286253333064e+01
   608  -1.0798447954768275e+00  -9.5868094049690509e+00
   609  -5.1578119908653863e-01   1.0235284903203262e+01
   610   3.9927969252054779e-01   9.8878669025913943e+00
   611  -2.5337861869692252e-01   9.5059675491461704e+00
   612  -9.7227499904928419e-02   1.0280974474049025e+01
   613   9.8922536939474870e-01  -1.0430141643982921e+01
   614   6.6624982893972029e-01  -9.6928462776996405e+00
   615   5.9754596002360472e-01   1.0582338721282699e+01
   616  -6.6870065198205347e-02   9.6218035911473745e+00
   617   6.5148271388374268e-01  -1.0072563946545246e+01
   618   2.9931980047881634e-01   1.0165951321629400e+01
   619   2.2891548287305005e-01   1.0123753425800496e+01
   620   5.3745838598834428e-01   9.9678873792527529e+00
   621   1.6240270051506500e-01   9.8918597754945203e+00
   622  -5.8275401338090771e-01  -9.7136654629775609e+00
   623   1.7853947803716033e-01   9.9020421051453109e+00
   624   7.4317576812986663e-01   9.9976102942087905e+00
   625   3.3439542869191097e-01  -1.0150692250004704e+01
   626  -3.4925922215968686e-01  -1.0553818306820295e+01
   627   2.2209565157343619e-01   9.9826746238467194e+00
   628   4.5597803283842853e-01  -1.0067945706423615e+01
   629   7.1804721955918760e-01   1.0067265203544673e+01
   630  -1.2676932228824649e+00   1.0427362991415555e+01
   631   1.6312034336038514e-01  -1.0627891490048972e+01
   632   1.1735082369159904e+00  -1.0284505822197929e+01
   633  -8.9544908148399893e-01  -9.9049280646562892e+00
   634  -5.5987108148872722e-01   1.0108038744108915e+01
   635  -5.3231012489296436e-01  -1.0299619000465501e+01
   636   5.8571180428947940e-02   1.0292384068676387e+01
   637   9.5212883017785910e-01  -1.0458521838955361e+01
   638   9.6532311487806244e-01  -9.9904092376883895e+00
   639  -1.0136983293215548e-01   1.0257294271385861e+01
   640   9.2815726016181960e-02  -1.0024519288801043e+01
   641   2.4468279274096474e-01   1.0452597524250720e+01
   642  -1.4654212273690490e-01   1.0317310583531906e+01
   643   6.6484293543912776e-01   1.0538635470011053e+01
   644  -6.5430889946509041e-01   1.0613003428936464e+01
   645   1.0745312781599410e-01   1.0211493945149408e+01
   646   3.9195192081016128e-01  -1.0051717831647693e+01
   647   1.2958073226504565e+00  -1.0447416938386141e+01
   648   1.1110221906612286e-01   1.0080790586561067e+01
   649  -2.4634302787568518e-01   1.0643509180361255e+01
   650   7.6187381994401338e-02   1.0348316512224759e+01
   651   1.2617386311072196e+00   1.1120619468753814e+01
   652  -1.8021257070821228e-01   1.0370302017688525e+01
   653   5.3255601071948266e-02   1.0561154733301683e+01
   654   4.5819200448338188e-01  -1.0254666160955210e+01
   655   1.2884815314411296e-01   1.0186630868235218e+01
   656   1.0430680209187151e+00   1.0358206336005125e+01
   657   2.1069258886575715e-01  -1.0462425542418242e+01
   658  -6.9222804884459221e-01  -1.0253768095856481e+01
   659   1.5473645013769521e-01  -1.0530089195442930e+01
   660  -4.4275156113550873e-01  -1.0650787670775291e+01
   661  -1.3783885603065773e+00  -1.0233660881196574e+01
   662   3.9720674906540487e-01   1.0770131775409547e+01
   663   4.3046218358583660e-01   1.0307677430881583e+01
   664   3.4041256779411971e-01   1.0386678365211896e+01
   665   2.6104942935485992e-01  -1.0481409775499685e+01
   666  -2.3636629436437101e-01   1.1336969466424980e+01
   667  -2.1099759868886439e-01   1.0249009313673463e+01
   668  -2.4207865246218180e-02  -1.0263233146702577e+01
   669  -2.0514470267956753e-01   1.0782582426505320e+01
   670  -1.1314666012232442e+00   1.0633779569768095e+01
   671  -9.9984039575601202e-01   1.0512718932810294e+01
   672   8.4093251676592440e-01   1.0479052078990502e+01
   673  -1.5833647821651939e-01  -1.0722981919436764e+01
   674  -5.6996961020815018e-01   1.0250683694529192e+01
   675   5.4197692897237593e-01  -1.0896439354470077e+01
   676  -1.1514239710356882e+00   1.0475837724793577e+01
   677   2.5558089688192548e-01   1.0547166193255071e+01
   678   5.4779868693743690e-02  -1.0021619679635993e+01
   679  -7.2817136764452983e-01   1.0824390638552135e+01
   680  -4.4178897229964420e-01   1.0642424415151815e+01
   681  -1.4135277983662377e-02   1.0384429923431695e+01
   682  -3.9840974793296824e-01  -1.0602876748240485e+01
   683   4.3610063997343212e-01   1.0806779925958493e+01
   684   1.1320179389171925e-01  -1.0550845758306528e+01
   685  -9.2744790946053160e-02  -1.0990032512944616e+01
   686  -4.9410151063368640e-01   1.0385645242753444e+01
   687   4.5405046451834835e-01  -1.0768824397801168e+01
   688   4.7015355428617810e-02   1.0098331789403435e+01
   689   5.6221923468761759e-01  -1.0610219732606122e+01
   690  -4.3536819222266154e-01  -1.0834469753503233e+01
   691   1.7099483315196493e-01   1.0814859036168386e+01
   692  -2.9440925360434489e-01   1.0614610688639701e+01
   693   1.0330020116822898e+00  -1.0288212551827266e+01
   694  -5.4836176020762217e-01   1.0726288235773858e+01
   695   5.8784713367032537e-01   1.0462297320777930e+01
   696   3.8647656653789986e-01   1.1105743048267660e+01
   697   7.6064710632704868e-01   1.0837398704444528e+01
   698   5.5753834260340063e-01   1.0583222922470892e+01
   699   7.5197611876533443e-01   1.0722843404399729e+01
   700  -4.2564582144843865e-01  -1.0810917077069080e+01
   701   8.9639188185265881e-02  -1.1290033885011278e+01
   702  -2.3149629485153544e-01  -1.1115429352764368e+01
   703  -5.9073492261342808e-01   1.0961733162424304e+01
   704  -5.6923127700006715e-01  -1.0269889595761558e+01
   705  -6.5827675494492488e-01   1.0603407730642122e+01
   706   7.5353483476976124e-01  -1.0996009491086966e+01
   707   3.9221816804266629e-01  -1.0908509033126256e+01
   708  -6.7286068049709580e-01   1.1183375898292926e+01
   709   1.0582141938794385e+00   1.1401444505930181e+01
   710  -4.7242313799244839e-01   1.0846782501586985e+01
   711   4.4529076260986494e-01  -1.0914603081412960e+01
   712  -1.2423687780349253e+00  -1.0913457213833965e+01
   713  -1.2501715621389329e+00  -1.0848202738325204e+01
   714   8.6666524409594292e-01   1.1201015609241082e+01
   715  -1.2693836531628458e-01   1.1471894671562358e+01
   716  -7.0552194569826410e-01   1.0602669809515525e+01
   717  -2.2241819655308631e-01  -1.1091895414260032e+01
   718  -9.4278153564789469e-01   1.0710566318942995e+01
   719   1.3760097391673598e-01  -1.0664065737294923e+01
   720  -3.1882611626741802e-02   1.1057784527015157e+01
   721   5.4810152669249124e-01   1.0424824422607321e+01
   722   5.3693919083535935e-02  -1.1150670071145896e+01
   723  -6.7365612835562971e-01   1.1112339880680207e+01
   724  -1.6201353610847519e-01   1.1008959260230839e+01
   725  -7.9614676668399720e-01   1.1116201655573601e+01
   726   4.4028879695589621e-02   1.1249431863688923e+01
   727  -9.2897785877885924e-03  -1.1298686239121725e+01
   728  -5.9826015122370435e-01  -1.0776706426403575e+01
   729   2.1785437751486739e-01   1.0936599603319449e+01
   730  -7.4043947939489907e-01  -1.0866891950778692e+01
   731   2.5934867467395556e-01  -1.1153940543842973e+01
   732   4.4890797873193189e-01   1.0647780235409131e+01
   733  -5.8475294785264731e-01  -1.1030908783370069e+01
   734  -4.9919267194849581e-01   1.1028599850657658e+01
   735  -4.1526272515209145e-01   1.0876287236219870e+01
   736  -2.5240326902430271e-01   1.1344988318088065e+01
   737   5.8555828543995755e-02  -1.1025282810436577e+01
   738  -2.5000385351862020e-01  -1.1172321708360991e+01
   739   1.2725041779962516e-02   1.0953739656024611e+01
   740  -6.4848929304599054e-02   1.1504794651473622e+01
   741  -6.2090648293263340e-01  -1.0845077933769986e+01
   742  -5.6778622154556146e-01   1.1018083219100600e+01
   743  -1.0918166579767177e-01   1.1208700666718842e+01
   744  -4.7442136761204273e-01  -1.1535148049583931e+01
   745  -4.2785047006500565e-01   1.1144466214878451e+01
   746   1.0070674375063602e+00  -1.1105240721238038e+01
   747   1.8833512465949384e-01  -1.1217738365042418e+01
   748   3.1097854110935297e-01  -1.1404385730195573e+01
   749   3.8484632708507277e-01  -1.1259162743144817e+01
   750   8.1148998187485011e-01   1.1359055738870335e+01
   751  -6.4039935297823380e-01  -1.1354908331317418e+01
   752  -1.8041049004337095e-01  -1.1231521116224135e+01
   753  -9.7853909140494577e-01   1.1497201200895349e+01
   754   8.3640717040072943e-01   1.1634538859611897e+01
   755  -1.0675013373245235e+00   1.1143576887618069e+01
   756  -6.3300270816582904e-01   1.0884577580048861e+01
   757   4.3428072442938359e-01  -1.0863835034054805e+01
   758   7.7407989320743775e-02  -1.1467734909865749e+01
   759  -1.3351751501939291e+00   1.1433793143763069e+01
   760   1.5394510958876384e-01   1.1441324714783036e+01
   761  -8.3894678661214830e-03  -1.1256036670558503e+01
   762   3.0778687773659980e-01  -1.1575645037322930e+01
   763   1.8269527863329409e-02  -1.1488616998691640e+01
   764  -5.7331669061781732e-01  -1.1205289433821132e+01
   765   1.8299596598624619e+00   1.1864286612823161e+01
   766   1.2550097994639486e+00   1.1147728571377138e+01
   767   2.7541593819715277e-01   1.1118683678015984e+01
   768   1.5963736305369230e-01  -1.1383187463247655e+01
   769   8.4543664210504310e-01  -1.1750609386539690e+01
   770  -3.5103017051116481e-01  -1.1619833178272911e+01
   771   1.4038073460485438e-02   1.1067710758389959e+01
   772   5.2197334545509255e-01  -1.1448030193067735e+01
   773   7.6325069312157900e-01  -1.1324895689645144e+01
   774  -3.1801029710748357e-01   1.1684879908286652e+01
   775   1.8941460332268667e-01   1.1473895253388475e+01
   776  -8.0151696060231603e-01  -1.0809828125843508e+01
   777  -2.3180723430630901e-01   1.1758772375422815e+01
   778   1.0503314535767392e+00  -1.1685598791710003e+01
   779  -6.8996621384152934e-01   1.1237744824890177e+01
   780  -4.2426932451941318e-01   1.1335403956558064e+01
   781  -8.0109462218091232e-02   1.1424945781417941e+01
   782  -8.4932131701674174e-01   1.1468928040708985e+01
   783  -7.1577169859621725e-01  -1.1454938367617954e+01
   784   6.0245479901904334e-02   1.1439908347652558e+01
   785   5.1708086799445141e-01   1.1246378964238538e+01
   786  -2.8052385730976548e-01  -1.1372144894585530e+01
   787  -5.3904174017213691e-01  -1.1317748931999398e+01
   788   3.1245471240351108e-01  -1.1231422466077865e+01
   789   6.9069489804354733e-01   1.1871677662354593e+01
   790  -6.4857808933911065e-01  -1.1381041340282641e+01
   791  -3.4649748530087582e-01  -1.1577395088448167e+01
   792  -7.2469381189332119e-02   1.1595590069617012e+01
   793   3.3509235309732283e-01   1.1670506238228906e+01
   794  -9.7433792258736236e-03  -1.1477946261010903e+01
   795   3.9286388228860397e-01   1.1744906509927645e+01
   796  -1.7463876216682397e-01   1.1179321582625690e+01
   797  -4.3530440956376731e-01   1.1742509640283890e+01
   798   1.5733183480357665e-01   1.1354624916281244e+01
   799  -5.5410029993701027e-01   1.1418931314008670e+01
   800  -4.6145341665650558e-01  -1.1409946817926011e+01
   801  -2.5258685203927150e-01   1.1094436553790370e+01
   802   1.1069282114607164e-02  -1.1483745737536170e+01
   803   2.5844269361615674e-01   1.1067295419753149e+01
   804  -7.0445414900389125e-01  -1.1265574288898666e+01
   805  -8.9778041762113525e-01   1.1500721437083191e+01
   806   8.7144803730826603e-01  -1.1472103817785587e+01
   807  -3.2247279343276716e-02   1.1931894798435462e+01
   808   1.1409235372593281e-01  -1.1977280577070784e+01
   809   4.5243779047788801e-01  -1.1539785594106096e+01
   810  -2.3938868135115619e-02   1.1740203820883091e+01
   811  -3.4298221587428662e-01  -1.1172510864759539e+01
   812   3.1600907535885847e-01  -1.1250259295288469e+01
   813  -9.2025268268629756e-01   1.1812120976747396e+01
   814   4.8183292921341625e-01  -1.1900858633732717e+01
   815  -4.1514209746947701e-02  -1.1964445222728317e+01
   816  -1.0963357186421432e+00   1.1848273847326588e+01
   817  -4.3768678415322637e-01  -1.1399658156547453e+01
   818  -3.6778123671095697e-01   1.1494748216020552e+01
   819  -9.5798447934497599e-02   1.1789927727573680e+01
   820  -3.7095767772480009e-01  -1.1851075346092077e+01
   821  -2.4516498637011508e-01   1.1651063675797293e+01
   822  -2.6338647446528013e-01  -1.1669289675451784e+01
   823   9.8253968089775479e-01   1.1618840409593282e+01
   824  -6.5006260619233547e-01  -1.1676685912543205e+01
   825   3.8395065575795012e-01  -1.1479787836608397e+01
   826  -7.1262880043227872e-01   1.1724811572010513e+01
   827   3.3491479656425416e-01  -1.2219488091339251e+01
   828   3.4138506984104106e-01  -1.1404433227158233e+01
   829  -3.0226423479755682e-01  -1.1795475952195769e+01
   830   8.3550145352552541e-01  -1.2146532575070198e+01
   831   6.7135637056886477e-01  -1.2030517387613992e+01
   832   4.1080690953196730e-01   1.1675477485424720e+01
   833   5.5504515872008131e-01  -1.1947849333601612e+01
   834   7.9171231039790380e-01   1.1765332738651079e+01
   835  -5.1392003776303763e-01  -1.1923432360474395e+01
   836  -1.2647573529497140e+00  -1.1870716535249432e+01
   837  -1.9474885421417590e-01   1.1955667200968742e+01
   838   4.5431357848124893e-01   1.2177884776610188e+01
   839  -9.1165123696379122e-02  -1.1329686184289960e+01
   840  -1.1180167371185024e+00  -1.1763567271957347e+01
   841   2.9957757380115779e-01  -1.2253076949201979e+01
   842   4.3377341843361328e-01  -1.2219646462071010e+01
   843  -9.6838643128197532e-01   1.2290284929040334e+01
   844   3.0415892472140099e-01  -1.1696628957721870e+01
   845  -1.1761039821944446e+00   1.2091379052507683e+01
   846  -2.6978470605426269e-01  -1.2024562510773197e+01
   847  -7.6779970823634344e-02   1.2116537168399724e+01
   848   4.2355182687394433e-01  -1.1508280154328725e+01
   849  -3.5429720780734220e-01  -1.1527100084895226e+01
   850  -3.2077936491866577e-01  -1.2207327158656168e+01
   851   2.1502285773181903e-01  -1.2440645969495687e+01
   852   8.3578165880440147e-01  -1.1351199383484975e+01
   853   5.5312166819401964e-01   1.1899846604031136e+01
   854   2.0219694356709550e-01   1.1914914521195508e+01
   855   8.1060808146949312e-02   1.1509785164214000e+01
   856   1.8079291719261534e-01   1.2202004292005320e+01
   857  -1.0675163022569856e+00   1.2352563917688935e+01
   858  -1.5371823520139656e+00  -1.2407006589481011e+01
   859   4.1304441551186405e-01  -1.1580020493428618e+01
   860   5.6351245178412179e-01   1.2200836894603052e+01
   861  -2.9531821765969180e-01   1.1646524027325897e+01
   862   7.7755511883791306e-01   1.1866896559241084e+01
   863  -1.7484150040254376e-01  -1.2508039378075996e+01
   864   6.6707679115726892e-01   1.1967603875213527e+01
   865   1.1012009485173843e-01   1.1687252993250006e+01
   866  -3.7148825370634062e-02  -1.1941789942560892e+01
   867  -8.2474140182858235e-01  -1.2084316882464412e+01
   868   7.8931668988712389e-01   1.2351725151853818e+01
   869   3.5999883868850496e-01   1.2177054105716485e+01
   870   2.9789725962461744e-01   1.2101931578849886e+01
   871   7.4250509456222746e-02   1.1684694057388443e+01
   872  -6.6426426813863593e-01   1.2214514477071489e+01
   873   3.7655450460413420e-01  -1.2463096619400304e+01
   874  -1.1670179646151855e+00   1.2198426235519227e+01
   875   4.4548916591187104e-01  -1.2486533069945636e+01
   876   1.2337809302934237e-01  -1.2431680023956147e+01
   877   8.7601627813261140e-01  -1.2190076159200142e+01
   878  -1.7015310242494547e-01   1.2084469378389411e+01
   879   1.1562849632243795e+00  -1.1813362644821501e+01
   880  -6.0361163983363308e-01   1.1749803759551444e+01
   881   1.6368906418368263e+00   1.1898067641157377e+01
   882  -1.5110828514749264e-01   1.2180144296383004e+01
   883  -1.5687652613656133e-02   1.1527560168542784e+01
   884   3.0277695789200765e-01   1.2475319577675190e+01
   885   1.0657164567004327e+00  -1.2219704928637679e+01
   886  -3.9369823007458715e-01   1.1695427750215787e+01
   887  -7.8996041211503953e-01   1.2604601692215358e+01
   888   1.3579900216788894e+00  -1.2306452609095016e+01
   889   6.7631492294958040e-01   1.2203207242419724e+01
   890   4.0703680928374891e-01  -1.2622327820774535e+01
   891  -3.9860532645182856e-01  -1.1792939963415302e+01
   892  -4.6644332720893539e-01   1.2611082910041963e+01
   893   1.0181405406621778e-01  -1.2200602935923474e+01
   894   8.3700907062244798e-02  -1.2029890659704137e+01
   895  -4.6537019921791051e-01   1.2738286361983436e+01
   896  -7.7496752347393028e-01   1.2381706924534857e+01
   897  -9.3249615853298676e-02  -1.2193831132175340e+01
   898  -7.4018167562349879e-01  -1.2494800637454837e+01
   899   2.5077294458787336e-01  -1.1616306355142948e+01
   900  -6.4585188465343524e-01   1.2278879471664480e+01
   901   5.8595413663820359e-02  -1.2273130958290732e+01
   902   5.2920111267835479e-01  -1.2318810122625619e+01
   903  -4.1070877235594927e-01  -1.2808783080259911e+01
   904   6.2236892810426998e-02   1.2467793261479740e+01
   905  -1.3479322231481075e-01   1.2204740578854794e+01
   906   2.6704729656981108e-01  -1.2089730837427494e+01
   907  -2.2641992484831389e-01   1.2415668310072283e+01
   908  -8.3457507518653495e-02  -1.1740053726780786e+01
   909   1.4580697578359769e+00  -1.2184136448764750e+01
   910   5.8008715871788952e-01   1.2146651509617666e+01
   911   3.5325723336908155e-01   1.2598715388129527e+01
   912   5.7752522880669321e-01  -1.2775389857199857e+01
   913  -2.3019753189872011e-01  -1.2550211500778044e+01
   914   3.6686869451673054e-01  -1.2233761054327335e+01
   915  -5.6963087562844483e-01   1.1644186774038261e+01
   916  -6.7281012540559004e-01  -1.2662639314050121e+01
   917   1.2887579174444941e+00   1.2006819478623306e+01
   918   9.3060329561300420e-02   1.1752942327476013e+01
   919  -2.6982832329358458e-01  -1.2982572019920713e+01
   920   3.9242729609292043e-01  -1.2414132072679131e+01
   921  -5.3016146608764481e-01  -1.2469239581829401e+01
   922   6.9025632399792536e-01   1.2216275102457345e+01
   923  -1.4528522865281232e-01  -1.2423455308985789e+01
   924   1.0179861074310179e+00   1.2213609863368241e+01
   925  -8.2192436743815245e-01  -1.2464253548932296e+01
   926   1.8261960405584177e-01   1.2491588587634604e+01
   927  -8.4513949362054097e-01   1.2830799231412350e+01
   928  -8.3192617920592005e-01   1.2220210710788670e+01
   929  -7.5507883516904628e-01   1.2468725654126462e+01
   930  -8.4666415150936469e-01   1.2739769060435501e+01
   931   5.7044048151587445e-01   1.2369601724655613e+01
   932   3.5141299747725729e-01   1.1969041116075472e+01
   933   9.2303964083877057e-03   1.2294872448386213e+01
   934  -2.5432446554770227e-01  -1.2440098802120049e+01
   935   4.2446487607301120e-01  -1.2370017564439632e+01
   936   3.9945182117324347e-02  -1.2791267940658603e+01
   937  -5.3910485980692080e-01   1.2613094342862961e+01
   938   1.6069577458474046e-01  -1.2493111233970243e+01
   939  -6.2791000099459016e-01   1.2497870452300567e+01
   940  -1.0759680980158532e+00  -1.2212531096059035e+01
   941   9.6266582672579579e-02   1.1986808588312471e+01
   942   8.2062343692801021e-01  -1.2502489947871318e+01
   943   1.3810963838894186e-01  -1.2537565337903034e+01
   944   2.0081249252051056e-01  -1.3031498266853886e+01
   945   3.6097725984940088e-01  -1.2921991748120430e+01
   946  -4.5990093520050568e-01  -1.2583187702734659e+01
   947   1.1000514894379702e-01  -1.2999171423092326e+01
   948  -2.2635267927741229e-01  -1.2811920011239502e+01
   949  -1.6110802529456603e-01  -1.2207463721055230e+01
   950   5.3699949886734100e-01  -1.2047422198468276e+01
   951  -1.2352409239623843e-01  -1.2668713591448897e+01
   952  -1.2826721383133222e-01   1.2617149828575563e+01
   953  -3.2512386962039247e-01  -1.2645900054390902e+01
   954   6.7377096206843901e-01  -1.2914540378303220e+01
   955   1.4720249725489687e+00  -1.2710299020413684e+01
   956   5.4596287606552940e-01  -1.2921364722462158e+01
   957  -2.9845167449480459e-01   1.2157340297016498e+01
   958   3.7921888286830380e-01   1.2568618679236451e+01
   959   4.9807843087539250e-01  -1.3089294030282979e+01
   960  -7.2143018873151568e-02   1.2505095650849860e+01
   961  -7.1267736823607186e-01  -1.2598929002085052e+01
   962   8.8355201522750490e-02  -1.2616965910425339e+01
   963  -1.2913826414295082e-01   1.2081931087792682e+01
   964  -4.9850166685555292e-01  -1.2741659950546284e+01
   965   5.0055114295905678e-01   1.2965226334104518e+01
   966   7.8203765577725293e-02  -1.2875246517599296e+01
   967  -4.9651935885618337e-01   1.3021006907689092e+01
   968  -8.7529989325230526e-02  -1.2476342606164661e+01
   969   3.4171840161892242e-01   1.2830113217467229e+01
   970  -9.9330211636145394e-01   1.2484405962529424e+01
   971  -1.0946361701161150e-01  -1.2828952991698555e+01
   972   1.8219640538003737e-01  -1.2669390542033693e+01
   973  -1.2031668287606463e+00  -1.2936874676710129e+01
   974  -6.0515224431653003e-01   1.2702546653101873e+01
   975  -2.8619086150100248e-01   1.2543224296989022e+01
   976   3.7907549049440152e-02   1.3118350168160358e+01
   977   1.7092982474468371e-01   1.2725936137216827e+01
   978  -4.4840371460430528e-01  -1.2555009836942512e+01
   979  -1.3724024900763452e+00  -1.2516359301491939e+01
   980  -9.4731386629254377e-01   1.3275743535753193e+01
   981   4.0137000925362387e-01   1.2850011495018844e+01
   982  -4.6960097607033902e-03  -1.2551089786084326e+01
   983   1.9451154151474122e-03   1.3061012096230447e+01
   984   3.3047022267548368e-02   1.2683046262381714e+01
   985   8.3026767531661128e-01   1.2959486739589025e+01
   986  -3.6726688429412463e-01   1.3134103138267657e+01
   987   8.2141485385174184e-01   1.2755515793331677e+01
   988   1.1348369553740494e+00  -1.3468790629049190e+01
   989  -9.0825537447815141e-01  -1.2762149753008229e+01
   990   5.8634902810533651e-01   1.3149326622346953e+01
   991   1.1587318132251783e-03  -1.2615735972227395e+01
   992   1.0314628628099265e+00  -1.3002849955023008e+01
   993   2.8143257083919432e-02  -1.2622035450628825e+01
   994  -4.6410411486706438e-02  -1.3013062695814394e+01
   995   5.2632027492971256e-01   1.2784690398730698e+01
   996   4.8896890970507817e-01   1.2608659757409272e+01
   997   1.3451014332773040e-01   1.2350791584065288e+01
   998  -1.9743604837755441e-01  -1.2316368247477204e+01
   999  -4.7800835172772571e-01  -1.2873359362882342e+01
  1000  -4.8900867661649368e-02   1.2802129767937393e+01
  1001   4.7648653730543972e-01   1.3090630133709604e+01
  1002  -5.3503249548422338e-01   1.3206946627450037e+01
  1003   6.6345231735038335e-01   1.3292485290541242e+01
  1004  -5.2905804477820817e-01  -1.2545776734335711e+01
  1005  -5.7316129578430430e-01  -1.2670187971855272e+01
  1006   1.0839425727712557e-01   1.2551922160881007e+01
  1007  -5.5411851786877442e-01  -1.2617730820610316e+01
  1008   4.0547161570401724e-02  -1.2494268252690665e+01
  1009  -1.5942622208950095e+00   1.2757468934795478e+01
  1010  -2.9140911449648710e-01   1.2796695434602498e+01
  1011   4.3619446984733895e-01  -1.3225422154735346e+01
  1012  -2.8354610697496674e-01  -1.2859459230281411e+01
  1013  -3.3227553104741503e-01  -1.3084307808482782e+01
  1014  -5.8692891995242857e-02   1.3172441646045764e+01
  1015  -3.4957270548483121e-01  -1.2658173145625854e+01
  1016   1.4414203693413191e-01  -1.2715567417231965e+01
  1017   2.1161635613098681e-01  -1.2649834710367891e+01
  1018   3.3381529055113840e-01  -1.3528452975166676e+01
  1019  -5.7463620410748162e-01   1.3842586269601306e+01
  1020  -6.1027589107020874e-01   1.3278279661730247e+01
  1021  -3.6297873150723098e-01  -1.2500644413711360e+01
  1022  -1.2649361182700422e-01   1.2780111493458461e+01
  1023  -5.2979721232294319e-01  -1.2809018237907356e+01
  1024   8.5952531605772143e-04   1.3144977315979880e+01
  1025   1.1192926744952099e+00   1.2928729272754424e+01
  1026  -4.9340752129928583e-02   1.3262744540531857e+01
  1027   4.2644506706719981e-01  -1.2883750793283864e+01
  1028  -3.2922161612539891e-01  -1.3888166027803665e+01
  1029   4.3470980261121217e-01   1.2677072508229539e+01
  1030  -5.4239470169806281e-01  -1.3409145048493048e+01
  1031   4.7289654857643454e-01  -1.3053228393121415e+01
  1032  -5.5373167292448056e-01  -1.3017310822264557e+01
  1033  -3.8880531499279425e-01  -1.2907879361814778e+01
  1034  -1.0169026681399365e+00  -1.3276607533980826e+01
  1035  -1.4270540119072217e-01   1.3292848840600769e+01
  1036  -5.0113694728976554e-01  -1.2928430618178250e+01
  1037  -8.1985579915397233e-01  -1.2661834075881060e+01
  1038   2.2442021119711272e-02   1.3169540483689373e+01
  1039  -5.6357991464019638e-02   1.3120268866492234e+01
  1040  -1.1866403332133018e+00  -1.3364335762851614e+01
  1041  -7.1416585090637967e-03   1.3226448295021271e+01
  1042  -1.8953663831208239e-01   1.3285568451131880e+01
  1043   6.2940849679397370e-01   1.3642763757458818e+01
  1044  -3.0703012507854482e-01   1.3181204542516911e+01
  1045  -7.4449832156327145e-01   1.3454704587952437e+01
  1046   1.0256295426110507e-02   1.3210694152415362e+01
  1047   1.4793274001642456e-01  -1.2906016640118702e+01
  1048  -4.0566121066498062e-01  -1.3151050980819011e+01
  1049  -1.1793381148496636e+00  -1.3312691645555594e+01
  1050  -1.1456888476450791e-01  -1.3047888015412655e+01
  1051  -3.5764725051636587e-01  -1.3191870249558802e+01
  1052   1.0145438752584544e+00   1.3164052584504006e+01
  1053  -4.6691229212212043e-01   1.3526582236541907e+01
  1054  -1.0018383605083663e+00  -1.3172650517989174e+01
  1055   1.3851849487361670e-01   1.3201285943597636e+01
  1056   6.4622884075700149e-01   1.2810952152296313e+01
  1057  -6.8962304017755782e-01   1.3251570740645525e+01
  1058  -7.8748627829596474e-01  -1.3643155956085375e+01
  1059   9.2522555806040685e-01  -1.3102232433484346e+01
  1060  -8.0897624666637091e-01  -1.2888503629645530e+01
  1061  -3.5223565859114597e-01   1.3439933627711477e+01
  1062  -5.8957962549251319e-01  -1.3093196161368901e+01
  1063   1.2602820867560394e-01  -1.3631856991811274e+01
  1064   3.8173664053193407e-01  -1.3256620159927516e+01
  1065   4.7499657184626426e-01   1.3604810074861005e+01
  1066   8.7594237258186569e-01   1.3295583312777252e+01
  1067   1.7331233493782017e-01  -1.3027878151949057e+01
  1068  -5.0290325934587743e-01   1.3537617629201048e+01
  1069   6.6835272130056067e-01   1.2616226621754313e+01
  1070  -4.3349612737571802e-01   1.3551492821897101e+01
  1071  -6.0693045540573687e-01   1.3705517325564941e+01
  1072  -6.2149128124095419e-02  -1.2925713123852621e+01
  1073   1.4947438019357417e-01  -1.3537399616803880e+01
  1074  -1.4037576475310889e+00  -1.3692401868838351e+01
  1075  -8.6050577491494251e-02  -1.3327779737805779e+01
  1076  -5.6514448090849312e-01  -1.3272068191114212e+01
  1077   3.8013238246729153e-01   1.3546105285126606e+01
  1078  -8.3417101423979290e-03   1.3820849506119552e+01
  1079   4.0479490831608383e-01  -1.3318349756100801e+01
  1080  -1.6057431938391440e+00   1.2981336786402190e+01
  1081   1.3290299191004917e+00   1.3581818641741183e+01
  1082  -8.5164813736415268e-03  -1.3065506679567800e+01
  1083   9.0500842465285491e-01   1.4410474963512980e+01
  1084  -6.9230757272831969e-02   1.3624307291592444e+01
  1085  -1.2241565415149012e-01  -1.3516468662807551e+01
  1086  -8.2645015761295204e-01  -1.3386920820099881e+01
  1087   7.5544984159050499e-01   1.3624954590775875e+01
  1088   2.7567033563466237e-01   1.3644922188255851e+01
  1089   9.2947899077649465e-01   1.3506637218515905e+01
  1090   6.1746047895677392e-01   1.3453412317179819e+01
  1091   4.1906555996731543e-02  -1.3795520403847444e+01
  1092   7.6193502703669980e-01   1.3911772775411636e+01
  1093   4.5638819490831417e-01  -1.3050217055589398e+01
  1094  -4.4075240366764828e-01   1.3800914665047387e+01
  1095   2.9910977377197762e-01   1.3148334185146966e+01
  1096  -8.9770655907131036e-01   1.3584938033147928e+01
  1097   1.1369221297492815e+00   1.2741500365832602e+01
  1098  -2.4764604226890005e-01   1.3162033723925109e+01
  1099  -9.5937487297297042e-01  -1.3239255922450925e+01
  1100   2.6051102582989732e-01  -1.3533692692747273e+01
  1101   1.3717613917789528e-01   1.3309203303895005e+01
  1102  -4.5113737491809483e-02   1.3410977744425027e+01
  1103  -4.1038107816920971e-01  -1.3062107195278271e+01
  1104   5.8611703676096527e-01  -1.3793775976939905e+01
  1105  -3.9688348835829268e-01  -1.4500473834965311e+01
  1106   3.9904801383055644e-01  -1.3968172671943263e+01
  1107  -6.7585010447345406e-01  -1.3244988297382868e+01
  1108  -5.3380191420552303e-01   1.3502093885342553e+01
  1109  -8.0124171590599336e-01   1.3616607657700714e+01
  1110   3.0845023245153957e-01   1.3829776241704177e+01
  1111   3.9450667782232651e-01   1.3744645219524967e+01
  1112  -6.3432751527796372e-01   1.3375447716630523e+01
  1113  -7.1514029256805013e-03  -1.3684434175917470e+01
  1114   8.0110198109531827e-01  -1.3961902444037792e+01
  1115  -2.6851099138572349e-01   1.3188306533269825e+01
  1116  -3.9260013294300705e-01  -1.3565613415782268e+01
  1117   4.6336424615651417e-01   1.3608997298186162e+01
  1118  -2.8887708594968631e-01   1.3689273122291967e+01
  1119   3.9147913636667718e-02  -1.3368451824707282e+01
  1120  -4.5886947056975608e-01   1.3400199631079033e+01
  1121   1.3748900954341181e-01   1.3698551336406501e+01
  1122   2.8338736230544870e-01  -1.3471203271481553e+01
  1123   8.0240477921744346e-01   1.4072459529343591e+01
  1124   7.6725217935792789e-01   1.3503694877637873e+01
  1125   6.6590926624865021e-01  -1.3384658803129152e+01
  1126  -8.7405228264406731e-01   1.3656387117926290e+01
  1127   7.0366115335106005e-01   1.3564052729356900e+01
  1128   6.4167386282977357e-02  -1.3878097200992080e+01
  1129  -3.5276285851675671e-01   1.3917792685309571e+01
  1130  -3.6441564086082762e-01  -1.3972192406678934e+01
  1131   3.7540946985865475e-01   1.3743677933091170e+01
  1132   7.3587471526014539e-02  -1.3678037336925859e+01
  1133   2.6827664013904789e-01   1.4155126081216101e+01
  1134  -1.5738171863328501e-01   1.3508271950058804e+01
  1135   5.7978609709792539e-01   1.3284988343786628e+01
  1136   1.2591929922769493e-01   1.4006999327347856e+01
  1137   6.4975958925744803e-01   1.4124438630701937e+01
  1138  -2.0354697896795959e-01   1.3827087006783144e+01
  1139  -3.1209634485533355e-01  -1.4024592445042105e+01
  1140   5.7521535367695456e-02  -1.3452259741006616e+01
  1141   4.8660616716733429e-01  -1.3456083187059283e+01
  1142   3.8840964555911733e-01   1.3356895785864172e+01
  1143   9.1652516520275257e-02  -1.3524571835301833e+01
  1144   1.6387909344987672e-01   1.3975729908332136e+01
  1145  -4.7577954628140623e-01  -1.3812151909486689e+01
  1146  -1.1582075092432835e+00   1.3701817113591943e+01
  1147  -6.1433706209073055e-02   1.3788148790449146e+01
  1148   8.7691907281726977e-01   1.3903690014789435e+01
  1149   4.1541106091053059e-01   1.3915466619938824e+01
  1150  -7.5314069088727409e-01  -1.3869129547481458e+01
  1151   1.9852495993071051e-01   1.3118942030311253e+01
  1152   2.2337561113627299e-01   1.3982562630514808e+01
  1153  -1.4262711078789829e+00   1.3309583212506229e+01
  1154   7.6739694941072611e-01   1.4407900128608397e+01
  1155  -3.0692244692209492e-01  -1.3717954069208538e+01
  1156   1.0150930740130228e+00   1.3905572537112093e+01
  1157  -4.7346909914471152e-01   1.4064202558417609e+01
  1158   4.5250111848947711e-01  -1.3808829578170746e+01
  1159   2.4441583917696380e-01   1.3263551930855744e+01
  1160   3.6021704213473832e-01   1.3951175112347826e+01
  1161  -3.5680533663122893e-01   1.4732284177077062e+01
  1162  -4.7853598547385745e-03   1.3662097504537279e+01
  1163   1.0269210229128896e-01   1.3875669003939652e+01
  1164   5.5636572822085166e-02   1.4317955989565068e+01
  1165   7.1195444152657816e-01  -1.4521149151281277e+01
  1166   9.0608070936820440e-01  -1.3953012356780599e+01
  1167  -2.6587163451366530e-01  -1.4374158314601010e+01
  1168  -1.6038465014135417e+00  -1.3749842674193033e+01
  1169  -3.8824955542957215e-02  -1.3956900618089175e+01
  1170   2.4211561813115168e-01   1.3864054003693848e+01
  1171  -6.8954101996530859e-01  -1.3765228069993109e+01
  1172   9.0258644686728062e-01   1.4496425766146961e+01
  1173   1.2662077326975947e+00  -1.3832325265978039e+01
  1174  -1.2949157020218527e-01   1.3942919949788738e+01
  1175  -3.4412571091664684e-01   1.4211619416468110e+01
  1176   7.2458147674290696e-01  -1.4166357654839436e+01
  1177  -8.8866442014058022e-02   1.4038854610136092e+01
  1178   2.7531337185977456e-01  -1.4233728848402814e+01
  1179   1.5477684086806263e+00   1.3977883957465846e+01
  1180  -7.2774656313563213e-01  -1.3521630086062743e+01
  1181   3.9163114606732746e-01  -1.4422850547107254e+01
  1182  -3.5592288714630460e-01  -1.3995905310027757e+01
  1183   6.5217333372832242e-01  -1.4283685564724623e+01
  1184   3.7798546053888987e-01  -1.3739584774464204e+01
  1185   1.0779347647854466e-01   1.4107343803725902e+01
  1186  -5.7952930207636832e-01   1.4079814081852316e+01
  1187  -3.9858742429546973e-01   1.4074930165433821e+01
  1188   1.6855113475036240e-01   1.4124966258337745e+01
  1189   7.4281011851834722e-01  -1.4341004854045057e+01
  1190  -5.1179958976713391e-01   1.3712271503403860e+01
  1191   2.6555152885882022e-01  -1.4485684621711979e+01
  1192  -2.5452223974930559e-02  -1.3901644958830556e+01
  1193   3.2268898203314544e-01   1.3385759430163411e+01
  1194   1.8430452233501560e-01  -1.4543995510585873e+01
  1195  -1.4379117144847883e-01   1.3592438557720362e+01
  1196   5.6561547605544216e-01  -1.4154292791303870e+01
  1197  -1.8574422678258248e-01  -1.3908226883178592e+01
  1198   8.0691132411733291e-01  -1.4287834842208939e+01
  1199   5.4773930609051114e-01  -1.3801259703573411e+01
  1200  -5.4115361838170617e-01   1.4721816715031808e+01
  1201   7.1141984125993452e-01   1.4410701409873363e+01
  1202  -9.4843154372858407e-01   1.3743094164146928e+01
  1203  -6.1640736820690234e-01  -1.4660396504566398e+01
  1204  -9.5041972574481015e-01   1.4311370920610711e+01
  1205  -1.6369733270056852e-01   1.4546824179217017e+01
  1206  -1.0096095935798127e-01   1.4293797780578473e+01
  1207   4.4798141020558187e-02   1.4029137847770921e+01
  1208  -1.5831265048167495e-01   1.4067563525782536e+01
  1209   7.6821302809570380e-01   1.3708817591732041e+01
  1210  -4.0034100195218603e-01  -1.4334578262895494e+01
  1211  -5.3303761932127977e-02  -1.4211978176134634e+01
  1212  -2.5473911806009325e-01   1.4089766053243753e+01
  1213   7.3208891939601428e-01  -1.4625813965493350e+01
  1214  -1.3634737409634701e-01  -1.4027872615373758e+01
  1215  -7.9607726378245280e-01   1.4161923239460616e+01
  1216   3.4666913770319641e-01  -1.4044060582208816e+01
  1217   6.4476080839299477e-01  -1.3790623115002376e+01
  1218  -3.5780921987978964e-01   1.4557449716658409e+01
  1219  -5.5764736798317405e-01   1.4142311553413204e+01
  1220   1.1938773577573647e+00  -1.4322103587335416e+01
  1221  -6.1856586647713441e-01  -1.4356414182025102e+01
  1222  -3.2369330327606960e-01  -1.3950297472321774e+01
  1223   4.2778012305464569e-01  -1.4566753017924642e+01
  1224   5.4282220731161201e-01  -1.4155506441127667e+01
  1225  -4.1364315522352882e-02  -1.4597374949085108e+01
  1226   1.2403667768513533e+00   1.4361536297687884e+01
  1227   2.0888967256785629e-01  -1.4134662286149545e+01
  1228  -4.1863764886857857e-01   1.4362479726321187e+01
  1229   7.0096701675355866e-02  -1.4419135176363410e+01
  1230   2.6321341304990298e-01  -1.4327600694014281e+01
  1231  -2.1904751049371191e-01  -1.4271786830191239e+01
  1232   5.8827652862996993e-01   1.4489038914013429e+01
  1233  -3.7691486204094987e-01  -1.4247836133495952e+01
  1234  -2.3893835364721480e-01   1.3878324585559573e+01
  1235  -3.0180617036680063e-01  -1.4113566422516410e+01
  1236   9.7613803993667481e-02   1.4481837055366682e+01
  1237  -7.2230013799711945e-01   1.4106434272486959e+01
  1238  -1.1237715658185610e-01  -1.4633480840790664e+01
  1239   8.4140102831330577e-01  -1.4573510118339042e+01
  1240  -3.2782053904889485e-01   1.4110292078553794e+01
  1241  -4.6919903799626600e-01  -1.4187914881103422e+01
  1242  -5.8011434849741117e-01  -1.4324691956536066e+01
  1243  -3.3924368424315765e-01  -1.4248319731468401e+01
  1244   1.0974808181748623e-01  -1.3926106845885652e+01
  1245   2.0267060694545655e-01  -1.4084236965811348e+01
  1246   4.3061281965031184e-01  -1.4033501394563935e+01
  1247   1.0667003256771874e-01   1.4576648248331404e+01
  1248   4.0717470626443808e-01   1.4467613800801168e+01
  1249  -4.0716127416543402e-01  -1.4614677823666847e+01
  1250  -7.2852916658742872e-01  -1.4292131679744850e+01
  1251  -2.8102229650566862e-01   1.4616785192594223e+01
  1252   7.7723283527214790e-02   1.3981296353129673e+01
  1253   2.4688801300896823e-01   1.4689828491373213e+01
  1254  -8.8031854781911459e-02  -1.5016062461075419e+01
  1255  -1.8360946493618405e-01   1.5139240580202660e+01
  1256  -5.8864419209541197e-01  -1.4835899917586335e+01
  1257  -3.7877327894048995e-01   1.4404006376136300e+01
  1258  -2.2876280478747146e-01   1.4271454592911160e+01
  1259   1.3371862657371625e+00   1.4686679439431577e+01
  1260  -3.8920535710503462e-01   1.4135221061896553e+01
  1261   2.8893353809365280e-02  -1.4665966845823304e+01
  1262   6.7420876130363594e-01  -1.4485609019232060e+01
  1263   4.6305008385481161e-01   1.4410518709695236e+01
  1264   2.3649275358159641e-01   1.4568727635560604e+01
  1265   6.4586519390049446e-01   1.4526048967100458e+01
  1266   9.8938388598437510e-01  -1.4363129106770822e+01
  1267  -6.1838739195131720e-01  -1.4899895675928978e+01
  1268   2.8905265212721507e-02  -1.4827023764786221e+01
  1269   1.0065088500564514e+00   1.4685565872858682e+01
  1270   5.9665433338869089e-02   1.4633217511284357e+01
  1271  -6.4176191045838737e-01  -1.4259427149369582e+01
  1272  -3.8501642369181877e-01  -1.4461186836974496e+01
  1273  -1.2066241206172927e+00  -1.4446242890241580e+01
  1274  -1.3344551959101094e+00  -1.4921826693476296e+01
  1275  -4.3904976617580183e-01  -1.4166878019645786e+01
  1276  -7.6359625224211691e-01  -1.4814610977241912e+01
  1277  -1.1480719870636026e-01   1.4288304083750628e+01
  1278   1.0736036625026268e+00  -1.4456086953750455e+01
  1279   4.5048577021595468e-02   1.4761784725467953e+01
  1280   1.1266632606317725e-01   1.4571654014498531e+01
  1281  -9.7279899626811758e-02   1.4353441877191941e+01
  1282  -1.6340291528720086e+00  -1.4927899636263730e+01
  1283   5.5108990472099917e-01  -1.4734332903575371e+01
  1284   1.6357942924351426e-01   1.4649173422202924e+01
  1285  -1.4075230329150024e-02   1.4689363514143684e+01
  1286  -1.5791460855755257e-01  -1.4436436375980703e+01
  1287  -9.4390445780988896e-01  -1.4867326580423086e+01
  1288   8.1463753144822348e-01   1.4363344350325626e+01
  1289  -3.3496476406752906e-01   1.4561719535463553e+01
  1290   4.0622994257674561e-01   1.4427455921749930e+01
  1291   1.7213504288158743e-01  -1.4592668539144816e+01
  1292   6.0082268317839516e-01  -1.4668029263125030e+01
  1293   5.6869246321487243e-01  -1.4277370580021369e+01
  1294  -1.5689968784438346e-01   1.4425542263257245e+01
  1295  -1.7162453275177621e-02  -1.4698122206714602e+01
  1296   6.5730712567223915e-01   1.5147015365616634e+01
  1297   4.5678762664232375e-01  -1.5017198628989172e+01
  1298   5.9948356689032545e-01   1.4775267500052673e+01
  1299  -4.2427638452505169e-02   1.4489218752763829e+01
  1300  -1.1229712382168495e-01   1.5126764328525216e+01
  1301   5.1375185689074088e-01   1.4087891626487847e+01
  1302  -2.8435244390258335e-01  -1.4430626622632248e+01
  1303  -2.4826846048286566e-01   1.5231676192216367e+01
  1304  -6.2610550347140836e-01  -1.4669237204468338e+01
  1305  -8.6519097935558953e-02   1.4685779440349492e+01
  1306   3.0280301793210262e-01  -1.4865554380092613e+01
  1307  -8.4785253154325979e-01   1.5023147846274464e+01
  1308   7.7379772387365653e-02  -1.3928210277924263e+01
  1309  -6.1021532706496506e-01  -1.4865959179924291e+01
  1310  -1.5290446009216213e-01   1.4516347092716854e+01
  1311  -5.4853038986086740e-02  -1.4315479577489313e+01
  1312  -1.3365739756604245e-01  -1.4935151948112972e+01
  1313  -5.3795135695012852e-01  -1.4699662356879113e+01
  1314   6.4738491016968802e-01   1.4353835670726884e+01
  1315   8.0614010752595677e-01  -1.4031865050463361e+01
  1316  -4.2467128752769084e-01  -1.5080484087723711e+01
  1317  -1.0049342800167889e+00  -1.5002424726286362e+01
  1318  -5.3516710483847185e-01   1.4926191164487230e+01
  1319  -2.9185888065582860e-01   1.4945538228322773e+01
  1320   1.6172978538527852e-01   1.4971380683169350e+01
  1321  -2.6003151055190321e-01  -1.5081197856098614e+01
  1322  -2.5730199151392619e-01  -1.4706518563933818e+01
  1323  -1.1323266275093599e-01  -1.5406236497123984e+01
  1324   2.1775941347553052e-01  -1.4784157461368277e+01
  1325  -8.7119197581128038e-01  -1.4607227142391261e+01
  1326  -5.2269922549774672e-01   1.5087734887923075e+01
  1327  -2.8991608404634972e-01  -1.4865018004113036e+01
  1328   8.3228422534318991e-01   1.5200810266390498e+01
  1329  -2.5070412920702667e-01  -1.4456467262578725e+01
  1330   9.7001548324841091e-02  -1.5281509991199611e+01
  1331  -8.8024897069179694e-02  -1.5200763865728002e+01
  1332  -2.4837050285055554e-01  -1.5058256752162544e+01
  1333  -4.4847787668554084e-01   1.4747868884247254e+01
  1334  -6.7229855708884634e-01  -1.5007958393713944e+01
  1335   2.4129620840999433e-01   1.5080768598532750e+01
  1336  -1.6727498192481154e+00  -1.4853784596580734e+01
  1337  -2.0852785103108246e-01  -1.4419352616783824e+01
  1338   4.1457881789496498e-02   1.4773746130705305e+01
  1339   3.1286474559744551e-02   1.4519691017911706e+01
  1340  -3.6325558671783953e-01  -1.4978815774333075e+01
  1341   1.8454153580847364e-02  -1.4504363231565785e+01
  1342  -9.2175905970027727e-01  -1.4823629543301273e+01
  1343  -2.3206610033775277e-01  -1.4364265109324132e+01
  1344  -2.9208397124804308e-01   1.5108134728833100e+01
  1345  -1.7977076042613549e+00   1.5207595185176743e+01
  1346   1.0727926911059871e-01  -1.4825615879419567e+01
  1347   1.9750478950896613e-01  -1.4923110317061935e+01
  1348   7.1891292728719566e-02  -1.5045372198844879e+01
  1349   5.8881903601107533e-01  -1.5277652170769745e+01
  1350   2.5440818308794827e-01  -1.5476492960066471e+01
  1351   4.9312911938627663e-01  -1.5234022023418223e+01
  1352  -3.0575840108360403e-01   1.4976469447681655e+01
  1353   4.4474040110305015e-02  -1.5545700830237239e+01
  1354  -7.1951057363824678e-01  -1.4840758241103476e+01
  1355   5.9675136488910818e-01   1.4209545355842035e+01
  1356  -3.2485421726834324e-01  -1.5049245825490960e+01
  1357   4.3111867591052450e-01  -1.4780723442217925e+01
  1358  -7.0870111963590310e-01   1.4984235613733425e+01
  1359   5.2330688670981618e-01   1.5507233139819961e+01
  1360   5.6183975614631043e-01   1.5524534024040523e+01
  1361   2.7072468621364573e-02  -1.5221777477152242e+01
  1362   3.4494554292316604e-01  -1.4925632237319062e+01
  1363  -9.8965736843231143e-03   1.5155308972567104e+01
  1364  -1.7807229248321810e-01   1.4914374937271313e+01
  1365   3.8575531537377949e-01   1.4981712830563291e+01
  1366  -8.4419092253597938e-01   1.5248962806660922e+01
  1367   2.6061583115647258e-01  -1.5033911496656335e+01
  1368  -9.8787928086258014e-01   1.5059235905521611e+01
  1369   3.1604540495872441e-01   1.5164557580752703e+01
  1370  -1.2618909088110342e+00  -1.5342790226321492e+01
  1371  -3.4556970368524226e-01   1.5738174796117672e+01
  1372  -9.9371120027579152e-01   1.4985573293212141e+01
  1373   1.7181108223889334e+00   1.5223305532319003e+01
  1374   3.1699684190106819e-01   1.5020375436934003e+01
  1375   3.0018270827508653e-01   1.4889300081819462e+01
  1376   6.4122303178304629e-01  -1.5286336835593019e+01
  1377   8.1242226538654427e-01   1.5366355267735305e+01
  1378   7.4835099305017239e-01  -1.5252521576858461e+01
  1379   5.5613817204615290e-01   1.5576761323323455e+01
  1380  -2.2739707871183648e-01   1.5040482365544932e+01
  1381   2.4465948604182142e-01   1.5404795310114896e+01
  1382   5.0131889281070929e-01  -1.4895878279871621e+01
  1383  -4.7222610532701292e-01  -1.5403166563205103e+01
  1384   1.4776367331264254e-01   1.4914045836665276e+01
  1385  -3.7176147350488215e-01   1.5492797382130922e+01
  1386   1.2004760589107941e-01   1.5377018105249753e+01
  1387  -5.1953128376078173e-01  -1.5232021330557505e+01
  1388  -3.6421326943938026e-01   1.5017125535251500e+01
  1389   1.0684464658883192e-01   1.5280627707103827e+01
  1390  -6.7682205456494365e-02  -1.5020564365530580e+01
  1391   1.2627909895918749e-01  -1.4639585354489030e+01
  1392   1.0110296638489930e-01  -1.5612599392147638e+01
  1393   3.0071428903724129e-01  -1.5671241385962283e+01
  1394  -3.0124553578150470e-02  -1.4664180433414471e+01
  1395  -6.5863792988563630e-01   1.5825675092289565e+01
  1396  -4.8592447324379222e-02   1.4920685281413441e+01
  1397  -2.3945363571649808e-01   1.4973383648246818e+01
  1398   5.8064195412935249e-01   1.5607357763350246e+01
  1399   4.4022825669187715e-01  -1.5127245970467197e+01
  1400   2.1940560908150661e-01  -1.5408824958063915e+01
  1401   5.1651903833529855e-01  -1.4999602601669888e+01
  1402   9.7041679390784097e-01   1.5383367421750656e+01
  1403   8.2373548904501562e-02  -1.5917462707046274e+01
  1404   4.6775470211068587e-01  -1.5231228690546732e+01
  1405  -5.5236446709916409e-01  -1.4973107899060082e+01
  1406  -4.4285895651860308e-01   1.5051657863259306e+01
  1407   4.8150060987055143e-01  -1.5685233471484004e+01
  1408   2.1498761615264783e-01  -1.5156091714939441e+01
  1409  -6.0686224643615866e-03   1.5475994469560490e+01
  1410  -1.1860839879184359e-01  -1.5229728286710886e+01
  1411   1.1999941104211838e+00  -1.5494068300114714e+01
  1412  -4.1623700449284368e-01  -1.5547130310928331e+01
  1413  -7.0359447611300729e-01  -1.5062523231431982e+01
  1414  -4.0472333305325803e-01  -1.5197990099089502e+01
  1415  -1.2593411164793085e+00  -1.5291096950538046e+01
  1416   4.8433825321969992e-01  -1.5342689971755041e+01
  1417  -7.6111702884044152e-01  -1.5079676081012391e+01
  1418   2.6491956122997859e-02   1.5315931434343558e+01
  1419  -7.8102452773332054e-01   1.5300426466329048e+01
  1420   1.1715949444545206e+00  -1.5262219105946441e+01
  1421  -4.3032541627502363e-01  -1.5380292686871767e+01
  1422   2.6225616976761490e-01   1.5219658089091899e+01
  1423  -1.1384402379601853e-01  -1.5414781345331418e+01
  1424   1.2891458031073291e+00   1.5481847391674789e+01
  1425   3.7654999814691537e-01   1.5361449619574376e+01
  1426   1.8269210453373930e-02   1.6028374802544000e+01
  1427   6.9037949823011413e-01  -1.5601702941061276e+01
  1428   2.2946649799579946e-01  -1.5092282909288951e+01
  1429   1.8258543833790286e-01  -1.5438693652637925e+01
  1430   3.1681132214980223e-01  -1.5324525119582692e+01
  1431  -8.4603524666958108e-01   1.5683934289653996e+01
  1432  -1.3843403712344238e-01   1.5769058319195700e+01
  1433   7.6371318969225732e-01  -1.5137582619616948e+01
  1434   7.9839862515071885e-02   1.5434912423827448e+01
  1435  -9.0267941686676201e-01   1.5377975481630743e+01
  1436   1.7135982144305945e-01   1.5572454249764668e+01
  1437  -1.9759082640517092e-01  -1.5162644517576600e+01
  1438  -1.0006640826192055e+00   1.5374728514077391e+01
  1439   6.6254894560712030e-01  -1.5545454710796172e+01
  1440   2.9359565766428737e-02   1.5712046971430473e+01
  1441   4.0678560204041658e-01   1.5313076601851732e+01
  1442   4.0391746825270769e-01   1.5621449377656139e+01
  1443  -1.0860120657982977e+00   1.5756008113862782e+01
  1444   4.0224353068359170e-01  -1.5914245449740200e+01
  1445   7.3784068399235514e-01  -1.5784131273467326e+01
  1446  -8.4476986775216811e-01  -1.5647508966858693e+01
  1447   4.6347096998069370e-01  -1.5597007507879564e+01
  1448   4.0990620001837591e-01  -1.5615825223986819e+01
  1449   6.3526524116181826e-01   1.5659203622065535e+01
  1450   3.3092798932451128e-01   1.5104205133314640e+01
  1451   1.1358086040812472e+00   1.5405984999209295e+01
  1452   4.6012013265204077e-01  -1.5501978527738506e+01
  1453  -3.2179801028638594e-01   1.5615965588367127e+01
  1454  -8.9473993271134433e-01  -1.5196753469026071e+01
  1455  -3.4322257347013496e-01   1.6327170204583400e+01
  1456  -4.3511775007167891e-01   1.5154705871229027e+01
  1457  -2.0243549908358444e-01  -1.5040924492348827e+01
  1458   5.9656183406894336e-01   1.5349685140404178e+01
  1459  -3.7466740051210490e-01   1.5559892597499012e+01
  1460   9.0446683071795997e-01   1.5358650841977212e+01
  1461   5.5179503737793811e-01   1.5478603958249487e+01
  1462  -1.8611329446169578e-01  -1.5884153467908149e+01
  1463   5.4447472283610340e-02   1.5260256087109425e+01
  1464  -1.3141258060820865e-01   1.5586290037050686e+01
  1465   3.5423200513606762e-01  -1.5536430431388728e+01
  1466  -8.9628694725002478e-01   1.5766006065916892e+01
  1467  -1.4532821107341313e-02   1.5440425990223849e+01
  1468  -6.9967070286173605e-02   1.5692615500379825e+01
  1469  -1.1903191544230667e+00  -1.5812337111454982e+01
  1470   5.8127130640776981e-01  -1.5629387222824191e+01
  1471  -6.1466972981479207e-01   1.6171089152950174e+01
  1472   3.7112853215005720e-01  -1.5086992853035555e+01
  1473  -3.9382439841872885e-01  -1.5857446952387287e+01
  1474   4.4724590703209027e-01   1.6055095911310715e+01
  1475   1.1780821004239628e+00  -1.5207113222875845e+01
  1476  -6.1370141922551580e-02  -1.5949781688484958e+01
  1477   3.5458319325601950e-02  -1.6248850154884657e+01
  1478  -1.0659750620353829e-01   1.5499579467144452e+01
  1479   5.6681011338802635e-02  -1.5994448460804565e+01
  1480  -1.2584007191630955e+00  -1.6065853457922167e+01
  1481   3.3674147925717396e-01  -1.5322599039826128e+01
  1482  -9.8149977303146652e-01  -1.5417240471197136e+01
  1483   1.4956179538301800e-01  -1.5577208929344682e+01
  1484  -2.1537153572584544e-01  -1.6453499538702093e+01
  1485   4.8112550259758752e-01   1.5874629396496669e+01
  1486  -7.8201480929629952e-01   1.5631598082024617e+01
  1487  -3.9259601012886303e-01   1.5651057217340126e+01
  1488  -1.7974512388017978e+00   1.5647630180236273e+01
  1489   7.5349033193894877e-01  -1.5774975354412568e+01
  1490   1.3833644496453412e-02  -1.5304872840726896e+01
  1491   2.2396328246000973e-02  -1.5610018999691379e+01
  1492  -8.7948309568739425e-01  -1.5613438705168955e+01
  1493   1.7656854073883343e-01   1.5715931124852888e+01
  1494   1.8616773092533037e-01  -1.5997102332255171e+01
  1495   1.2237777242089670e-01  -1.5878907685020318e+01
  1496  -1.0883681276805704e-01  -1.5498768904263397e+01
  1497   1.2454381115452826e+00  -1.6255794358557456e+01
  1498  -2.8059024324737065e-02  -1.6077483397421272e+01
  1499   3.6255590192449494e-01   1.5334372739962966e+01
  1500   8.2231248268566384e-02   1.5706284914075468e+01
  1501  -3.5801573995918656e-02  -1.5690641894187754e+01
  1502   9.8810419908702196e-01  -1.5756796246194815e+01
  1503   1.5533087216119087e-01   1.5778193165731247e+01
  1504  -5.7378067023231094e-01   1.5809883630753927e+01
  1505  -4.4639715431901106e-01   1.5538980666319569e+01
  1506   1.5353480936876604e-01   1.5860227931143214e+01
  1507   2.5109121937400386e-01  -1.5670546050993257e+01
  1508   5.6795979913132444e-01   1.5974488015092511e+01
  1509  -2.3661493021241065e-01  -1.5577753959750446e+01
  1510  -1.6842751941800310e-01  -1.5650519926644106e+01
  1511   8.4307578708995112e-01  -1.5810517835699988e+01
  1512  -4.0817572561256327e-01  -1.5989901304394335e+01
  1513  -9.2036404333368105e-01   1.5361914464015960e+01
  1514  -4.9769134122356617e-01  -1.5738914113554790e+01
  1515   2.9287195510091574e-01   1.6016065832235434e+01
  1516  -2.2218029765613173e-01   1.6118786557809329e+01
  1517   3.0365188629454831e-01   1.5673959392691350e+01
  1518   3.8381538000719478e-01   1.6368758020439426e+01
  1519   1.9991909878825709e-01  -1.5922851744448234e+01
  1520   4.6907261105186793e-01   1.5196242397374450e+01
  1521  -7.7222999041180129e-02   1.5863678496722448e+01
  1522  -1.6774410630260767e-01  -1.6115962289971620e+01
  1523   1.1809268855547079e+00   1.6068731796259591e+01
  1524   1.5668776713522348e+00   1.5760851787019801e+01
  1525   4.2801691606160186e-01   1.6015414115744420e+01
  1526  -7.2609155754828403e-02  -1.6280825695362996e+01
  1527  -7.9535996855441593e-01   1.5885677506340697e+01
  1528   1.5745013769609453e-01  -1.6469244715158364e+01
  1529  -5.2300126330619823e-01   1.5858031026823388e+01
  1530  -1.2769309976687953e+00   1.6216415141877217e+01
  1531  -3.5174827371602951e-01  -1.5884614746266998e+01
  1532  -1.9544308068093197e-01   1.5824988226527617e+01
  1533   1.2530695119750412e+00  -1.5806636770614368e+01
  1534   2.1212049971665349e-02  -1.5981883039234511e+01
  1535   2.7557915765319657e-01  -1.5515149743734860e+01
  1536  -3.9686101926028888e-01   1.6196227533235085e+01
  1537  -6.5883715473341742e-01   1.6020158477520095e+01
  1538  -5.7880462376500963e-01  -1.6109109214767717e+01
  1539   5.8276340241581825e-01  -1.5881421568166958e+01
  1540  -2.5925557985665787e-02  -1.6158042638355251e+01
  1541   1.3841074688502242e-01   1.6284626461308758e+01
  1542   2.1091885467066616e-02   1.6349972194686348e+01
  1543  -4.3315863469608373e-01   1.5865053841648592e+01
  1544   2.9119005680150079e-01   1.5870399601892158e+01
  1545  -1.5559995009542721e-01   1.6065830778523967e+01
  1546   5.8677403853963384e-01   1.5881078466819885e+01
  1547  -6.4224133522771887e-01  -1.6117512081906327e+01
  1548   3.1527904039781306e-02   1.5929349020370228e+01
  1549   4.8306080250555572e-01  -1.6142833314283340e+01
  1550  -5.3911635244364364e-01  -1.5280185506302876e+01
  1551   1.8369621078314091e-01  -1.5955071254171269e+01
  1552  -5.6293406939265422e-01  -1.6163838194317176e+01
  1553  -2.5813465180579137e-01  -1.6127747256144925e+01
  1554   2.0084169011234218e-01  -1.5935034359205508e+01
  1555   1.3167133322495841e+00   1.6408872632635632e+01
  1556  -3.9508168633028307e-02  -1.6321294647926283e+01
  1557   2.6656483395212049e-01  -1.6204768470469624e+01
  1558  -4.5294587071072323e-01  -1.5940814639187929e+01
  1559   2.1197581702286977e-01   1.6256414846511678e+01
  1560  -1.6041903792098669e-01  -1.5961401410923376e+01
  1561   4.8872963124182700e-01   1.6247331218281928e+01
  1562   2.2960252464248823e-01  -1.5669011628293665e+01
  1563   1.3614994871919056e-01   1.5863028403247762e+01
  1564  -3.4599749382217898e-01   1.6248009814126519e+01
  1565  -3.1457416701635953e-02  -1.6183661780738728e+01
  1566   6.3661076007304285e-01  -1.6320589201229541e+01
  1567   9.2505607312600724e-01  -1.6096442730261202e+01
  1568   1.0493105914617509e+00  -1.6278691711365003e+01
  1569   3.4104752214089584e-01   1.6680579578505125e+01
  1570  -1.1096331020608616e+00   1.6126080006353934e+01
  1571   5.6616775444886347e-01  -1.6296661660856596e+01
  1572  -4.5187562897644523e-01  -1.6239541803938778e+01
  1573  -2.6102392882265574e-01   1.6609417808950983e+01
  1574  -6.9998945048590944e-01  -1.6072360427563691e+01
  1575   3.4315280858271147e-01  -1.6637768036387847e+01
  1576  -8.7630581391942775e-01  -1.6281549819106434e+01
  1577  -3.2551872428812456e-01   1.5889399516718196e+01
  1578   3.2683488783615705e-01   1.6044676626994214e+01
  1579  -2.3317367977607986e-01   1.6329733004757799e+01
  1580  -9.2634782589888831e-01   1.6086255123579146e+01
  1581  -1.7942061410329384e-02   1.5731471226634927e+01
  1582  -9.9599045570558531e-01   1.5784557118530699e+01
  1583   3.2680317718263063e-01   1.6329620729043068e+01
  1584   3.9025302916092974e-01  -1.6106370861429049e+01
  1585  -2.9833378609831912e-01   1.6890943204235707e+01
  1586  -4.1287681065125514e-01  -1.6218403577246409e+01
  1587  -1.8667666215835908e-02  -1.6193643104336733e+01
  1588   4.9143132231253095e-01   1.6443131444654085e+01
  1589   2.6698214585999963e-01   1.6135640811797053e+01
  1590   4.0119905023306313e-01  -1.6479308747465826e+01
  1591   4.6778521293292347e-01  -1.6195710269019862e+01
  1592  -5.3424615679840060e-01  -1.6332416112767373e+01
  1593   6.4994003257518196e-01   1.6444281951435837e+01
  1594  -1.0013378410659748e-01   1.6041991186862290e+01
  1595  -8.0211991943659589e-01   1.6305265336858866e+01
  1596  -9.4958381297795225e-01  -1.6228477912785358e+01
  1597   5.2265832769236675e-01   1.6223302216691490e+01
  1598  -4.3341436422416374e-01   1.6289587118070827e+01
  1599  -8.5203003142389572e-02  -1.6296384315239745e+01
  1600   7.7649244904615511e-01   1.6990051889482235e+01
  1601   9.4606618443778281e-02   1.6227562807587958e+01
  1602  -1.0141756731060783e+00   1.6146487440293431e+01
  1603   3.9525082217054988e-02  -1.6789291156828831e+01
  1604  -1.7331610994062530e-01   1.6349898405454546e+01
  1605  -3.7428639122128758e-02   1.7012519682691138e+01
  1606   4.9008200983950534e-01   1.6724572601273760e+01
  1607   7.3731439759222051e-01  -1.6117157770433462e+01
  1608  -8.8648811514034964e-01   1.6005404758267968e+01
  1609  -5.2938266601580491e-02  -1.5785567248057241e+01
  1610   3.3228163658527465e-01  -1.6259263578399761e+01
  1611  -3.8694572680855416e-01  -1.6265920761542461e+01
  1612  -4.2272419362801739e-02  -1.6263269898495921e+01
  1613  -4.1270197010675386e-02   1.6533698291674089e+01
  1614   6.8505355668416001e-01   1.6414423876054844e+01
  1615  -1.1355723652183761e-01   1.6356200189645381e+01
  1616   8.8968808699603186e-01   1.6244256975708183e+01
  1617   8.2637718981453301e-01  -1.6908136172850220e+01
  1618   3.0145228561376991e-01  -1.6415726508002894e+01
  1619   7.2252254988130815e-01  -1.5821209724807821e+01
  1620  -1.2846721242694970e-01   1.6089646737704818e+01
  1621   4.5554060565851795e-01  -1.6438129038886739e+01
  1622  -5.7028187457299528e-01  -1.5996478333844792e+01
  1623   3.5364338108342214e-01   1.6717502438504471e+01
  1624  -4.5309315889262608e-01  -1.6258524827350314e+01
  1625  -5.8561919826735399e-02   1.6094505297291828e+01
  1626   4.0629228827345404e-01   1.6411360760733899e+01
  1627   5.6621497827049061e-01   1.6777433339787805e+01
  1628   2.3011385703413720e-01   1.6286086132081152e+01
  1629   1.3868368414140395e-01  -1.7012847691438424e+01
  1630   1.6848426819463758e-01  -1.6449924690799360e+01
  1631   2.6809550162022425e-02  -1.6773544006785919e+01
  1632   5.6028974086154026e-01   1.6071227467339781e+01
  1633   7.5866127637959235e-01  -1.5967751626699995e+01
  1634   6.8807782035207088e-01  -1.6814453430077755e+01
  1635   2.6633774770830637e-01  -1.6417964148313459e+01
  1636  -5.3882288401695699e-01  -1.6406447145210578e+01
  1637  -2.4701085785463980e-01   1.6207876664068959e+01
  1638   7.2547355782281819e-01  -1.6180833708243178e+01
  1639   3.2428825680839518e-02  -1.7004410131140702e+01
  1640   1.6181266695178648e-01   1.6068931021649835e+01
  1641   8.7449714156633540e-01  -1.6228368068235735e+01
  1642  -7.8575090508409318e-01  -1.6227950842376053e+01
  1643  -1.0417680321816258e+00   1.6568451833053317e+01
  1644  -3.8111368942195900e-01  -1.6958411439250561e+01
  1645   1.2691753877222152e+00   1.6230557136420952e+01
  1646   7.5139289193878245e-02  -1.6617498155361741e+01
  1647   1.0251949932948927e+00  -1.6865747501841764e+01
  1648   1.1586359368885129e+00  -1.6797155475885774e+01
  1649  -3.0266707353446298e-01  -1.6650851775190052e+01
  1650   6.0638226844487364e-01  -1.6875250240241677e+01
  1651  -6.8278348345916506e-02   1.6434989066125468e+01
  1652  -1.7188010454133829e-01   1.6989846911080747e+01
  1653  -8.5608592591509935e-01   1.6436412179066817e+01
  1654   1.9970662381314142e-01  -1.6918433010615448e+01
  1655  -1.3579443142204477e+00   1.6621284761387592e+01
  1656   6.3104454704942947e-01   1.6328646785808424e+01
  1657   1.3221799818940749e+00   1.6023179367957585e+01
  1658   5.2845630000718180e-01   1.6198425166965535e+01
  1659  -5.2715106123960620e-01   1.6318318907884674e+01
  1660   1.1020640938049209e-01   1.6486776490665214e+01
  1661   1.1168451640541208e+00  -1.6643604536359717e+01
  1662   2.5450425341232336e-01  -1.6671040726115326e+01
  1663   7.8058784703185813e-01  -1.6676256471085747e+01
  1664   5.7449624554624279e-01  -1.6755167445455669e+01
  1665   1.1808837615454973e-01   1.6829987625383929e+01
  1666  -3.4889532360322606e-01   1.6621214558677870e+01
  1667  -7.7644630483673827e-01  -1.6383540935977912e+01
  1668  -1.1992054132626866e-01   1.7052741220652273e+01
  1669   5.1246426430854912e-02   1.6841354395147192e+01
  1670  -1.1833464001862959e-01  -1.6880912150954728e+01
  1671  -6.0850937719076659e-01   1.6996812667119883e+01
  1672   8.3738685387819900e-01  -1.6485821661655557e+01
  1673   1.0940279677354672e+00  -1.6684664238997449e+01
  1674  -8.6473446970421908e-01  -1.7143658165317916e+01
  1675  -3.0130276683949270e-02   1.6903377069230576e+01
  1676   7.4370942792906333e-02   1.6817628709742170e+01
  1677  -7.4613627834727025e-01   1.6226854962141644e+01
  1678  -6.1995973627593437e-01   1.6755537763991853e+01
  1679  -9.7426175142183671e-02   1.6522419784397140e+01
  1680  -3.3055880196629484e-01  -1.6559784177130812e+01
  1681  -4.3942622063166420e-01   1.6192053874836731e+01
  1682  -3.7220891195257833e-01   1.7139241404362846e+01
  1683  -3.3360206508373891e-01   1.7030455034538740e+01
  1684   6.9239238455853747e-01  -1.6604757183738531e+01
  1685  -9.6122777532567139e-01   1.6690477406110137e+01
  1686   8.1678509992060078e-01   1.6568041150015834e+01
  1687  -7.6421601356377777e-01  -1.6595519287306463e+01
  1688   6.1312403699186624e-01  -1.6945544703683836e+01
  1689  -7.8863173346202087e-01  -1.6675527064401283e+01
  1690  -5.9841460386488021e-01  -1.6382779711243888e+01
  1691  -2.7198440176461269e-01  -1.6799228790263967e+01
  1692  -5.8732508888426505e-01  -1.5900817320761751e+01
  1693  -7.1921378289127669e-01  -1.6489979383952811e+01
  1694  -2.7601591506340339e-01  -1.6873738586231191e+01
  1695   7.8237319827171947e-01  -1.6557077602209684e+01
  1696  -4.2939190870591532e-01  -1.6929244046070348e+01
  1697  -2.9085052755453805e-01   1.6519095064479817e+01
  1698   3.4628719278455156e-01   1.6432789046503657e+01
  1699   9.2411851163289205e-01   1.6873653119206928e+01
  1700  -1.4319773171973116e-01   1.7173031093756730e+01
  1701  -7.5443105770753943e-02   1.6969387243595946e+01
  1702   2.0801471435349739e-01  -1.6753759097806810e+01
  1703   7.0725148389328574e-01   1.7171217090324088e+01
  1704  -1.3704613718367409e-01   1.6350236561009297e+01
  1705   6.1171725464318150e-01  -1.7021401002214535e+01
  1706  -1.0200262302855063e+00  -1.6979495486905353e+01
  1707  -7.1057893279210332e-02   1.7189550597321439e+01
  1708   9.6014680916759609e-01   1.6498699699021074e+01
  1709  -3.2832340301466806e-01   1.6905308910875348e+01
  1710  -1.5220947037585578e-01   1.7106136703268920e+01
  1711   5.8685979014860334e-01   1.6697504502508412e+01
  1712  -5.3772235854513961e-01  -1.7094183932793580e+01
  1713   6.7764918312877387e-01   1.6938419690031218e+01
  1714   9.8178678776228634e-01  -1.6666431529239169e+01
  1715  -1.6855044793870133e-01   1.7153762628125516e+01
  1716   1.4865466439023933e-01  -1.6853494951439831e+01
  1717  -5.1204669812179437e-01  -1.7103926145173414e+01
  1718  -5.1207117308660810e-01  -1.6730817959857912e+01
  1719   7.9216233332114916e-02   1.6501904280704345e+01
  1720   1.2477588310099773e-01  -1.7596435293388495e+01
  1721  -5.5269131677587946e-01   1.7319243716102935e+01
  1722   1.1886545880045609e+00   1.7257471526692928e+01
  1723   8.3412725247008279e-01  -1.7205371698455476e+01
  1724   4.2763444421435232e-02  -1.7063765843170508e+01
  1725   8.8433456366948104e-01  -1.7020745993445473e+01
  1726  -5.5117969232051711e-01  -1.6418197392425018e+01
  1727   2.2909681173783850e-01   1.7018001485192148e+01
  1728  -3.5731643911269589e-01  -1.6940752607016961e+01
  1729   1.1725856963912400e-01   1.6915862956033521e+01
  1730  -4.1039479809862467e-01  -1.6855108697901095e+01
  1731  -1.0063303217188480e+00   1.6721362631280929e+01
  1732  -6.8366220081349760e-01   1.6840446704139477e+01
  1733   3.1987358241012354e-01  -1.6882783456714211e+01
  1734   4.8432833649964602e-01   1.6890564775664650e+01
  1735   6.6425305649860344e-01   1.6890570660980085e+01
  1736   8.0357183635985963e-01   1.7178316041865052e+01
  1737   1.4110249300697753e-01  -1.7150777509423751e+01
  1738   4.6555563067931804e-01  -1.7086736776243757e+01
  1739   5.9329435458352286e-01  -1.6576803584509282e+01
  1740   9.2926391292509591e-01   1.6604036330863192e+01
  1741  -6.5016407506951412e-01  -1.7606138300755486e+01
  1742  -5.0238432210506134e-01  -1.6615884945182540e+01
  1743   3.2887904003622159e-01   1.6828736235971181e+01
  1744   2.4316898665242903e-01  -1.6624373366045390e+01
  1745   3.7667280383392210e-01  -1.6745464936961039e+01
  1746  -2.9267900556624080e-02   1.7042456968102034e+01
  1747  -6.1787480121789540e-01   1.7425918140307033e+01
  1748   3.6822000652334346e-03   1.6679294769222626e+01
  1749  -5.6011716038706416e-01   1.6962494101659171e+01
  1750   1.9691124948221561e-01   0.0000000000000000e+00
