  1500
     1   1.3801386854818958e+00   1.9859630969238289e+00
     2  -3.7857590457113544e-01  -1.7325794872018629e+00
     3   1.1092404547496448e+00   1.8234033075805507e+00
     4   1.6273538584007587e+00  -2.2887467568113591e+00
     5   1.6452675462453361e+00   3.3105316850405830e+00
     6  -2.2263870102875654e+00   3.2666901051944701e+00
     7  -1.1415833209554351e+00   4.9858412426079166e+00
     8   8.5707538161668850e-01   4.7872229201412733e+00
     9  -3.5439968791198950e-01  -3.1935787063019068e+00
    10   1.7196191963156826e+00   4.6487865340713102e+00
    11   1.2916134684573142e+00   6.7212139617452120e+00
    12  -2.4075813067584031e+00   5.8745029507949305e+00
    13  -1.7250442475281185e+00   5.1252654872234409e+00
    14   2.8351260422185445e+00   4.5849550306830711e+00
    15  -2.9429903785130729e+00  -5.6774151166166114e+00
    16   1.4147555372057981e+00   7.9571784047522502e+00
    17  -8.1742853655248471e-02  -6.0120261380434386e+00
    18  -2.0435846374726827e+00  -6.0777023422363259e+00
    19   2.6695186193264528e+00  -6.2364786598220245e+00
    20   3.0853607012096980e+00  -4.3443680281911243e+00
    21   2.4220739997053276e+00   6.1480921605910748e+00
    22  -3.6630051677094144e-01  -7.0831161906154048e+00
    23  -1.4524379966690522e+00  -7.8479236020024237e+00
    24  -6.0901049441190958e-01   8.2383482769010570e+00
    25  -3.0097162054733850e-01  -6.0574167812334565e+00
    26  -6.4742577411905478e-01  -7.1716003193906470e+00
    27   1.4744588932638258e-01  -6.1693638722748325e+00
    28  -2.4416121656031180e+00  -7.7930974215752018e+00
    29  -4.6592863733398948e+00  -6.4999330502307009e+00
    30  -1.8797469123284893e+00   7.9845761447218191e+00
    31   3.7342500488906847e+00  -7.6121261589919076e+00
    32  -2.2579510485636085e+00  -7.2027839764229435e+00
    33   3.2282375789643336e-01  -9.4243746095945049e+00
    34  -3.7689005873851850e-01  -7.7749770096796755e+00
    35  -3.5023301115002083e+00   7.7486037505249552e+00
    36   3.5682025394173089e+00  -7.1165444556826900e+00
    37   2.1346072949281010e+00  -8.1346037389120056e+00
    38   5.5933241142807755e-01  -6.1702599032654799e+00
    39  -1.6873516711974323e+00  -1.0076635047153342e+01
    40  -1.4981050650515275e+00  -9.3395601082940853e+00
    41  -1.1603999603896926e+00  -9.0111246838958934e+00
    42  -3.6855600234935890e+00  -9.9290020050712791e+00
    43  -3.0169146894256813e+00  -9.7595293041972546e+00
    44   2.2023875007754139e+00  -1.0266064873611144e+01
    45  -8.4942896304700555e-01  -1.1137976863662782e+01
    46  -6.9396789142220383e-01   9.0558513954094053e+00
    47  -7.4200853887688711e-01   9.4959700455851408e+00
    48  -3.9614483297300485e-01  -9.6207898977545323e+00
    49   2.7737443068121017e+00   8.9457248505956599e+00
    50  -1.7085178509823100e+00   1.1055491257024180e+01
    51  -2.0162494432477143e+00  -1.0411583056820163e+01
    52   3.4123022520264512e-01  -1.0030297364824241e+01
    53  -7.5924001661440554e-01   1.0691431228474288e+01
    54   1.2852133547469826e+00  -1.0674388830474417e+01
    55  -3.6477657740532372e+00  -9.7937882094268858e+00
    56   6.7400918390044717e-01   1.1642990748269156e+01
    57   2.0634355744489437e+00  -1.1374078894643459e+01
    58  -1.6659186425486587e+00   1.0816575724732683e+01
    59  -2.2433875075695040e+00   1.1027441424008321e+01
    60  -1.7880611604963375e+00  -1.0763264541043716e+01
    61   1.5241082179862626e+00   1.0556705754323611e+01
    62   1.8013105151929480e+00  -9.1035385184115931e+00
    63   1.6891873263629972e-01   1.1221427047885113e+01
    64  -1.0491219879884708e+00  -1.0225261042521597e+01
    65  -2.6354942855384746e+00  -1.2613969575501480e+01
    66   9.7742913908915341e-01  -1.3071573385750913e+01
    67   2.8924407004264281e+00  -1.1392790362607732e+01
    68  -5.2830650202708265e+00  -1.2074372356969272e+01
    69  -1.8330962722072426e+00  -1.2823987104051547e+01
    70   1.2224900536200312e+00  -1.1765195015746922e+01
    71  -3.7386528469383390e-01   1.1267102048867812e+01
    72  -1.5975963401293680e+00  -1.1646598914413087e+01
    73  -2.8990440960435082e+00  -1.3276860258347655e+01
    74   3.7439377501435449e+00  -1.0061519605122834e+01
    75   2.5056950210971816e+00   1.3189020639261402e+01
    76  -2.8769871499685431e+00  -1.1894860129246817e+01
    77  -1.0501803142075821e+00   1.2492239851400338e+01
    78  -1.6525351277117559e+00   1.3591245474435782e+01
    79  -1.2264807844650985e+00  -1.2142396303927246e+01
    80   7.7991736883620533e-01  -1.1661743266445599e+01
    81  -5.0099675532119348e-01  -1.3549263649882052e+01
    82  -1.5115318208264303e+00  -1.2716335279727650e+01
    83  -1.8599323976332125e+00   1.2983921082017572e+01
    84  -3.5142595843656155e-01  -1.2709270918128556e+01
    85  -3.2596163527004491e+00   1.2803008660815202e+01
    86  -9.4314924860451912e-02  -1.3831585648376445e+01
    87   8.7387035195489415e-01  -1.2329005836188273e+01
    88  -1.9857149327692694e+00  -1.3955097028084596e+01
    89   7.9630646386178061e-02  -1.4900145292001437e+01
    90  -9.0816601085000448e-01   1.4163344637709434e+01
    91   9.6837417832542083e-01   1.2152882136106150e+01
    92  -1.5886119908553997e-01  -1.4052286877562352e+01
    93  -3.5413458025060468e-01  -1.2606870108745470e+01
    94   1.7479014708541969e+00  -1.3338892958781624e+01
    95  -9.5548851662108236e-01  -1.3268969994961394e+01
    96  -2.5327243673685518e-01   1.2770079256992357e+01
    97   4.5067985672029556e+00   1.3641039336342880e+01
    98  -7.4363956206502935e-01   1.4787977463453402e+01
    99  -6.9163621301523193e-01  -1.4795707055640197e+01
   100  -1.3568592094969123e+00   1.4892475351465288e+01
   101  -2.9566133603394606e-01   1.3168360610282106e+01
   102  -1.1180273474141540e+00   1.4344650833669688e+01
   103   3.8072018295791472e+00  -1.6752607199113484e+01
   104   1.7109904847708624e+00   1.5183931829902690e+01
   105  -4.7517253591798936e-01  -1.5060947372906909e+01
   106   1.9396257929050038e+00  -1.4504659813435998e+01
   107  -8.3569287857457458e-02  -1.4446030414027325e+01
   108  -4.5998132023759899e+00  -1.4849342142929235e+01
   109  -2.3178981064572115e+00   1.6286092663198215e+01
   110   2.5026676148386766e-02   1.3415455696075004e+01
   111  -1.4594418218504865e+00  -1.4745864601228769e+01
   112  -1.9029528973627796e+00  -1.3677701024585225e+01
   113   1.5891183443108710e+00  -1.5512905873295965e+01
   114   2.4754062499695961e-01  -1.4547474053181231e+01
   115   5.8597804887971749e-01   1.4576092703016615e+01
   116  -7.6528142225720497e-01   1.5738537102023955e+01
   117  -1.1448904708108625e+00  -1.4742482199839984e+01
   118   2.0864855479508164e+00   1.5116748756750253e+01
   119   1.5710592793058467e-01  -1.4626700928572101e+01
   120  -2.2032700765243689e+00  -1.4314566533255798e+01
   121  -8.2795120845099412e-01   1.5504095527116348e+01
   122   3.9543292109082140e-03  -1.5821375179000785e+01
   123  -2.8208293348669482e+00   1.6926462479485924e+01
   124  -6.3930706348288524e-01   1.6952746516961810e+01
   125   5.5443521598295753e-01   1.5503984418932378e+01
   126   2.9463156035629395e-01  -1.6809959012602228e+01
   127   2.3079666695829126e+00   1.4417834933302155e+01
   128   1.5264038425529558e+00   1.5499852160835150e+01
   129  -1.8178534231241061e-01   1.7646386764422477e+01
   130   1.2875612469347701e+00  -1.5895702781381422e+01
   131   3.6627096070852745e+00   1.6174972108326454e+01
   132  -2.5632283718962059e+00  -1.5802470026961936e+01
   133  -1.1880100485573037e+00  -1.5580367701735501e+01
   134   1.1653748446993697e+00   1.6924205020325335e+01
   135   1.1279506869987246e+00  -1.7038933205413944e+01
   136  -4.6661897156330318e-01  -1.6219753080186599e+01
   137   1.8589500706638082e+00  -1.6252995549017420e+01
   138   1.4080684029091124e+00  -1.4586691260953943e+01
   139  -1.5371747731061822e+00  -1.7101042316344834e+01
   140   3.4184421276814101e+00   1.7880661631395718e+01
   141   2.0009442116727745e+00  -1.5892195985540791e+01
   142   1.9404569056077017e+00   1.7190411198643666e+01
   143   5.9619096846037367e-01   1.5150774584850327e+01
   144  -2.9365823063165362e+00  -1.8219553228004383e+01
   145  -6.6507259585525791e+00   1.6786894134011888e+01
   146   2.7535967367633605e+00   1.7064192386208966e+01
   147  -5.4898995708766563e-01   1.7728078675812345e+01
   148   1.8089315516448541e+00   1.6717353206659396e+01
   149   3.0259829558819100e+00   1.8180545493946159e+01
   150   2.4992208333658401e+00   1.6706022043706909e+01
   151  -6.1925942998577526e+00   1.7738273731463156e+01
   152  -3.2037416303345179e+00  -1.9444009338712952e+01
   153   1.4102285163844205e-01   1.7458000013753399e+01
   154   1.0245260193288510e+00  -1.8030407605497757e+01
   155  -4.0526989842732650e+00  -1.6720184978416164e+01
   156  -1.9775645679385025e+00  -1.8455391489926239e+01
   157  -9.2432937779810501e-02   1.9259321194539265e+01
   158  -2.5131643344859875e+00  -1.7936433100064487e+01
   159   2.6955382575911131e-02  -1.8160575192349050e+01
   160   1.6241847107296530e+00  -1.7570981559857042e+01
   161  -2.1718841415954135e+00  -1.8537710964032161e+01
   162   3.1907319892586661e+00  -1.6792653466539456e+01
   163  -1.4833792999755688e+00   1.8614899991826309e+01
   164   2.5325914300321299e+00  -1.8173078812391438e+01
   165  -9.3122447540864961e-01   1.9280189982336555e+01
   166  -9.1489330347983178e-01  -1.8008208477566143e+01
   167   4.8431692321416060e+00   1.8596787845257822e+01
   168   1.1438058064428762e+00  -1.8782589612927730e+01
   169  -4.3127550061427222e-01   1.8405882958591608e+01
   170   1.5005619083498287e+00   1.9315492714475234e+01
   171  -1.0665572968739110e+00  -1.7965979022892316e+01
   172  -1.2987652062937189e+00   1.9899869811602166e+01
   173  -1.4421196680313080e+00   1.8828587730934530e+01
   174  -3.3421527148216628e+00   1.8819069881799130e+01
   175  -1.3198900666303799e+00   1.7808636574485952e+01
   176   1.0106865569116543e+00   1.7906725517572227e+01
   177  -1.0995573326164294e+00   1.7606875087765090e+01
   178   2.7209380505612319e+00  -1.7689179370906697e+01
   179  -1.1136022505960195e+00  -1.8871466684045060e+01
   180   7.3823185036548111e-02  -1.8687975007980292e+01
   181  -2.8428357623316507e+00   1.8804796822258712e+01
   182  -8.0130780955291281e-01   1.9659687832577028e+01
   183   1.2436486553474138e+00  -2.0456435732990560e+01
   184  -7.3766122379728205e-01   1.9986292604839317e+01
   185  -4.9675960009674663e-01  -2.0136773871682376e+01
   186  -4.3129576637368933e-01  -1.8794992432188486e+01
   187  -3.6842683019427813e-01  -2.0017532480114031e+01
   188   3.0598296577586876e+00  -2.0484719215506004e+01
   189  -4.6095191662380658e-01   1.7845216669576956e+01
   190   2.0943633993777930e+00   1.8586464857204128e+01
   191   3.2740075280593608e+00   2.0272795959869292e+01
   192  -2.0080307343535826e+00   2.1092372615452788e+01
   193  -1.2528249312631075e+00  -1.8792942685511104e+01
   194   2.5462004178249376e+00  -1.8016062575029419e+01
   195   3.5882158725872375e+00  -1.9338105148062244e+01
   196  -2.0881379588174513e+00  -2.0103510856984499e+01
   197   7.2419881586199086e-01   2.0696710779092495e+01
   198  -2.8268996815313452e+00  -1.9076422566643441e+01
   199   2.2649395090148525e+00  -1.9150012877735477e+01
   200   2.7178622588447148e+00  -1.9545280163812627e+01
   201   1.1974387644852915e+00   2.0094144049106820e+01
   202  -7.9515529263734286e-01  -1.9283573481517891e+01
   203  -1.4746812296658203e+00  -2.0492870946960767e+01
   204   4.0704028148058056e+00  -1.9881357023525485e+01
   205  -1.0409534028428435e+00  -2.1462458144125311e+01
   206   1.5787405083152803e+00  -1.9857959338495217e+01
   207   2.1229606870794933e+00   2.0297931309789416e+01
   208  -4.1848373997003280e-02  -1.9327118469102317e+01
   209   8.1858859624824509e-01  -2.0532013175179497e+01
   210   1.4120087183099226e+00  -1.9359852967227749e+01
   211   1.4636303671310062e+00   2.0226333291625419e+01
   212   9.7258978350036135e-02   2.1225923926652229e+01
   213   3.0377679131452046e-01  -2.1937125539269058e+01
   214  -4.0592845043495135e-01  -2.1354176630391446e+01
   215   4.6533629650232722e-01   2.0302548444524053e+01
   216   1.5982619502484963e+00   2.1468890541122786e+01
   217   1.9415575392841122e-01   2.1267979647838640e+01
   218  -2.0015965298443361e-01  -2.2318875763004172e+01
   219  -4.9173532354303795e-01   2.1725442188114538e+01
   220  -2.2636629044081404e+00   2.1508662605328293e+01
   221  -1.5137880597049566e-01  -2.1029917875605936e+01
   222  -1.0063939688903127e-01   2.1651033652115700e+01
   223   9.2208313104769735e-01   2.0995755437070958e+01
   224   3.2257303219632951e+00   2.0885200790772949e+01
   225   3.7901200595965046e+00  -2.0782587945880458e+01
   226  -2.8427969555863144e+00  -1.9964745773970549e+01
   227   2.9179460931390171e+00  -1.9676835739239575e+01
   228   3.3791986741108493e-01   1.9767395377730978e+01
   229  -2.0819557565970630e+00   2.1398038842439210e+01
   230   3.7568950814435347e+00   2.0895745018509540e+01
   231   1.2361972709992370e+00   2.0567556802838734e+01
   232   1.3129863875372538e+00   2.1752076941151326e+01
   233  -2.9661769937197473e+00   2.2079163889313421e+01
   234  -2.2878135250357836e+00   2.1358506796294467e+01
   235  -9.3705069710580324e-01  -2.2481658092792770e+01
   236   2.3627033614077275e+00   2.0286009656240108e+01
   237  -2.7438852588372642e+00   2.2324517938722035e+01
   238   2.3688323037848451e+00   2.0135153119191816e+01
   239   1.1700767796846823e+00  -2.2086686113711359e+01
   240   3.5921602712811436e+00  -2.1272141405439253e+01
   241  -2.2337885792545009e+00   2.0775034119624838e+01
   242  -5.7425899361661359e-01  -2.2802562804190789e+01
   243   4.3885418526746084e-01   2.1400457785750760e+01
   244   2.0353541595681355e+00   2.1806762351145679e+01
   245  -2.1089937801194356e-01  -2.1073929220497096e+01
   246  -7.6850930442315613e-01   2.0609485678127335e+01
   247   2.7126762820817663e-01  -2.0936771654072256e+01
   248  -1.8638326038168398e+00  -1.9966762823611731e+01
   249   1.7440582555658160e+00   2.2345467262404085e+01
   250  -2.6067350216430234e+00   2.2060875429182072e+01
   251  -3.2391431828208961e-01  -2.4292237302539380e+01
   252  -1.5008092607150458e+00   2.2588702347334827e+01
   253   1.0248872043194823e+00  -2.2275134399735830e+01
   254   2.0386262290770301e+00  -2.2723162037690614e+01
   255   1.0390320646077060e+00   2.2987925618063123e+01
   256  -2.7337891979119782e+00  -2.2902906004817478e+01
   257  -1.1569454944666746e+00  -2.3680450902476888e+01
   258  -1.6731262360967871e+00  -2.4206972818270742e+01
   259  -1.7274811044376912e+00  -2.1098577319027790e+01
   260  -7.8033110680701290e-01   2.3669070276458100e+01
   261   1.5937269505711607e-01   2.2850613571259924e+01
   262  -1.4363374348944400e+00   2.3398820581553966e+01
   263  -4.8949172412470848e-01   2.4447417105694409e+01
   264   4.4998736153273672e-01  -2.2104897672014086e+01
   265  -9.6192230804802970e-01  -2.3242824637591106e+01
   266  -2.7822752833839676e-01   2.2363775672491286e+01
   267  -5.6828954168214907e-01   2.1632890939047087e+01
   268  -1.9292631404471228e-01   2.3886670555501496e+01
   269  -2.3992419483478518e+00   2.4092402246637356e+01
   270  -5.9446170927199982e-01  -2.2493209584256086e+01
   271   7.7568476929569008e-01  -2.4019710510804241e+01
   272   1.2818224292172948e+00  -2.4372090815574062e+01
   273  -1.2271205904308509e+00  -2.2962144637951948e+01
   274  -1.2222974583366406e+00  -2.4733283330635235e+01
   275  -7.6707242632906747e-01   2.3006814346147813e+01
   276  -1.5528256626326993e+00  -2.3014269349482394e+01
   277  -4.7050048617212509e-01  -2.4091767056908608e+01
   278   2.5799216332570358e+00  -2.3275822359359069e+01
   279  -2.2047188707903098e-01   2.3161947046658717e+01
   280  -2.3944451245825621e-01   2.2946019126773770e+01
   281   3.4737404144079473e+00   2.4374969647006385e+01
   282  -2.0189723161154625e+00  -2.1805945307993117e+01
   283  -1.6114380049493267e+00   2.4787680116888673e+01
   284   1.2607498461112232e+00  -2.3361371869758184e+01
   285  -3.1448817004896906e-01   2.3862164684740346e+01
   286   1.2016705366192884e+00  -2.4556774266704693e+01
   287  -2.8426888114382265e-01  -2.4857818949304832e+01
   288  -1.3592039191766838e+00  -2.3377097831578830e+01
   289   2.8003718165172389e+00  -2.4009152812179792e+01
   290  -8.2383600792255984e-01  -2.4068449298605469e+01
   291  -4.4425001830047268e+00   2.2691071732523007e+01
   292  -3.9363005421104784e+00   2.5427649848012187e+01
   293  -1.6092924841950329e+00  -2.6041108156587576e+01
   294   2.2022307165950652e+00  -2.3792892704910393e+01
   295  -2.3517124352050742e+00   2.4326868581673398e+01
   296  -2.1264596699258482e+00   2.3412097976225152e+01
   297  -4.0901250006500183e+00   2.4883123704175279e+01
   298   1.5309216998841637e+00  -2.3559321221719451e+01
   299  -5.8553158025817309e-01   2.4121073733408569e+01
   300  -7.0227915110277306e-01   2.3059778776540352e+01
   301   9.3373885575314164e-01   2.5250070939852261e+01
   302  -8.9242284728224819e-01   2.4500271899443327e+01
   303  -9.9844819260125406e-01  -2.4922092162787404e+01
   304  -1.9201843271158305e+00  -2.4152986587051767e+01
   305   2.2783037500331252e-01  -2.5976935326264535e+01
   306  -1.0598389095024305e+00  -2.4073529634427533e+01
   307   7.7584758606919366e-02   2.5305133718787747e+01
   308   1.4561980426683616e+00   2.6246471408992480e+01
   309  -3.0264508670781147e+00  -2.3868544973761097e+01
   310  -2.0678049927447673e-01  -2.4429063090425625e+01
   311  -2.8907582884995073e+00  -2.6202966252655891e+01
   312   3.7951078775314784e-01   2.5356198113974905e+01
   313  -3.0632192533391089e-01  -2.4832278142499394e+01
   314   5.7453034423799498e-01   2.5438415218435630e+01
   315   8.0235376207831910e-01   2.3889464532853925e+01
   316   5.1409044536732940e-01  -2.4278590380055100e+01
   317  -1.9109298796913368e+00   2.5274475611079875e+01
   318  -3.2670548159103374e+00  -2.6243819740718614e+01
   319  -2.3175456496748903e+00  -2.6034119223452333e+01
   320  -1.8294317341610253e+00   2.6793782271711059e+01
   321   1.4822609458123090e+00   2.6335498247121990e+01
   322  -4.5644334860837821e-01  -2.4409322972390260e+01
   323   1.3297586990548214e+00   2.7170973224868398e+01
   324  -1.5229337440511631e-01  -2.5057388690354973e+01
   325  -1.8928272425790149e+00  -2.4750094796985575e+01
   326   8.2663205645713222e-01   2.6104186179996230e+01
   327  -1.8185581274939000e-01  -2.4165896806263682e+01
   328  -3.9708024422363142e-01   2.5220777802761997e+01
   329  -2.0105025556454357e+00  -2.5509034637298001e+01
   330   2.1391027929885786e-02  -2.8452772749979061e+01
   331   2.3984362338657991e-01   2.6876913041251299e+01
   332   1.4651352173324452e+00  -2.6506734299714626e+01
   333  -3.9942218840332028e-01   2.7265537783005385e+01
   334  -2.1355626652367379e+00   2.5014562245527433e+01
   335   2.3947602889812973e+00   2.5591188819549714e+01
   336   1.9619747314133702e+00   2.4907647764500393e+01
   337  -2.1149989181283058e-01   2.5059538119184356e+01
   338  -3.5766301034508641e+00   2.7066228126790890e+01
   339  -8.1254704437760228e-01   2.4484384631269439e+01
   340   1.6775827928766194e+00   2.6753451664088807e+01
   341   9.7421411269079583e-01  -2.6464195271966528e+01
   342   2.5393368515842445e+00   2.6856949015324616e+01
   343  -1.9907960266037050e+00  -2.6605833867350899e+01
   344   7.2156152274433460e-01   2.5253339524573853e+01
   345  -4.3235461318995923e-02  -2.4671497319623310e+01
   346   1.9456723151168931e+00   2.5197445166214397e+01
   347   1.1644191888816768e+00   2.5504249466656962e+01
   348   4.0284151766211842e+00   2.7697053262168335e+01
   349   1.8237320139808884e+00  -2.7582668253526158e+01
   350  -2.1773887573820496e+00   2.6671875364108459e+01
   351   3.5472009743155763e+00   2.6578763101079986e+01
   352  -4.0767309604583046e-01   2.6383531169668792e+01
   353  -1.9691815857449797e+00  -2.7138107483214885e+01
   354   4.6244897837391497e+00  -2.7559020307069797e+01
   355  -1.3184418377210823e+00   2.6052605703845796e+01
   356  -7.7241073848235653e-01   2.6706540939267946e+01
   357   2.3806708858466865e+00   2.6969813340794889e+01
   358   3.3596763622971115e-01  -2.8196082019077455e+01
   359   1.5355917004034230e+00  -2.6567887767401132e+01
   360  -3.1395425120378015e+00  -2.6353656444867728e+01
   361   3.8094803327992834e+00   2.6729192243246192e+01
   362   4.4666329419650825e+00   2.5785388141843519e+01
   363  -1.0270170756893977e+00   2.6575238302717850e+01
   364   1.8863271052043022e+00   2.6287708057577547e+01
   365   2.2803998268708359e+00  -2.5231217117844100e+01
   366  -2.2927419613241584e+00   2.6843175656523652e+01
   367  -2.1211770196527815e+00   2.5893868976363976e+01
   368  -1.5882266404601717e+00  -2.5824883167713256e+01
   369  -4.1282913921291273e+00  -2.7953305608230920e+01
   370   3.5215812881967614e+00  -2.5406839573948684e+01
   371   4.6454137693652719e-01   2.8111411970271579e+01
   372  -1.0163948266330511e+00   2.5655264928193734e+01
   373   2.5701315433378253e+00   2.6228469989969078e+01
   374  -2.3622571123483826e+00  -2.6534007941968330e+01
   375  -1.3547458304502085e+00   2.7512371762824525e+01
   376  -1.6947353621703265e+00  -2.6038938433703141e+01
   377  -9.5631589686865307e-03   2.7194414580631431e+01
   378   1.5827698572642177e+00  -2.7023115256210325e+01
   379   7.5045357686374592e-01   2.8530918780698283e+01
   380   8.8002167205011350e-01   2.7935783297057604e+01
   381  -4.6874491258664691e-01   2.7191836251373065e+01
   382   4.6779395666422846e-01   2.8218677576381765e+01
   383  -1.5029012556490058e+00  -2.7650524229162098e+01
   384   7.4201310150332078e-01  -2.8139895708047426e+01
   385   3.6939131972281856e+00  -2.7104149383535809e+01
   386  -1.7561539419943087e-01   2.6839523352190003e+01
   387   3.5627626411426966e-01   2.5650195158997516e+01
   388   2.1514610434758676e+00  -2.7038431610927830e+01
   389   1.5807549683712590e+00   2.7731980822726161e+01
   390   2.0767230933179057e+00  -2.7439917071688697e+01
   391  -3.9441626681043712e-01  -2.6908773449333463e+01
   392   3.0208107959757755e+00   2.7623512077137047e+01
   393   2.6920901484215269e+00  -2.8038019049520223e+01
   394   1.4514775549224477e+00   2.7626455848735262e+01
   395   5.9820802473788814e-01   2.7518171642367303e+01
   396   1.5555487294111552e+00  -2.8796168250786941e+01
   397   1.4081690048476327e+00   2.7884724135554350e+01
   398  -2.3614774739891309e+00   2.9592606963436520e+01
   399  -2.2649926704005674e+00  -2.7822051463641358e+01
   400  -1.6438385034382699e+00   2.8170988176249338e+01
   401   7.0484468095452146e-01   2.6560217774061272e+01
   402  -2.1973391783456577e+00   2.8796252247321242e+01
   403   8.7025659013962731e-01   2.7799150355034811e+01
   404  -1.9636633769891457e-02  -2.8475881152005449e+01
   405   1.2741080811210121e+00   2.9371349469537964e+01
   406  -2.5215160343200278e+00   3.0403481381170035e+01
   407   4.7408802676957096e-01  -2.6474907459326154e+01
   408   4.7325159096568714e-01  -2.7083066200378092e+01
   409  -3.5327613812414538e+00  -2.9462282300547141e+01
   410  -1.3611375574526326e-02   3.1489229559933140e+01
   411   2.6262603509352109e+00   2.8468782535132142e+01
   412  -2.5706306718797820e+00  -2.9433315743483035e+01
   413   2.1570574071680042e+00  -2.7617860307527572e+01
   414  -8.9422717852991562e-01   2.7461133746276001e+01
   415  -3.8040781600680686e+00   2.8673767437274531e+01
   416  -1.7449196849269497e+00  -3.0985775126881236e+01
   417  -1.3796671324225671e+00   2.7574129757291388e+01
   418   4.7504954478277650e+00  -2.8358274030906003e+01
   419  -4.1504808338546211e-04   3.0312139883332147e+01
   420  -3.2314943220178778e+00   2.9129153937105340e+01
   421   3.9326735297451249e-01  -2.9716221271261684e+01
   422  -1.5871566193835154e+00  -2.6704175010721581e+01
   423   6.4820871296511695e-01   2.8814670723475633e+01
   424   8.8671983856774506e-01  -2.9478045321065192e+01
   425   2.3688572990962999e+00  -3.0460839248500239e+01
   426  -1.7455530234015504e+00  -2.8742396624819314e+01
   427  -1.4368791315156442e+00   2.8501751033070700e+01
   428  -4.5506547957484716e-01  -2.8667347358183477e+01
   429  -6.8281262269093468e-01   3.0276027544330884e+01
   430  -2.8024990381730586e-01   2.9900381973888543e+01
   431  -2.4846270770879633e+00  -3.0117680966092593e+01
   432  -1.4114552257835780e-01   3.0746578382321083e+01
   433  -1.6800126475264434e+00   3.0201539090712952e+01
   434  -1.3048868369652973e+00  -2.8560702619081678e+01
   435  -5.0541345040984183e-02   3.0693669839649413e+01
   436  -1.1808140084110392e+00   2.7629779108909634e+01
   437   1.5015187615498642e+00   3.0457110088863992e+01
   438   5.2381411849717203e+00  -2.9259320771732636e+01
   439   1.5638445349450507e+00  -3.0741742471996933e+01
   440   7.9601824663310827e-01   2.9519201649369428e+01
   441  -1.4157145275689098e+00   2.9231649194045556e+01
   442  -3.9106972977040817e+00   3.0621942940982045e+01
   443   3.1935778194810078e+00   3.0333400843559566e+01
   444  -1.9265766858940707e+00   2.8990658507018864e+01
   445  -2.6690318117152589e+00   3.0870598293229776e+01
   446   3.6995764028461799e+00  -3.1183507832933945e+01
   447   3.1892348399641873e-01   3.0054397650285662e+01
   448  -4.2984237711792361e-01   2.9657799326083541e+01
   449  -1.9493812847416017e+00   3.2189651470996743e+01
   450   1.5916354808838582e+00   2.9776407702144670e+01
   451  -4.8097527802933332e-01   3.0184341326670630e+01
   452  -3.1222266964095291e-01   2.9961616409124495e+01
   453  -2.5027481036632913e+00  -3.2164354665483735e+01
   454   2.2919679914816409e+00  -2.9489230996930118e+01
   455   1.0322841415017081e+00   2.8549569401429771e+01
   456   6.8789264029247499e-01  -3.0381194236843431e+01
   457  -2.3254422122221898e+00   3.0068929923266527e+01
   458   3.6190449202731703e+00   2.9442741282211426e+01
   459  -3.1807857721097088e-01  -3.0175406371152075e+01
   460  -1.9907111773815711e-01   2.9055286635064054e+01
   461  -3.2090679414119805e+00   3.1853523381727079e+01
   462   1.3751615873168639e+00   3.0937810654320280e+01
   463  -2.5762669684920745e+00  -3.0078226919546921e+01
   464   1.0720299124820485e+00   3.1287944269296389e+01
   465  -2.7955124912936941e-01  -3.0717361091987510e+01
   466   3.3153745396312346e+00  -2.8625685396600566e+01
   467  -3.6943606505658888e+00   2.9951853921581375e+01
   468   1.1654592609859078e+00   3.1591486558251269e+01
   469   1.0639485053822613e-01  -3.1093632402127408e+01
   470  -8.4385236750710979e-01  -3.1535295605966308e+01
   471  -4.9425588404829268e-01  -2.9893135982921923e+01
   472  -3.0969113699695239e+00   3.1696905500067079e+01
   473   6.0404422359908350e-01  -3.2637356500924945e+01
   474  -7.6538704053155465e-02  -3.1058185327040210e+01
   475  -4.8770100153147178e-01  -3.0543231923262102e+01
   476  -1.5329615080627454e+00  -3.0752197336388587e+01
   477   1.1554947268536377e+00   3.1556616383353497e+01
   478  -6.0845757811486456e-01   3.1026501112145414e+01
   479   2.6554860805028375e+00   3.0587259448203056e+01
   480   1.9883855717139831e+00   3.0148196773940064e+01
   481  -1.9317147524905773e+00  -2.9383877314421227e+01
   482   2.1279913827603125e+00   2.9406289907802140e+01
   483   2.1146770875971033e+00   2.9172265502894223e+01
   484  -1.3508861305081681e+00   3.2180072507500142e+01
   485  -3.6891132582081787e-01  -3.0937461710468423e+01
   486   5.6283891187902246e-01   3.0314005037187602e+01
   487  -1.8709609749195988e+00  -3.0188573170267610e+01
   488   4.4048219570329037e+00  -3.3058830100454223e+01
   489   3.8124456267513285e+00  -3.1707829809453390e+01
   490   3.6286901878320349e-01   3.2098662992719824e+01
   491   8.1126862130308702e-02   2.9680744178197010e+01
   492  -2.2638695995229097e-01   3.1440208932827506e+01
   493   4.0220312598793875e+00  -3.1353120187802883e+01
   494   1.7928056178374055e-01   3.0975657512792203e+01
   495  -1.1467391677784691e+00   3.1189451493130438e+01
   496  -3.9101146800588751e+00   3.1879415927550923e+01
   497  -1.9046848833692804e+00   2.8971991594160709e+01
   498  -2.5015975277064717e+00  -3.1293818334873539e+01
   499  -2.8288437894608873e+00   3.1625091532440276e+01
   500   9.9719294394214980e-02   2.9860472090479114e+01
   501  -1.2464001316767344e+00  -3.1584060226311362e+01
   502   9.9452865858522776e-01   3.1538712353429258e+01
   503  -1.0267398200022082e+00   3.0815205066214638e+01
   504  -4.1744280113038146e-01   3.1509502375210406e+01
   505   7.2743328991755285e-01   3.1293777041597902e+01
   506   9.5646248198799488e-01  -3.3453632646239882e+01
   507   2.1077089114763936e+00  -3.0960509397981554e+01
   508  -2.2142975028997647e-02  -3.2889953308485246e+01
   509  -1.1494270776730768e-01   3.1885410454816885e+01
   510  -3.7394398819017838e-01   3.1481350754044623e+01
   511  -2.0885087255782464e+00  -3.0765761013750961e+01
   512  -1.1789719486538079e+00  -3.2669984538819293e+01
   513  -3.4446525000883712e+00   3.2402019220710386e+01
   514   8.8547123304302755e-01  -3.3884597841244961e+01
   515  -9.5179467425139996e-01   3.1493259375299335e+01
   516   2.2670557471887829e+00  -3.2502776095219708e+01
   517   1.5992054082015390e+00  -3.2961959331147796e+01
   518   2.3223062330797446e+00  -3.2036397678341835e+01
   519   2.0690370614127986e+00   3.1217433936782903e+01
   520  -3.8489450063725954e+00  -3.2792092114457191e+01
   521   9.8031641859057117e-01  -3.1646441362750782e+01
   522   2.1373772297268125e+00   3.1767747987528608e+01
   523   2.1786803689190992e+00  -3.2761936299198787e+01
   524  -1.6134963256811401e+00   3.2184657765300528e+01
   525   1.1743598803235660e+00   3.1764305732297338e+01
   526  -3.0577016860723671e-01   3.2963657178815104e+01
   527   1.6732385336640885e+00  -3.3774608880404344e+01
   528  -1.2657504346621631e-01   3.0727140450515687e+01
   529   6.5831351395475834e-01  -3.3540675307826469e+01
   530  -1.4834742829463687e+00  -3.4270130259602439e+01
   531  -2.0690110379933340e+00   3.3232026940672235e+01
   532   2.1262634221590710e+00  -3.4081670121305109e+01
   533   3.4806561914297136e+00   3.0584267375786013e+01
   534   8.5964283802301233e-01   3.2362625928274511e+01
   535   3.8173280992511749e-01  -3.3603828208218218e+01
   536   1.8818292050327654e+00  -3.2639604871607773e+01
   537   2.6873254123215369e+00   3.3260669315344927e+01
   538  -2.3866496753811610e+00  -3.2831450670376007e+01
   539   1.9901740080952901e+00  -3.4204505234621472e+01
   540  -1.0562025116072971e+00   3.3161258853895127e+01
   541   5.9091758794370042e-01   3.3450137345076875e+01
   542  -1.6765392682833407e+00   3.3307837139505907e+01
   543   1.7820414119453987e+00  -3.4689822797167047e+01
   544  -9.8096672162824305e-04  -3.3311500982048450e+01
   545  -4.6955339420914133e-01   3.3049923606841240e+01
   546   8.4074044769335832e-02  -3.5907022039509208e+01
   547   1.7659272564418766e+00   3.4290021768263323e+01
   548  -2.3345608378404545e+00   3.4075996398167291e+01
   549   2.1623763225179133e+00   3.4029363110955693e+01
   550   2.1571892351885394e-01  -3.2037935036693398e+01
   551  -1.1700844510349360e+00   3.2612929614897396e+01
   552   1.0533355344690380e+00   3.3201651686610617e+01
   553  -9.5136669509613325e-01   3.3103546189252661e+01
   554   6.1245373799970881e-01   3.2415378912272494e+01
   555  -6.3734763260482497e-01   3.4089828955407242e+01
   556   5.6529567201966072e-02  -3.3133756415180706e+01
   557   1.5804235323587756e+00   3.2030852000863320e+01
   558   3.0917445234467578e-01   3.2728606533373991e+01
   559  -1.1347313701501727e+00  -3.3514849635977747e+01
   560  -1.2001404765766623e+00   3.3402940471955695e+01
   561   2.8139559778932814e+00  -3.4432357057428483e+01
   562   1.2559040231794316e+00   3.1463906619520998e+01
   563  -1.4003499243802096e+00  -3.4684315627949125e+01
   564   3.0846192521306071e-01   3.2599823209874728e+01
   565  -3.8536215312275686e+00  -3.3686500843592242e+01
   566  -9.8360962581228328e-01   3.4036837870819745e+01
   567   2.4861261792000189e+00   3.3614886434979169e+01
   568  -2.0137271951192179e+00   3.1563651822117212e+01
   569   5.5506953276463147e+00  -3.3076928109172066e+01
   570   3.0588782896772257e+00   3.3785376990412665e+01
   571   4.1393002354640887e+00  -3.4139395914553326e+01
   572   4.0097379105733544e-01  -3.2590398569438847e+01
   573   2.3594697739582127e-01   3.5031358908253829e+01
   574   1.5096160357232917e+00  -3.3307765229765032e+01
   575  -1.3704993249049719e+00   3.2966893813124102e+01
   576  -3.5637285756258255e+00   3.4196062881890860e+01
   577  -5.1581894355895697e-01   3.2942846594554169e+01
   578   3.3576293217144806e+00  -3.2058454602896610e+01
   579  -6.0705557001360344e-01  -3.6193480337795251e+01
   580  -1.7053459552643671e+00  -3.3558066138645948e+01
   581  -3.2402001904564997e+00   3.4416087998222423e+01
   582  -2.6768144594318777e+00   3.4057075321859394e+01
   583   8.8736451680632844e-01  -3.3745775185050618e+01
   584  -2.6229366329475068e-01   3.3667968508894830e+01
   585   1.1975877163802200e+00   3.6293859895289408e+01
   586   2.0720073626439420e-01   3.4730886023991360e+01
   587   1.9851451775961923e-01  -3.4790840551072591e+01
   588   1.1267968465259769e-01  -3.4833934021141168e+01
   589   7.5385043285111819e-01   3.4259555109888794e+01
   590  -3.0622368906384470e+00  -3.5073497478602917e+01
   591   6.7133054428245176e-01  -3.3929819474935165e+01
   592   1.0045827251444215e+00   3.5767987677267577e+01
   593  -3.5483486658716384e-01  -3.5684315818999437e+01
   594   2.5650498428315566e-01  -3.5900335842836633e+01
   595   1.5265913772544280e+00   3.3499700702518105e+01
   596  -1.8617012565078843e+00  -3.5447179768832989e+01
   597  -7.7008956932145789e-01  -3.4976291508488345e+01
   598  -2.7585341372339095e-01  -3.4078849839103682e+01
   599  -1.7749774793158444e+00  -3.4717219097687185e+01
   600  -4.1220748752183800e+00  -3.4534787509419623e+01
   601   9.5573156500817058e-01  -3.4872495474651842e+01
   602   3.9965148455076932e-01   3.5102541480176939e+01
   603  -2.6457704579005976e+00  -3.3453588238544043e+01
   604  -4.4398643965534768e-01  -3.5548892184654918e+01
   605  -2.6566638064489054e+00  -3.7050866721151856e+01
   606  -1.4729155413657748e+00   3.4693122358612257e+01
   607   2.3496132090145974e+00   3.5191253948321531e+01
   608   4.7767437327030982e-01  -3.6403156306217589e+01
   609   1.2301162849496865e+00  -3.4549679904564833e+01
   610   1.1985836450303007e+00   3.5885155869608028e+01
   611   1.5079067717155352e+00   3.5618134771358903e+01
   612  -6.6509376879196180e-01  -3.5307483855718139e+01
   613  -2.7019997280755654e+00  -3.5658205894619527e+01
   614  -8.8687448512665090e-01   3.3634770439575476e+01
   615  -1.9442280489804791e+00   3.6472622245828347e+01
   616  -2.5370267609860577e+00   3.4557181009591282e+01
   617   3.9994393999065037e+00   3.5809618831256714e+01
   618   1.6540084819270977e+00  -3.4757947940157543e+01
   619  -1.1893798030868874e-02   3.5193102906749843e+01
   620  -5.8992703300720728e-01   3.3614585532061795e+01
   621   8.0509701478968088e-01  -3.4996800235929143e+01
   622   1.0169303253198583e+00   3.4239972083177982e+01
   623  -1.0556049862641319e+00   3.5553088703053710e+01
   624   3.9511104045835075e+00   3.5310785463143745e+01
   625  -5.2185346721591284e+00  -3.4719900979983613e+01
   626  -2.5344100430591432e-01  -3.4996670646822459e+01
   627   5.7801681879088109e+00  -3.4444950936948040e+01
   628  -1.0465022219633640e+00  -3.6944206611452337e+01
   629  -6.7081335737688130e-01  -3.5209596205093128e+01
   630  -2.2389384357778881e+00   3.4082956084085204e+01
   631   2.4242562743420546e+00   3.4813856786315171e+01
   632   1.3989154575911797e+00  -3.3566701687208457e+01
   633   4.1559808825418436e+00  -3.6310722400960650e+01
   634   5.8142292591393629e-01   3.5661628152302391e+01
   635   7.1064642065397976e-01   3.7113990415769159e+01
   636   5.7774450303820668e-01  -3.6027026241824935e+01
   637   2.0583794234680126e+00  -3.5392441666350337e+01
   638  -1.8449317708161379e+00  -3.7468686306787802e+01
   639   5.6453477058002977e-01   3.4619289080443330e+01
   640  -1.1342405800679864e+00  -3.6864846855713097e+01
   641  -3.1543076796277356e+00  -3.6862442346893708e+01
   642  -1.6975218737712856e+00  -3.3876190446533947e+01
   643   2.8355871740267653e+00   3.6230932129713281e+01
   644  -1.2759371123028704e+00   3.5037922082377250e+01
   645   1.2414926254028591e+00   3.6479750493413732e+01
   646   3.1154152094373893e+00  -3.6838287712359943e+01
   647  -6.7689947277203188e-01  -3.5125521523336339e+01
   648   1.4245228429545200e+00  -3.6122196088935915e+01
   649   7.0128588076865034e-02  -3.6448326647273944e+01
   650  -5.1017383685922631e-02   3.6555011514117822e+01
   651   2.5928252101992610e-01  -3.5989263719172335e+01
   652  -2.4792752816805841e+00  -3.7722405380450347e+01
   653  -4.3103565937393773e+00  -3.6236879372469609e+01
   654   2.1978454563494800e+00   3.5132952506125854e+01
   655   8.2574444502667566e-01  -3.8213779923903495e+01
   656  -1.4108438379719948e+00   3.7343101124952113e+01
   657  -1.5978652611988813e+00   3.5483732530432398e+01
   658  -5.9520390433257031e-01   3.6465996022300459e+01
   659  -5.3236360226193868e+00  -3.8951111747897180e+01
   660   2.0527416036877530e-01   3.5543427933022585e+01
   661  -2.7136015291964757e+00   3.8236154377546633e+01
   662  -1.9280054812990319e+00  -3.4768475482580655e+01
   663  -1.1425201200641664e+00  -3.6234160528618538e+01
   664   5.6765718842633683e-01   3.5893744459794441e+01
   665   6.8753597956324164e-01   3.5826779813618032e+01
   666   3.4335447519744222e+00  -3.5927813774375636e+01
   667  -3.3526955018485411e+00  -3.5698398210163944e+01
   668   2.4860106172010443e-01   3.6159634661456963e+01
   669  -3.4416724232956120e+00  -3.4571350169260853e+01
   670   1.5051752326750434e+00   3.6704056792158248e+01
   671  -9.9315142164789871e-01   3.7405445906313076e+01
   672   1.1744762660380188e+00  -3.6337940838588473e+01
   673   2.0406406352419619e+00  -3.5939539634611393e+01
   674  -2.0053401595518370e+00  -3.7240761129993551e+01
   675   2.5839990845642986e+00  -3.6197797742893997e+01
   676   2.9556072617238414e+00  -3.7441822972319706e+01
   677  -1.8715958875384717e+00   3.6258475496527005e+01
   678   1.1758176366815558e+00   3.7211887555627527e+01
   679   2.3287511168222208e-01   3.8167148007202265e+01
   680  -1.9444538314858534e-01  -3.6855994684888699e+01
   681  -7.9075237140728727e-02   3.5819369450034230e+01
   682  -2.0684943809313334e+00  -3.6367146161151631e+01
   683   8.5150936108883446e-01  -3.6030788023746261e+01
   684   4.7551878304679418e-01  -3.6447949733415342e+01
   685   5.1708231738218591e-01   3.9786741772890466e+01
   686  -2.7682441782018735e-01  -3.5840228861804100e+01
   687  -2.9179085087210535e+00   3.7048647148554501e+01
   688   3.9222518109293109e-01   3.8313357539172522e+01
   689   3.6458726072236782e+00   3.9036389859750194e+01
   690  -6.6566023141537400e-01  -3.7428022427357426e+01
   691   3.1843642619389723e-01  -3.7305845859385542e+01
   692   2.8336403031350366e+00  -3.8371671957479165e+01
   693   6.9100871319377966e-01  -3.4750663788778013e+01
   694  -6.3630683956566192e-01  -3.6487182289619277e+01
   695   8.7304548673194859e-01  -3.8029951292565869e+01
   696  -2.1608908145861774e+00   3.7610233207290250e+01
   697   5.5008650441531326e-01  -3.5909688050158024e+01
   698   5.7991076707674782e-01   3.7265263092685394e+01
   699   1.2848413923774344e+00  -3.6575916513317907e+01
   700  -9.4112395006054861e-01  -3.8746756314781628e+01
   701   1.6702329225795012e+00   3.8480998814881517e+01
   702   1.1357961133543801e+00  -3.6870667153243915e+01
   703  -2.6029411706516448e-01  -3.7224008522055776e+01
   704  -6.2032272379358633e-01  -3.7530948198587708e+01
   705  -4.2265161918272440e+00  -3.8989295163367082e+01
   706   1.0963079579088382e+00   3.8690800491356747e+01
   707   5.0918400691643728e-01  -3.6279949554684414e+01
   708   2.8746096279474509e+00  -3.7127458246350464e+01
   709   6.8083794757060945e-02   3.7245545706760232e+01
   710   1.6740152986222101e+00   3.7307590819916669e+01
   711   1.5054572582897985e-01   3.6913299751216158e+01
   712  -2.4883567884062781e+00   4.0138315230423984e+01
   713   5.4197369609370283e-01   3.7349284531656934e+01
   714  -4.2142900358278018e-01  -3.7417921220067640e+01
   715   3.4934741592385214e+00   3.7684358538324652e+01
   716  -8.7476697093788280e-01   3.7542367865390055e+01
   717  -3.0382709415103837e-01  -3.7161701247720138e+01
   718  -1.7754779154171876e+00   3.6461001351426482e+01
   719  -1.7918944085627262e+00   3.8310313398167459e+01
   720  -3.1658733172172888e+00   3.6950537074549167e+01
   721  -4.2763876730098271e+00   3.8245775503831879e+01
   722   2.6047276738018681e+00   3.8517049903385349e+01
   723  -7.2789904101863900e-01  -3.7082136024131188e+01
   724  -1.3417893193063479e+00   3.7176625636729824e+01
   725  -1.8844617599790547e+00   3.6601949490812167e+01
   726   9.9593498128588320e-01  -3.8336827111103844e+01
   727   1.3369167373747715e-01  -3.7963988925774956e+01
   728  -5.0244556790049799e-02   3.7775471141224976e+01
   729  -4.6169645138729685e+00  -3.9007780406624136e+01
   730  -4.8674000688149610e-01  -3.8577082212962601e+01
   731  -8.4392401982341103e-01   3.9323196542564695e+01
   732   1.1287051876708403e+00   3.7673122731236234e+01
   733   1.5502625750166412e+00   3.6189281802128811e+01
   734   7.2131095741231199e-01   3.9797300943594905e+01
   735   2.3066010572290048e+00   3.7931354667021957e+01
   736   1.6261669396014939e+00   3.7764240142183340e+01
   737   4.5614738481547817e-01  -3.8511476329210339e+01
   738   1.9032245826064915e+00   3.9560560297975776e+01
   739   9.1667128796481989e-01   3.8157550769090584e+01
   740  -1.5477716316750829e+00  -4.0729952533788833e+01
   741   2.2375388881029595e-01   3.8370456495886785e+01
   742  -3.4407584558837878e+00  -4.0334149936838926e+01
   743  -8.5036163510776175e-01  -3.8131263917161029e+01
   744  -3.9867435648531160e+00   3.9575966946723192e+01
   745  -4.2205836215141748e+00  -3.8191312231123341e+01
   746  -4.7223469518134331e-01   3.8043796876047566e+01
   747   1.2822942169160072e+00   3.8673179095438726e+01
   748  -6.4842229035058629e-01  -3.9352597203248955e+01
   749  -4.0498189928285351e+00  -3.8565298714358519e+01
   750   1.4180718529703167e+00  -3.7214727767251240e+01
   751  -2.3108344367209619e+00  -4.0186785763850089e+01
   752   3.5360058289263172e+00  -3.8496003563760340e+01
   753  -3.3944710764172332e+00  -3.8247616572092838e+01
   754   2.0436591782084492e+00  -3.8885711970988517e+01
   755  -1.7006034628504527e+00   3.9962510687389603e+01
   756   4.8826263100199130e+00   3.7473540574088652e+01
   757   1.1867657540797660e+00  -3.9456578756684337e+01
   758   2.3756148467858623e-01   3.8671535011249297e+01
   759   1.1243023167838926e+00  -3.9854642965220108e+01
   760   2.8863686922008354e+00  -3.8681409892310121e+01
   761  -3.9238270660756895e+00   3.7311113366890893e+01
   762  -3.3824049999125450e+00   3.9708427732960260e+01
   763  -1.2524703848919656e+00  -3.9780656835642226e+01
   764   3.5579179719573348e+00   3.9123478323579612e+01
   765  -1.2376862174226124e+00   4.0453809389399623e+01
   766  -3.4227034413465846e-01  -3.9138235806835318e+01
   767   1.3233873426250586e+00   3.9137197839798645e+01
   768   2.7045404835268953e-02  -3.9713033363895569e+01
   769  -3.7483383668303039e-01  -3.9132402535367959e+01
   770   2.0306693846302113e+00   4.0352842427668151e+01
   771   3.5345102533451063e+00   3.9092916011566466e+01
   772  -8.3993938181507932e-01   3.9147863288608860e+01
   773  -1.9390336765322058e-01   3.8290520407135531e+01
   774   3.3535186447384881e-02   3.6710666247531449e+01
   775   1.1636144796760219e+00  -3.9849029106716998e+01
   776   2.0517878610162943e+00  -4.1231046610880448e+01
   777   1.8324539424921835e+00  -4.0381711890510715e+01
   778   2.4152603829099958e-01   4.0572697978571817e+01
   779  -2.8209648813175998e+00   3.9340600478715082e+01
   780  -6.5010740267933045e+00   4.1084600882233566e+01
   781   6.9935252976873530e-01   3.9340302573251869e+01
   782   6.5923985698096865e-01  -3.8640390793315490e+01
   783   1.5274198401419843e+00   4.0358550697494991e+01
   784   2.2161630192269026e+00  -3.9369732590701432e+01
   785   7.2022831773838100e-02   3.9808851274208067e+01
   786   5.9151699876585762e-01   3.8698706692101887e+01
   787  -1.3765343929904247e-01  -4.1002900582149934e+01
   788  -1.5306689851236128e+00   3.8729712321718665e+01
   789  -3.4659343422301120e-02   3.9651606709296210e+01
   790   3.6716425519087972e+00  -4.0374537164496225e+01
   791   2.8919409577134738e+00   4.0512189627213559e+01
   792  -1.7736798727265364e+00   3.9819111156415005e+01
   793   2.4624811958099943e-01   4.1692489108389374e+01
   794  -3.3608842841209169e-01   3.9638529555930354e+01
   795  -2.6271996896699510e+00   3.9163012404848544e+01
   796   7.4610173302764649e-01   4.1165849946785102e+01
   797  -1.5126217321242499e+00   4.0599487697214720e+01
   798  -1.2723724576410906e+00   4.1610579217794417e+01
   799   5.3052481205236324e-01   4.0417921603404316e+01
   800  -3.1093502913878139e+00   3.8876251407322243e+01
   801   1.3774861638251892e-01  -4.1309305414834689e+01
   802  -7.4783756045199001e-01   4.1001191517218011e+01
   803   3.0777910385376273e-01   3.7741064291106817e+01
   804  -8.8177517389407559e-02   4.0113151633600147e+01
   805  -2.0320050225021906e+00   3.9194082888629069e+01
   806   1.8569367001921094e-01   4.0201748854774010e+01
   807   6.3313767298289192e-01   3.9652862664381068e+01
   808  -3.5265182057305322e-01   3.9797382978519323e+01
   809  -3.3623095449341291e+00   3.8402687575145848e+01
   810  -3.3409153679736403e+00   4.2172510138506986e+01
   811  -1.2999830909231394e+00  -4.1189451981288713e+01
   812  -1.7502528466569671e+00   4.1874573729083281e+01
   813   3.4102125307339386e+00   4.1847374885454059e+01
   814  -1.3280521579543787e+00  -3.9824231174479429e+01
   815   9.1335376908791532e-01   4.0039537912166963e+01
   816  -8.9383541517830667e-01  -4.0665567091813379e+01
   817   2.0501125668128424e+00   4.1476421569860399e+01
   818  -8.2111609331057309e-02   3.9599866041461866e+01
   819   3.7477541853763068e+00  -4.1911703493205209e+01
   820  -2.0630997088154976e+00  -4.1328962562339392e+01
   821  -1.7823800646199930e+00   3.9590422537519785e+01
   822  -2.4784765207056103e+00  -3.8301815076352995e+01
   823   2.3476977734600988e+00   4.0718005087195792e+01
   824  -1.5504340020096743e+00  -4.0749336160696721e+01
   825   9.9096351235411417e-01  -4.0104463895993881e+01
   826  -8.0885760587891142e-01  -4.1017343821926687e+01
   827   2.8002239617509317e-01   3.9977501661170258e+01
   828   2.2588449895250471e+00  -4.0394504049675632e+01
   829  -1.3701673049459104e+00  -3.7785630312500089e+01
   830   2.1282748387311581e+00   4.1071638562634725e+01
   831  -1.3705143519899246e+00  -4.1127482936646913e+01
   832   2.2579001059656267e-02   4.0201536575685239e+01
   833  -2.1658398456179189e+00   4.0094168006879798e+01
   834  -1.4628630800642981e+00   4.1293276815361928e+01
   835   1.8196810845897258e+00  -4.1822306460433701e+01
   836  -1.0780192092100300e+00   4.1571918368443875e+01
   837   5.6471958256068755e-01  -4.1790977519115110e+01
   838  -2.0131655585712949e+00  -4.1858334719411566e+01
   839   3.1697464646879436e+00   4.1244719733220364e+01
   840  -2.3751679767875813e+00  -4.1015484515897370e+01
   841  -7.0472878979075992e-01   4.0011987871505347e+01
   842   3.4459775224501237e+00   4.0763628539202656e+01
   843   6.2266409287534352e-01  -4.0505627158756617e+01
   844   2.7421018186093566e+00  -3.8737679821815476e+01
   845   2.8635422916729723e+00  -4.1963985822412816e+01
   846   8.4102753589595647e-01   4.0211126216223981e+01
   847   4.5671816924056974e-01  -4.2721448238329224e+01
   848   2.5311612562642165e+00   3.9602495410860506e+01
   849   2.4648745297594288e+00  -4.0923695478787451e+01
   850   2.2466846951830668e+00  -4.2804641684912575e+01
   851  -3.1353416997396188e-01   4.2160430211161930e+01
   852   9.3057114145148234e-01  -4.0549400962320561e+01
   853   2.2908274420137582e+00  -4.2226678240511070e+01
   854   5.6462570069605467e-01   4.0763501491031519e+01
   855   1.3683529272579220e+00   4.1261901757276640e+01
   856  -9.4676403953758559e-01  -4.1331730732829953e+01
   857  -2.9946960214530858e+00   4.1952757963116085e+01
   858  -3.3771420293822549e+00  -4.3834853610560522e+01
   859  -1.6247123782448392e+00   4.1464845108569165e+01
   860  -2.1835352363651657e+00   4.1579821424085985e+01
   861   1.1792256144920061e+00  -4.0560464787063516e+01
   862   3.5227403349276303e+00   4.0089114461211054e+01
   863  -7.4566003088516908e-01  -4.1016226177191079e+01
   864   2.8979120449105524e+00  -4.2008556830963101e+01
   865  -2.4275152638627917e+00  -4.1270398436625946e+01
   866  -3.0603765803054017e+00  -4.3417977515211071e+01
   867   1.1595254001138344e+00  -4.1370447043172845e+01
   868   3.6542628522684217e+00  -4.3114620633277376e+01
   869   1.4205555966601358e+00   4.1359740060094801e+01
   870  -1.8045160413611221e+00   4.1605497163152698e+01
   871  -6.6788558959455280e-01   4.3321937686692856e+01
   872   7.9848677261783985e-01   4.0229757867285983e+01
   873  -1.2605157670065073e-01   4.2769725285387239e+01
   874  -6.0432397343079824e-01  -4.0952136595239367e+01
   875   3.1296492828803292e-02   4.2549223202804662e+01
   876  -3.0275245812283016e+00   4.1507065907436470e+01
   877  -4.6120396469207749e+00   4.1274975239452509e+01
   878   2.3670351437784141e+00   4.2479757263175571e+01
   879   4.2369111501954757e+00   4.1764713346366868e+01
   880  -1.1609827343238435e+00   4.2843014059155735e+01
   881   1.1030891341461724e+00  -4.1945504831589034e+01
   882   2.1657752563547228e+00  -4.2488769435042968e+01
   883  -1.6947907424889941e+00   4.1295929994123384e+01
   884   3.6530492000062629e+00  -4.0882861525486391e+01
   885  -2.6777838631368396e+00   3.9458930851011132e+01
   886   9.4013581041803562e-01  -4.2856946502175788e+01
   887   4.5760317274061485e-01   4.3822807643368506e+01
   888  -2.2106271568806943e+00  -3.9374385089383978e+01
   889  -1.2988633900658389e-01   4.3614670659710079e+01
   890  -3.4211376384268068e+00   4.0904307412770464e+01
   891  -7.0000215928738585e-01  -4.3923200490832635e+01
   892   2.2772408755144151e+00   4.1716504857427680e+01
   893   7.6177731599335885e-01   4.1085025771952296e+01
   894  -5.1213543973095739e+00  -4.2055202212650514e+01
   895  -3.3956968741645666e-01   4.4003426756897092e+01
   896  -2.2702144629187924e+00   4.0137320073316282e+01
   897   4.5997324047551391e+00   4.1165375792166927e+01
   898   6.2877708932757581e-01  -4.1962398046822443e+01
   899  -7.7085403405778274e-01   4.2686276376750051e+01
   900   4.0514235915332506e+00   4.1809232221297265e+01
   901  -2.7773438778627000e+00   4.3098895749206491e+01
   902   3.8592550756978783e+00   4.4760574613559427e+01
   903  -9.6874342893596443e-01   4.2765157005516919e+01
   904  -2.1781751868992854e+00  -4.2133278195807307e+01
   905   1.2048837061957594e+00   4.1625967092800572e+01
   906  -4.2042166397058471e+00  -4.2413743182718171e+01
   907   1.5824778415883085e+00  -4.1204737043871312e+01
   908  -2.9372720511895256e+00  -4.2992258958554643e+01
   909  -2.1625974496453493e+00  -4.2106029967828384e+01
   910   3.6516614828298093e+00   4.1520316349084958e+01
   911  -3.9762402563697680e-01   4.3077715856340383e+01
   912   1.8750119174126931e+00  -4.3079110979476653e+01
   913   1.2723170963969328e+00  -4.0230432244510077e+01
   914   2.8391990823877471e+00  -4.1472090669117804e+01
   915  -1.4222150574165884e+00  -4.1140959010042224e+01
   916   8.1169681654583070e-01  -4.3610754690715623e+01
   917   7.5893116666926042e-01  -4.3922994687263206e+01
   918  -1.9827938646218606e+00   4.1552892879940302e+01
   919  -1.2419527463857660e-02  -4.1782836286513572e+01
   920  -1.4695802874570574e-01  -4.2379139798061381e+01
   921   9.3522992366372648e-01  -4.2105954483792935e+01
   922   2.4084431790183647e+00  -4.4034909300511352e+01
   923   2.7360489779414312e+00  -4.5436315531484624e+01
   924   3.0564437523177590e+00   4.4686152725548801e+01
   925  -2.4480687679033704e+00  -4.4649591775284492e+01
   926  -2.7936525429650758e+00   4.3408873382249404e+01
   927  -1.4532193369537802e+00  -4.3988136037473609e+01
   928   3.8918284583595142e-02   4.4009100166372001e+01
   929  -6.1462444918552217e-01  -4.4210993726481433e+01
   930   2.1215811912848137e+00   4.3560032958444012e+01
   931  -1.3592784966821270e+00   4.4047955805229918e+01
   932  -6.4178539310388949e-01   4.3006163784519174e+01
   933   8.0863975848038061e-02  -4.2296653761499513e+01
   934   1.9164327396466904e-01  -4.2447828760472319e+01
   935   3.0157799437755965e+00   4.3539798656785244e+01
   936  -6.2406298630518199e-02  -4.3513237804168803e+01
   937   4.2879678975899266e-01  -4.2560225445066770e+01
   938   3.0319224940067597e+00  -4.1629878584490029e+01
   939  -1.4484044745007212e+00  -4.3190619863115124e+01
   940  -2.5840452438810013e-01  -4.4140724982528887e+01
   941   5.0860820613901336e-01  -4.2919511483582355e+01
   942  -9.3872202012746631e-01  -4.4436616367667483e+01
   943   4.1593330498086916e+00  -4.1455801470765600e+01
   944   7.9480485240261223e-01  -4.3272128192833499e+01
   945  -3.0582656234989529e+00   4.4629649450817702e+01
   946  -1.6159866265404634e+00   4.3969317642470457e+01
   947  -1.8323188224677025e+00  -4.2262019970663708e+01
   948  -1.6070131190190242e+00   4.3143398645748100e+01
   949   4.7356490374530980e+00  -4.3097477043904114e+01
   950  -2.3583416247285682e+00  -4.3302434397387188e+01
   951  -7.9130484418701041e-01  -4.6236874546802234e+01
   952   1.4268751971882749e+00  -4.3719650160359471e+01
   953   3.7139662848644774e+00  -4.2919318981342478e+01
   954   4.2523430119367400e-01   4.4896974330865561e+01
   955   1.4861699271507851e+00   4.3331626037642749e+01
   956  -2.1665426202844085e-01   4.3925522021356571e+01
   957  -1.7737749501869364e+00   4.3746203485766785e+01
   958   1.3907151241582965e+00  -4.4437531646425299e+01
   959  -6.3783692724205265e-01   4.2712848460622723e+01
   960  -1.5700080709357662e+00   4.3559053704093593e+01
   961  -3.3480754879772512e+00  -4.3656860963189942e+01
   962   5.1546027160280883e-01  -4.4463952914385736e+01
   963   2.9275073003527177e+00   4.2905017746565754e+01
   964  -4.5401601209796721e-03   4.3418487560331506e+01
   965   3.8234321139373577e-02   4.1979386971971607e+01
   966  -2.3652370012343495e+00   4.3279972871067493e+01
   967  -1.4677042762859476e+00  -4.4028607810725802e+01
   968  -2.1279640246959732e+00  -4.2936497789273332e+01
   969   5.1924693057825544e-01  -4.2932039716168632e+01
   970   2.4754924299014705e-01   4.3390912587349611e+01
   971   6.4866207349561567e-01  -4.4579524113455491e+01
   972   1.9917704218255372e-01   4.3497979764575042e+01
   973   5.4519753661423065e-01  -4.5215502929028979e+01
   974   5.0122699657589074e+00   4.4477465761136280e+01
   975  -7.8635574158682953e-01   4.5128644705506439e+01
   976   1.3641210805147495e+00  -4.3311104075003520e+01
   977   6.1581653832601935e-01   4.2578219921397498e+01
   978   6.3043223868931364e-01   4.5561851845000255e+01
   979  -2.0014840504731133e+00   4.3173392094495924e+01
   980   6.2270641119236192e-01  -4.4570190277927829e+01
   981   3.9747191096140990e+00  -4.4926965631989042e+01
   982  -2.7711409855139473e+00  -4.3478887957756761e+01
   983   1.8731223056251727e+00   4.2458817938747444e+01
   984  -1.2234895126365695e+00  -4.3349946855227032e+01
   985   8.6617650973284377e-01   4.3207145076029320e+01
   986  -1.8886418979682527e+00   4.3949301140663678e+01
   987   2.1905535576238551e+00  -4.6203750131692203e+01
   988  -8.5503403128175748e-01  -4.5693212832092470e+01
   989  -2.7997862509490803e+00  -4.4315194791307668e+01
   990  -1.9460611748765964e+00  -4.4383952298851582e+01
   991   1.1684332483084743e+00  -4.5964380812708107e+01
   992  -2.6534332240391889e-01   4.3631029757885123e+01
   993   3.3628508307903665e-01  -4.4810097240358836e+01
   994  -1.0574516582676443e+00   4.3290749152673172e+01
   995  -1.0756861351066440e+00   4.5320964954197663e+01
   996   1.0549278588219115e+00   4.4378835559435998e+01
   997   8.0576942216819458e-01   4.6417909498857291e+01
   998   2.5168787047233967e+00  -4.2286552878097616e+01
   999   4.3736602528943305e+00   4.3335828017395905e+01
  1000  -1.3425372520547909e+00  -4.5085544816226133e+01
  1001  -4.1787279522663630e+00   4.4479066382862563e+01
  1002  -7.4706775595351549e-01  -4.6607962670667369e+01
  1003  -9.1951485914451492e-01  -4.5008421170574017e+01
  1004   1.1767223456538218e+00   4.5087076429346531e+01
  1005   2.2068794883721968e-01   4.5423562247089833e+01
  1006  -3.5627456364969540e-01   4.4851610510326175e+01
  1007   1.2769856312057695e+00   4.4833072430870345e+01
  1008   4.2343947904670254e-01  -4.5131536275385145e+01
  1009   7.6785965227860220e-01  -4.4250076623017577e+01
  1010  -2.3120126317673426e+00  -4.4662610455209972e+01
  1011   4.6888540244137122e-01  -4.3610125283500189e+01
  1012   1.4235586744224378e+00  -4.5241889993258305e+01
  1013  -1.4556790112097893e+00   4.3445606465740191e+01
  1014   3.4323305392150245e+00  -4.4195005193552312e+01
  1015  -5.1810501557950006e-01  -4.3621412067386167e+01
  1016   8.9801617207777262e-01   4.3148415686834177e+01
  1017  -3.1876895175676212e-01  -4.3711156538441855e+01
  1018   2.9576693353245709e+00  -4.4454507215526291e+01
  1019   1.9343111005833311e+00   4.6227918775211769e+01
  1020  -6.6530756566487337e-01   4.4148435719931342e+01
  1021   4.7601547758385951e+00   4.4826285802433517e+01
  1022   1.0633648894165217e-01   4.6616159993445649e+01
  1023   5.8932035012458306e-01  -4.5126741786261128e+01
  1024   1.9952858322275016e+00   4.6301452675907797e+01
  1025  -1.6224620745992726e+00  -4.5012540774345325e+01
  1026  -1.1676684582554018e+00  -4.4204736755348726e+01
  1027  -8.9327081131591468e-01  -4.6587445162595188e+01
  1028  -1.3507887340830538e+00  -4.5172618037565833e+01
  1029  -1.7549043817283858e+00  -4.3990472067142292e+01
  1030   1.1963687174155448e+00   4.4837691930540778e+01
  1031   2.5950589965439743e+00  -4.5453973719487806e+01
  1032   2.0790071953634452e+00  -4.5933634624789434e+01
  1033  -5.1196146826591420e+00  -4.7191805338953365e+01
  1034  -1.5578653795300526e+00  -4.5850167613155804e+01
  1035   3.3091952945056935e-01   4.5660319823393230e+01
  1036  -1.9528073054107458e+00   4.6063281267788568e+01
  1037   9.4803460345526458e-01   4.5712041503538316e+01
  1038   1.9590132109006464e+00   4.7053109811151636e+01
  1039  -1.8682952786687148e+00   4.5221018476270714e+01
  1040  -6.1906242508364251e-01  -4.5961380773591173e+01
  1041  -4.9649253086485767e-02  -4.5947859825785301e+01
  1042   7.3993358994784597e-01   4.4820426287072664e+01
  1043  -1.1437533322990108e+00   4.6154134830581128e+01
  1044   6.2994912096310296e-01   4.6640791762654082e+01
  1045   4.4080546405718696e-01   4.5381986876253769e+01
  1046   2.8918756267128420e-01  -4.6068010576419468e+01
  1047   2.6529731987319232e+00  -4.3760080300953589e+01
  1048   4.5348417279207798e+00  -4.4386345451944798e+01
  1049   2.6983399683169953e+00  -4.6832663683593097e+01
  1050   6.4240043328000329e-01   4.5677763761911642e+01
  1051   6.3341427738875034e-01   4.7521571078283593e+01
  1052  -1.6518275933337025e+00  -4.6281574012616872e+01
  1053   1.0594308421533560e-02   4.7089880530337176e+01
  1054  -5.2288807354296440e-01   4.5971234539579299e+01
  1055  -2.4799240623275436e+00   4.5128259114643150e+01
  1056  -9.4020001657114671e-01   4.5217073870313392e+01
  1057   4.1497949037446249e+00   4.5738296915655326e+01
  1058   3.5454832312944129e-01   4.7256947979002696e+01
  1059  -9.5810496728987204e-01   4.7368008949614918e+01
  1060   6.3623766394710091e-01   4.5785549879074864e+01
  1061  -3.6412999081472597e-01  -4.5983945611048476e+01
  1062   1.9571605355269477e+00  -4.7350679075998293e+01
  1063  -3.2114130318565612e+00  -4.6551647798758346e+01
  1064  -1.8846511335205711e+00   4.5606548837917430e+01
  1065   2.9452169965905268e+00   4.5154932912058413e+01
  1066  -1.4236355346326013e-01  -4.6650188170909388e+01
  1067   1.9202725694556591e+00   4.6422038908376791e+01
  1068   4.7147007931926233e-01  -4.5222598186539969e+01
  1069   2.6146569907274433e+00   4.5230808255658502e+01
  1070   4.4491301617718165e-01   4.4968461803060976e+01
  1071  -1.8094807713020677e-01   4.5677489266963747e+01
  1072   4.5141180206706961e+00  -4.7059100955029692e+01
  1073   1.3725283753320681e+00  -4.6204876317571419e+01
  1074  -2.9655778662506780e+00   4.6963652468421252e+01
  1075   1.3298571082563830e+00  -4.6301952205425074e+01
  1076   4.2747687550072677e-01  -4.6843793136467028e+01
  1077  -6.1708049794650988e-01  -4.8080807232782192e+01
  1078  -1.3587141412860437e+00   4.5302674453873045e+01
  1079  -1.0819553320220010e+00  -4.4758613159971532e+01
  1080  -2.9806669139402961e+00   4.5447431463944525e+01
  1081   3.0483072531620352e-02   4.8249413327472297e+01
  1082   4.0711312104647811e-02  -4.4643418216529113e+01
  1083   6.6401420352222007e-01   4.7008404169186008e+01
  1084   1.3943410637781295e+00  -4.6691800392618035e+01
  1085   2.8754182811819220e+00   4.6642719867823843e+01
  1086   5.4522264061760672e-01  -4.7290265925043563e+01
  1087  -1.1633583518174256e-01  -4.7576221551590955e+01
  1088   2.3876920547475837e+00   4.6551866571519653e+01
  1089  -1.0501628079890685e-01  -4.6701768245291255e+01
  1090  -2.0188731596868345e-01   4.7289647304400788e+01
  1091   1.4240328596360863e+00  -4.7604756037754377e+01
  1092  -1.2902361841747359e-01  -4.6304188148983009e+01
  1093  -3.5020914404513719e+00   4.6774888930931354e+01
  1094   2.4317735812251540e+00   4.7242875534037957e+01
  1095  -5.9999572477601371e-01   4.6318258153674861e+01
  1096  -3.6708865794213343e+00   4.8406340686337892e+01
  1097  -8.0199233196201325e-01  -4.6996329819568849e+01
  1098   1.2217856404059120e+00   4.6026978638636358e+01
  1099   1.8265700644973075e+00   4.7134384585443428e+01
  1100   1.7200401313780400e+00  -4.6920698914020676e+01
  1101   1.3264668784893683e+00   4.7627788500414027e+01
  1102  -2.5401057185310689e+00   4.8868292793914186e+01
  1103  -1.3897342845912020e+00   4.8106665411038328e+01
  1104  -1.1203435088673834e+00  -4.5731716397612530e+01
  1105  -9.1504070143448979e-01  -4.5412739462968105e+01
  1106   3.9969109656714368e+00  -4.6495051030002877e+01
  1107  -1.0731972976213404e+00  -4.7318059958437694e+01
  1108  -6.6299492696846341e-01   4.5555552876088278e+01
  1109  -9.2117130013293691e-02  -4.6189324636432183e+01
  1110   2.5831638292721797e+00  -4.7208270770306100e+01
  1111  -6.4582001055732841e-01   4.6781017726379304e+01
  1112  -6.5969211410987838e-01  -4.7362938427142090e+01
  1113  -4.1676955148435804e+00  -4.7164204037656880e+01
  1114   3.6889845894188866e-01   4.5550560840577312e+01
  1115   2.6745790814622761e-01   4.8573574340273510e+01
  1116  -1.2554881469682502e+00  -4.6757670160964082e+01
  1117  -5.5249062837075737e-02   4.7584484854942957e+01
  1118   3.2219080345038664e-01   4.5664603393675094e+01
  1119   8.1852285660145296e-01   4.6968698857484036e+01
  1120  -9.5096906913769785e-01  -4.8043183028311951e+01
  1121   5.8386380790602987e-01  -4.7550856258420751e+01
  1122   1.0587503005813599e+00   4.7695097549197655e+01
  1123  -2.8967372359514948e-01  -4.7273991060039627e+01
  1124  -3.5375537612040914e-01   4.8452127183347038e+01
  1125  -4.8786463462562635e+00  -4.8064837039565617e+01
  1126   1.1105500544748079e+00   4.7047408929930000e+01
  1127  -5.3922754702790632e-01  -4.4498703134070986e+01
  1128   3.3114536235311670e-01   4.7464277700958228e+01
  1129  -6.4056629796970666e-01   4.6859560736611826e+01
  1130  -5.7657587853384518e-01   4.8562415559771232e+01
  1131   1.6188278597098531e+00  -4.9184978039077770e+01
  1132  -1.4679257050597894e-01  -4.7972464337265201e+01
  1133  -7.7555796175149738e-01  -4.7145166078279161e+01
  1134  -4.8784163720697675e+00   4.7524776538088481e+01
  1135  -1.4986745314648702e+00   4.7282031180423118e+01
  1136   1.7231970739709963e+00   4.8274537872936584e+01
  1137   1.7303831370916205e+00   4.8433030823530196e+01
  1138   1.3008853809897301e+00  -4.8611358112887089e+01
  1139   1.1373325175261253e+00  -4.8889816290195448e+01
  1140  -1.9017458414083319e+00   4.7647300962112269e+01
  1141   3.6998373441906409e+00  -4.8526168185322909e+01
  1142  -4.1268126010984263e+00  -4.8849616011358911e+01
  1143   2.1120195751590645e+00   4.8216195583093864e+01
  1144   1.8794048942390402e+00   4.7248578209659982e+01
  1145   1.0804908721927804e+00   4.9809209459385848e+01
  1146   9.8395972015370408e-03   4.9128494021209079e+01
  1147  -1.3168489145689604e+00   4.5785712790334522e+01
  1148  -1.4708120827527584e+00  -4.7325063715624950e+01
  1149  -4.0144716333175323e-01  -4.9435372209260528e+01
  1150   2.7784574569658865e-01   4.8420121955497855e+01
  1151   1.5311980171026305e+00   4.7267393125414024e+01
  1152   6.0681746543444759e-01   4.6963446260874868e+01
  1153  -3.0624580197441098e+00   4.7626311070786834e+01
  1154  -2.2869880709825749e+00  -4.7727782162717673e+01
  1155   1.1884430738883933e-02  -4.8374702273440846e+01
  1156  -1.1307966860065892e+00  -4.8100074275207881e+01
  1157   3.0577161472734105e+00  -4.8031011545251104e+01
  1158   2.9486570792127837e+00  -4.8726822998122181e+01
  1159   4.7354009303155553e-01  -4.8454857053530489e+01
  1160  -9.3350121238982808e-01  -4.8156974349391540e+01
  1161  -1.4722399912040331e+00  -4.7961050053415505e+01
  1162  -4.0781347093032227e+00  -4.7642182629284918e+01
  1163   4.4203407966286003e-02  -4.7552166772100001e+01
  1164   6.1693542267294232e-01   4.7451134169003936e+01
  1165   2.1237753564236517e+00  -4.6978725577581692e+01
  1166  -9.5747535475028822e-01   4.7843607206900785e+01
  1167   2.3742187528319492e+00   4.8427430503753065e+01
  1168   4.2277786406376707e+00   4.8121852933802558e+01
  1169  -4.3315779705927460e+00  -4.8709469703330718e+01
  1170   9.5546837432761011e-01   4.7080944556006209e+01
  1171  -4.4312616201544310e+00   4.7263279190708325e+01
  1172   2.2510837638138312e+00  -4.8968609532628285e+01
  1173  -2.0373621396984176e+00  -4.6848080886379840e+01
  1174  -2.5254259385297138e+00   4.7228190028326949e+01
  1175  -1.0453043548852925e+00  -4.8902867134860543e+01
  1176  -1.3365309512440762e+00   4.9293275318566430e+01
  1177  -9.7717856255101654e-01  -4.9540013037026164e+01
  1178   1.0396403218750272e+00   4.8102732235291001e+01
  1179   1.3711358935159268e+00   4.7604157819037098e+01
  1180   5.3974509278273475e-01   4.8713662313098972e+01
  1181  -1.4474440112681808e+00  -4.7864399994717942e+01
  1182   4.1818175310993420e+00  -4.9234297771824004e+01
  1183  -1.5621837083489236e+00   4.6916924589763667e+01
  1184   7.9565047748389828e-01   5.0307623499285221e+01
  1185  -2.7888551208014256e+00  -4.7498882685160474e+01
  1186  -1.8952697306170250e+00  -4.8611273815622432e+01
  1187   3.5341856977079957e+00  -4.8916021610006766e+01
  1188   2.8577748342847946e+00  -4.8327451561264006e+01
  1189  -2.7746631442614111e+00   4.9388739563222387e+01
  1190  -6.9771565626690735e-01  -4.8425019965115503e+01
  1191   1.0055142932313466e+00  -4.9520174528013406e+01
  1192  -2.5550344161381311e-01  -4.8010846695217197e+01
  1193  -3.6018812872358983e+00  -4.9176231375481997e+01
  1194   2.0089325823657220e+00   4.9262143917249801e+01
  1195  -1.8304688513482408e+00  -4.9069490133396101e+01
  1196   4.0830257430328301e+00  -4.9214946541413028e+01
  1197  -7.2214424524376220e-01  -4.9762051900329411e+01
  1198   1.2389043414442114e+00   4.9366018978925744e+01
  1199   2.5729898812236103e+00  -5.0769664477688984e+01
  1200  -4.6431984710466159e+00   4.6448915206400095e+01
  1201   1.3896148859402271e+00   4.8755754976552268e+01
  1202  -1.0597865972777799e-01   5.1067602410275526e+01
  1203  -8.1869402110119482e-01   5.0837516375351797e+01
  1204  -2.5648433901593197e+00  -4.9328742369271112e+01
  1205  -4.9320453534141762e-01  -4.9076257643691136e+01
  1206  -1.5274722141057154e-01   5.1572930244122475e+01
  1207  -5.1179927408091208e-01  -4.9419193351695725e+01
  1208   1.4306358322832842e+00   4.9093707413522075e+01
  1209   1.3095750183837958e+00   4.7803272015200292e+01
  1210  -2.4978180325258365e-01   4.9840074811205817e+01
  1211   1.0512460579170990e+00  -4.8841630314051585e+01
  1212  -9.4957931336880574e-01   4.9005466502588327e+01
  1213  -4.1087747066712099e+00   4.9914261305220805e+01
  1214  -2.8392865733375947e+00   4.8786558982905852e+01
  1215  -1.4858261834415116e+00  -4.9763609209273021e+01
  1216  -1.4159819703579326e+00   4.9195794615859683e+01
  1217  -4.2614520777973910e+00   4.9353424379570932e+01
  1218   1.8348681997848133e+00   4.9706623318006592e+01
  1219   1.3603875358148929e+00  -5.1946699475441605e+01
  1220  -2.2603046239839195e-01   4.9504092770636149e+01
  1221  -8.4413361274841225e-01  -4.9334266959950924e+01
  1222  -1.5648563250586669e+00  -4.9800149810910078e+01
  1223   1.4923879247554337e+00   5.0549968979156013e+01
  1224  -1.5058281304564463e+00   5.1502973566656870e+01
  1225   4.8895066125686677e+00  -4.7748134954489693e+01
  1226   3.1756844922732412e+00  -4.9341040942876454e+01
  1227   1.5550013392597932e+00  -5.0783294187467433e+01
  1228  -7.6509899091079925e-01  -4.9563879580196001e+01
  1229  -1.3134842738524448e+00  -4.8483257578960547e+01
  1230  -3.8780428978667419e-01  -5.0282442502026583e+01
  1231   2.4767444134034586e+00   4.8941701454941089e+01
  1232  -9.6405618237851387e-01   5.0285058215186233e+01
  1233   4.5560790163261542e+00  -4.9967214202080910e+01
  1234  -2.7770816360317241e-01   4.9832325201077538e+01
  1235   1.7965845543272387e+00   5.0384652583358232e+01
  1236  -3.8990683051451053e-01   4.8532600281133391e+01
  1237  -4.4749460510556749e-01   5.1057373062663302e+01
  1238   2.6377744593738237e+00  -4.9611032594061470e+01
  1239   5.2730708937329840e-01   5.1305343072257791e+01
  1240  -1.5636188127959292e+00   4.9474324120166607e+01
  1241   3.2625214052938678e+00  -5.0292701855212286e+01
  1242   5.9597345273346432e-02  -4.8489881592660836e+01
  1243  -3.6067891413242958e-02   4.8922359279095005e+01
  1244   5.6805445016515410e-02  -4.9987245520754179e+01
  1245   1.1252208164693995e+00   5.0562232310752449e+01
  1246   2.3636740664589397e+00  -4.8811161652302083e+01
  1247  -4.9185698049781440e-01   5.1243597863124926e+01
  1248  -1.4085736036528207e+00  -5.1456488259839197e+01
  1249  -1.0995618095634661e+00  -5.1259375542576720e+01
  1250   4.4635043475013845e+00   5.0353491966712653e+01
  1251  -6.1746488421760315e-01  -4.9030490945262741e+01
  1252  -5.2730282098562842e-01   5.1741821095221482e+01
  1253  -2.3684221721709098e+00   4.8497353597335909e+01
  1254  -1.5097006850149302e+00   5.0131346394752235e+01
  1255  -4.4688277691487110e-01   4.9211481221560788e+01
  1256   2.5581641756512257e+00   5.1434948850470846e+01
  1257  -7.5291477444994004e-01   5.0283905789020274e+01
  1258   7.1199840246430790e-01   5.1230768905151727e+01
  1259  -2.3042016248835124e+00  -5.0552497081962116e+01
  1260   2.4101490581862306e-01   5.0226958280675284e+01
  1261   1.0928331437920505e-01   5.0192101786775034e+01
  1262  -4.0364376867252938e-01   4.8153743407364708e+01
  1263  -1.3495625700786258e+00  -4.9568288967945271e+01
  1264  -2.6661238720581730e+00   5.2204105404557680e+01
  1265   4.4106224226418664e+00  -5.0415150674656417e+01
  1266  -2.6558279762347734e+00   5.1112597524989589e+01
  1267  -3.5411791336135860e+00   5.0121445918352883e+01
  1268  -1.5285317198374062e+00  -5.1036379429515208e+01
  1269   3.3308938744634844e+00  -5.0833200315367016e+01
  1270  -3.5898365821500056e-01   5.0048128717157567e+01
  1271   8.5721161970632931e-01  -5.1340830302991996e+01
  1272   7.8135715200826428e-01  -4.9849174916996631e+01
  1273  -2.6611290864053205e-01   5.0048964871613656e+01
  1274   4.0764453720477221e+00   4.9609461793483561e+01
  1275   3.8652156653620326e+00   5.1327831274333327e+01
  1276   6.9609594740161307e-01   5.0272547463724663e+01
  1277  -1.0490069451057102e+00   5.2129792310746232e+01
  1278  -2.6426574444588167e+00   4.9279684839679369e+01
  1279   1.3875374582789863e+00  -5.0400246530187090e+01
  1280  -7.7711651563186823e-01   5.2340642929303328e+01
  1281  -2.0751973522343889e+00  -5.1372742765104569e+01
  1282  -2.0315345511923075e+00   5.1717692653419896e+01
  1283   9.4405026008805859e-01   5.0252769188653780e+01
  1284   6.1624939062790540e-01  -5.1331427181207985e+01
  1285   4.4848404662479053e+00   5.1493428224906943e+01
  1286   1.7008663620659417e+00   5.1671818097157256e+01
  1287  -9.7738250317718278e-01  -5.1419093648325493e+01
  1288   2.3064633381136610e+00   5.1074390511786675e+01
  1289  -1.0203477220837853e+00  -5.0797769675303464e+01
  1290  -1.5004201024987229e+00   5.1786425536399108e+01
  1291   8.3489191502274718e-01   5.0297980205377712e+01
  1292   4.1873028371026439e+00   5.0819715344008628e+01
  1293   1.5829755107086518e+00   4.9675031920996375e+01
  1294  -3.8374328767129445e-01  -5.1455968053185842e+01
  1295   2.8191695303259945e-01  -5.0668888437521147e+01
  1296   8.8982805301986034e-01  -5.1191121501730052e+01
  1297   1.1673566876812314e+00   5.0693446401268027e+01
  1298   1.3685224576384249e+00   5.1768061906570701e+01
  1299   1.2749414362400622e+00   4.9031650010538513e+01
  1300   1.7199942714891936e+00   5.0803529944187986e+01
  1301   1.0884971910212167e+00   4.9765031054134518e+01
  1302  -1.9011538596593283e+00   4.9561148834285639e+01
  1303  -1.2902991511015752e-01  -5.1861826179177569e+01
  1304  -9.8203673680322856e-01   5.3380699322824213e+01
  1305  -1.4583983034901769e+00   5.1217895763107279e+01
  1306  -2.9729021944968665e+00   5.1928187778160670e+01
  1307  -9.0639669742300466e-01  -5.1725793434236465e+01
  1308   1.6415989183129784e+00  -5.0625325124017749e+01
  1309  -1.1017141963952999e+00  -5.0285035641272600e+01
  1310   1.8692643617693001e+00  -5.1925721565063803e+01
  1311   5.6715969022345618e+00   5.1108991886702164e+01
  1312  -4.8284978891824831e-01  -5.1258276141801772e+01
  1313   1.0307590359408221e+00  -5.1673130381275172e+01
  1314   1.4012384541727579e-01  -4.7820430250971178e+01
  1315   3.5254656073037688e-01  -5.1725037432209156e+01
  1316  -9.6416436700336750e-01   5.0231889537915116e+01
  1317  -8.7420137351880922e-01   5.0536065957762055e+01
  1318   2.1234063345898133e+00  -5.1927313723787599e+01
  1319  -5.5595912914631625e-02   5.2358301922141692e+01
  1320  -3.3955412719450542e+00   5.0685497568034513e+01
  1321  -2.9253550503619846e-01   5.2121144974661696e+01
  1322   5.1887550377294665e-02   5.3027698032622844e+01
  1323  -1.2205756009971702e+00  -5.1727936616546188e+01
  1324  -2.5365789261784140e+00   5.1915774367685628e+01
  1325  -1.4706198421026828e+00  -5.1509461333778951e+01
  1326   2.4824869490366142e-01   5.2537976880332884e+01
  1327  -2.3297595093761944e-01   5.1433789557934929e+01
  1328   8.5570706622389103e-01  -5.2044847067181514e+01
  1329   2.2907551156272450e+00  -5.1378021167508933e+01
  1330   9.4603500429189025e-01   5.1257481880625150e+01
  1331   9.2274416522187985e-01  -5.3590102274818236e+01
  1332  -8.5997285717627980e-01   5.1198230098668418e+01
  1333  -6.5487906407113678e+00  -5.0791179007348013e+01
  1334   4.3290034003097189e+00  -5.1737884856249458e+01
  1335  -2.1067054916026340e+00  -5.1202175786690901e+01
  1336  -1.3704196126102173e+00   5.2215870165754559e+01
  1337  -1.9044975361029779e+00   5.0440502607097073e+01
  1338  -1.4802985361665585e-01   5.3536499448214229e+01
  1339  -1.7993075301018107e+00   5.2867921621436246e+01
  1340   6.6472486148472276e-01  -5.1132010604556925e+01
  1341  -6.8129818280513357e-02   5.0949030474765785e+01
  1342  -8.5261632700176482e-01  -5.2811501508562536e+01
  1343   9.5984309303536541e-01   5.2865210239272706e+01
  1344   3.6856073211229612e+00  -5.0784530236320279e+01
  1345   7.6734138467857127e-01  -5.0844578137765303e+01
  1346  -4.0208445108689450e-01   5.2081370806740274e+01
  1347  -2.5389767278955118e+00  -5.2292545040161770e+01
  1348  -8.3042525805742584e-01   5.0523321710423104e+01
  1349   3.5963546079398219e+00   5.3875049262913038e+01
  1350  -1.7237457034661881e+00  -5.0973419055130009e+01
  1351   1.2977088194033577e+00  -5.2250348447447777e+01
  1352   1.4739424222404447e+00  -5.2006089695920188e+01
  1353  -1.4962508352891504e-01  -5.2035688130141565e+01
  1354  -1.5209226073573490e+00   5.2237313486504782e+01
  1355   3.0323978968994164e-01   5.2781659432528208e+01
  1356   3.8190585895052105e+00   5.2018473872347045e+01
  1357  -1.1676175769336041e+00   5.2150112493897041e+01
  1358  -1.1649918466323951e-01   5.1374307073068792e+01
  1359   2.7093768702359766e-01   5.4034055044392097e+01
  1360   2.0341393247296002e-01  -5.3220827391145427e+01
  1361   2.2566550776175318e+00  -5.2941742590235044e+01
  1362   6.0682472725365595e-02   5.2031354993343193e+01
  1363   1.1666473583779959e-01   4.9921938791657624e+01
  1364   5.0123183600547905e-01  -5.3334465561712861e+01
  1365  -2.1790030367550239e-01  -5.3419991867489969e+01
  1366   1.3393730828922745e+00   5.4086775014292257e+01
  1367   8.5509953542776670e-02  -5.1820885973863653e+01
  1368   5.2463033077173975e+00  -5.2608896605606759e+01
  1369   1.3918886479444521e+00   5.2260549858201351e+01
  1370   4.0922854393775134e+00  -5.1617547664049397e+01
  1371   3.3012126295536039e+00  -5.2958869090212659e+01
  1372  -2.5096611149908634e+00   5.1661924534325209e+01
  1373   1.3488208202039265e+00  -5.1240544642497397e+01
  1374   1.5563590913009704e+00  -5.2470252875097565e+01
  1375   2.8183957045407220e+00  -5.2328925727433500e+01
  1376   1.4234226775385426e+00  -5.3067524287435049e+01
  1377   2.0585491806322206e-01   5.2135069183091673e+01
  1378  -1.9576582950685966e+00   5.2067980234897213e+01
  1379   9.1438658921575255e-01  -5.2727089854984918e+01
  1380  -1.8925174127618565e+00   5.1845639352725087e+01
  1381   3.7783040578999133e-01   5.0782959163261786e+01
  1382   4.5786645785410546e-01   5.2688100257583237e+01
  1383  -1.8080522639911019e+00   5.3639672786254948e+01
  1384  -2.8208000430406064e+00   5.2612944214786928e+01
  1385  -1.1316195611992190e+00   5.4408441831383968e+01
  1386   1.9405111079167203e+00  -5.4020880280485564e+01
  1387   7.3294381577359191e-01   5.3894659068224165e+01
  1388  -9.5598113554907715e-01  -5.2629957266284748e+01
  1389   1.6954894278002541e+00  -5.2506943915307808e+01
  1390  -2.7682028306340825e+00  -5.2196705020381458e+01
  1391  -1.8333625667707827e+00   5.3140988964682457e+01
  1392  -1.2684623811061739e+00   5.1140867166688857e+01
  1393  -1.2431683157697031e+00  -5.4252968297986193e+01
  1394   2.0539598724771970e+00   5.3552518137266262e+01
  1395   4.5093018944171070e-01   5.2284055745782169e+01
  1396   4.9165750399975279e+00  -5.3542395062469467e+01
  1397   2.3356159423819295e-01   5.3006926238087082e+01
  1398   8.9040306016284887e-01  -5.3583080644988165e+01
  1399   3.5963702170107474e+00  -5.5066100583514562e+01
  1400   5.3179519038231478e+00  -5.2838903412079802e+01
  1401   2.1813319555166233e-01  -5.1067942084589156e+01
  1402  -4.3346642218924236e+00  -5.3387668218219893e+01
  1403  -1.1980844664825012e+00   5.4447660293006834e+01
  1404   5.7766294531964157e-01  -5.1962775551415064e+01
  1405  -1.5839898820684262e-01  -5.2741984050597580e+01
  1406  -1.4482563768540255e+00   5.3093584316703087e+01
  1407  -7.3628003159270250e-01   5.2351219012978198e+01
  1408   2.7493903096320027e+00   5.4773609105397298e+01
  1409  -4.7379405518377480e+00  -5.2920251776041198e+01
  1410  -1.3717031703388300e+00  -5.2011372016707028e+01
  1411   2.6288236430673761e-01   5.5289764217057943e+01
  1412   1.4657120222857019e+00   5.3695860409598879e+01
  1413   5.6304610354238294e-01  -5.3074661128617095e+01
  1414  -1.8725917428805416e+00  -5.3332506930705115e+01
  1415  -3.6503522702507518e+00   5.3094038177543986e+01
  1416   3.1853306081462653e+00  -5.3078881486994050e+01
  1417  -2.4518290975623569e+00  -5.1827627314178322e+01
  1418  -7.0956130867435929e+00  -5.3665393052678695e+01
  1419  -1.6237395055176724e+00  -5.3292155765146013e+01
  1420   2.8023550039124973e-01   5.2686126321604867e+01
  1421  -1.3680398179518166e-01  -5.2625396134006827e+01
  1422   2.5220762719502665e+00   5.3827138747694931e+01
  1423  -1.3708538384053814e+00   5.2957836071924383e+01
  1424   2.5076645226386080e-01  -5.2811853045105352e+01
  1425  -2.8235757979634455e+00  -5.1818018757849863e+01
  1426  -5.4979114972279550e+00   5.3384746938068034e+01
  1427   6.7310052731799008e-01  -5.5149525971771396e+01
  1428  -5.7014245219835580e-01   5.4763429341826971e+01
  1429   9.7710192249723393e-01   5.4321066991742313e+01
  1430  -1.9178399690391279e+00   5.4294777117080521e+01
  1431  -1.0981990970126511e-01  -5.2519333112276122e+01
  1432  -2.2404425099658432e-01   5.5012019960341284e+01
  1433   2.1213275366142725e+00   5.3677719047207532e+01
  1434   2.6025103657279907e+00  -5.3255741775830252e+01
  1435   4.1749859121441695e+00   5.3942013369799930e+01
  1436  -1.5080752750501780e+00  -5.4775892810225869e+01
  1437   1.5594200783516368e+00   5.3196510111809680e+01
  1438  -1.5641787331314498e+00   5.4960940741592751e+01
  1439   2.8199938826431463e+00   5.4917259781965008e+01
  1440   2.1463664664148276e+00   5.3741450965276243e+01
  1441  -2.7601840899492021e+00   5.2307568756673298e+01
  1442   1.9730403188109891e-01   5.2397467477177479e+01
  1443   2.9041404646797777e+00   5.2750019353037288e+01
  1444  -2.5264315576641221e+00   5.2821350388529567e+01
  1445  -2.6639843656688371e+00   5.1652241073066172e+01
  1446  -3.7169624815409075e-01   5.4165327024201765e+01
  1447  -6.5881140366606028e-01   5.4258017920369163e+01
  1448  -1.1530408250934769e+00   5.5267268461935416e+01
  1449   3.8153871604586054e+00  -5.2783772379910438e+01
  1450  -8.7695833385901223e-01   5.2337240398534760e+01
  1451   2.1804350264493442e+00   5.3073105596083153e+01
  1452   4.2844893478841861e-01  -5.2795656338145896e+01
  1453  -1.3711625290413050e+00  -5.3274369799925616e+01
  1454  -1.4662225039599930e-01  -5.3239800310589125e+01
  1455  -2.5574477145842189e-01  -5.4334317556021915e+01
  1456   7.2046970988088033e-01   5.3631469948386332e+01
  1457  -4.0740760882179183e-01  -5.4936755130706068e+01
  1458   2.3190470029495773e+00  -5.4713986994646277e+01
  1459  -1.0056847753229197e+00  -5.3591193068846927e+01
  1460   3.2943017342857841e+00  -5.4078129952645426e+01
  1461  -2.5435507587923043e+00  -5.3674914045413651e+01
  1462  -7.7431206006674258e-01   5.3029435482195638e+01
  1463  -1.0460509343052857e-01  -5.4073087265090031e+01
  1464  -8.9048033437723428e-01  -5.2731375131457014e+01
  1465  -1.3684459688316148e+00  -5.2196948848935023e+01
  1466   3.6891486896483343e+00   5.5387285527776918e+01
  1467   3.4782243343963515e+00   5.4580730850468875e+01
  1468   2.1414838726242711e+00  -5.3152400334395381e+01
  1469   5.7026726489560957e+00   5.2961500480200122e+01
  1470  -1.7026551232126044e+00   5.3479052966304721e+01
  1471   7.3834318494736062e-01   5.3315804023788154e+01
  1472   2.2764993579363524e+00   5.4354304440224908e+01
  1473  -1.5250205514867514e+00   5.4297214757738644e+01
  1474  -1.2115506567927599e+00   5.3457985200866112e+01
  1475   3.7078475851864440e-01  -5.3995403145466589e+01
  1476   5.1783944838579221e-01  -5.4344995313778028e+01
  1477   5.2797376184208811e-01   5.3799775558021025e+01
  1478   3.8798816341092026e+00  -5.4265094503407731e+01
  1479  -4.4132679477663590e+00   5.3402420240594957e+01
  1480   1.3654209730740146e+00  -5.3725860666006220e+01
  1481   4.8660345225693979e-01   5.3864712165728363e+01
  1482  -2.1550468895066923e+00  -5.4685782457931765e+01
  1483   8.0813105797257290e-01   5.5618418682203867e+01
  1484   5.5616411192452988e+00  -5.4087003540248567e+01
  1485  -1.4149411443904985e+00   5.6167684276273192e+01
  1486  -1.7195687920309253e+00   5.6347423966534961e+01
  1487  -1.6674698460601751e+00  -5.3178012217029170e+01
  1488   2.3417327809097586e+00  -5.3604736551249559e+01
  1489   3.3434334068598419e+00  -5.5021330834128094e+01
  1490  -2.3830643929843895e+00   5.5039270585792842e+01
  1491  -1.0991967179560540e+00  -5.3649241000631918e+01
  1492  -1.5475270076839034e+00   5.3765978949063410e+01
  1493  -1.9309074997210114e+00   5.3506361827741522e+01
  1494   9.9968689741520644e-01   5.2335851926676369e+01
  1495   1.7070246213035429e+00   5.2843827111869786e+01
  1496  -1.4465643946140516e+00   5.4896806858160936e+01
  1497   8.7776581727831093e-01  -5.5305675194922351e+01
  1498  -3.4286307835296848e-01   5.3163594785135096e+01
  1499  -2.1637145727136531e+00   5.5720340085274984e+01
  1500  -2.7897028075375596e-01   0.0000000000000000e+00
