  1750
     1  -4.1010616069465318e+00   1.7851323039513494e+00
     2  -8.5207671313454636e-02  -2.2328374918998204e+00
     3  -1.8927982737065889e+00   2.5222938184241821e+00
     4   4.6089703295458495e-01  -1.9206243944873171e+00
     5  -3.5889802196657374e+00   2.6813279801218939e+00
     6   4.3224025420220098e+00   2.8407026104084445e+00
     7   4.9269539989892133e+00  -2.8319998101027521e+00
     8  -6.8112585443867157e-01   2.6617186726445992e+00
     9   7.5299867344605298e-01   5.4312546965229220e+00
    10  -3.8016158430372515e+00  -4.4395785176579867e+00
    11   1.7527488037252827e+00   6.5779528055503302e+00
    12  -3.5027057504647026e+00   3.9504279126034025e+00
    13  -3.7031390531364607e+00  -6.4178657469257816e+00
    14   1.8630785121004036e+00   6.4032761842544019e+00
    15   3.0189329977073482e+00   7.1663694746512849e+00
    16   2.9501651028800038e+00  -4.4642901166749249e+00
    17   3.8693600248415341e+00  -5.2639516227734324e+00
    18  -1.6532265735786988e+00  -5.9089247895374681e+00
    19   2.2335121467854293e+00   7.5645097225286575e+00
    20   9.2470343273525213e-02  -5.6676976907867234e+00
    21  -2.7044361255200977e+00  -7.0358224895067769e+00
    22   1.9587122173626010e+00   5.1703273821682512e+00
    23  -1.1073917867944478e+00  -6.9346029194024403e+00
    24   1.2188906782522184e+00   8.0637042488427451e+00
    25   4.3251247739312459e-01  -6.4168107251859769e+00
    26   8.6477453150932049e-01   9.3256842027651263e+00
    27   2.3405810448676534e+00   7.6713182498508097e+00
    28  -2.4302463142624493e+00  -5.8008283713800468e+00
    29  -2.7904710984206811e+00   8.1675571059905252e+00
    30  -1.6142439143913581e+00   7.0806750196414221e+00
    31   7.8007213685048704e-01  -8.3747313808749908e+00
    32  -1.5788699925499154e+00   7.1925733680376087e+00
    33   2.7055902371119731e+00   1.0516719674591425e+01
    34   2.4087305088681270e+00   8.9495476956768822e+00
    35   7.8728165412691764e-01   8.3216854256980550e+00
    36   2.8313258921271184e-01   7.2822503423253249e+00
    37  -1.3503915802319879e+00  -7.6708150910642408e+00
    38   2.2175038117020307e+00  -8.8907357642141722e+00
    39   2.0246113883495180e+00   7.4089053345615925e+00
    40  -2.5455213878074856e+00  -8.6311505507997861e+00
    41  -2.9053368053182482e+00  -8.4519844209409012e+00
    42  -3.9388761433773212e+00  -9.7688426138707953e+00
    43  -1.0835147505771932e+00  -8.9774192324647597e+00
    44  -9.5705459070726528e-01  -1.0196174257832149e+01
    45  -9.8097908018900604e-01  -1.0719512632203243e+01
    46   3.2439937730115558e+00  -1.0677685517922830e+01
    47  -2.3617014119263793e+00   8.7073986031951929e+00
    48  -1.8874179755490890e+00  -1.0984189725225194e+01
    49   1.7932293762023204e+00   9.3728334289678532e+00
    50   2.0591305314106254e+00  -1.0961948240626841e+01
    51   1.0812523956309281e+00   1.0846133994143935e+01
    52  -9.7562780682113281e-01  -1.1957541588344270e+01
    53  -2.6605801754337071e+00  -1.2679298583346133e+01
    54   9.7907815177969315e-02  -9.7494412458782058e+00
    55   1.2893804343216946e+00  -1.1645159477527040e+01
    56  -2.6735267907664215e+00  -9.8668737452868029e+00
    57  -1.5027039348926143e+00  -1.0816135654538579e+01
    58  -5.8581850187208646e+00  -1.1149896227824135e+01
    59   1.2391627298383228e+00   9.1091774205574065e+00
    60   1.0481371421520680e+00  -9.0179949033342339e+00
    61   2.0656561263393307e+00   1.1156319710622753e+01
    62  -8.8534733321971171e-01  -1.0775931149165958e+01
    63  -3.8768533502505481e-01   1.2126858069976407e+01
    64   1.3437775743375320e+00  -1.2129534595057446e+01
    65   2.8262825718410639e-01   1.2942397267388381e+01
    66   2.4024381332037992e-01   1.0220441769496698e+01
    67   4.4000426648207727e+00   1.2038102585972117e+01
    68  -1.8047972091182662e+00  -1.2441778316194167e+01
    69  -1.5939060498425126e+00   1.1394230103243393e+01
    70   2.5347615408384541e+00   1.0883081448269824e+01
    71   1.2913171416302174e+00  -1.2102374999659995e+01
    72   8.2078766008907078e-01   1.1331289324623953e+01
    73  -2.4947157687918264e+00  -1.2004886564642286e+01
    74  -2.7096446123949844e+00   1.0674170650867174e+01
    75   1.9504167764258860e+00  -1.3707992439010278e+01
    76   3.4069693974376278e+00  -1.2826699692962228e+01
    77   2.2507098000276873e+00   1.2567781243111817e+01
    78  -2.8917402460009076e+00   1.2281700875107761e+01
    79  -2.5710677095725454e+00  -1.2140841812142776e+01
    80   1.3216795643789512e+00   1.2455144076894101e+01
    81   4.5700585708515001e-01  -1.3233783439233648e+01
    82   1.4351350225710635e-01  -1.3337339386088894e+01
    83   3.0406635689494510e+00  -1.3240446602334215e+01
    84   2.9463640964276880e+00  -1.2611752650119598e+01
    85  -1.1330910084531891e+00  -1.2693412137971903e+01
    86   1.1735334100132855e+00  -1.2483495771101664e+01
    87  -5.0181413535734964e-01   1.3627532067700281e+01
    88   7.8500707468033992e-01  -1.1973416797480590e+01
    89  -1.5571352583220608e+00  -1.2907514761907835e+01
    90   1.6200599829656954e+00  -1.2285057955414544e+01
    91   1.9684206210221062e+00   1.3292625886467979e+01
    92  -6.5695194672644452e-01   1.4927780688120627e+01
    93   2.0459528864791117e+00  -1.4791964621180254e+01
    94   1.4613208405912452e+00  -1.4067903913940521e+01
    95  -8.1759363218913794e-01   1.3466897308252877e+01
    96   1.4966980420286138e-01  -1.3273390617622002e+01
    97   2.0618666987108298e+00   1.4645289258943054e+01
    98  -1.2808393703355039e+00   1.2735903883706500e+01
    99  -1.8376825173314062e+00  -1.0704474251640189e+01
   100  -1.2922156288371855e+00   1.3192652672692910e+01
   101   1.7010186325541992e+00   1.4790147556199754e+01
   102  -3.8587450160735473e+00   1.6080760243195606e+01
   103   3.0717696929944776e+00   1.5458552534359667e+01
   104  -8.4630069515912465e-01  -1.4766538290257520e+01
   105  -1.1591842100630181e+00  -1.3333817259290411e+01
   106   1.6258301636568260e+00   1.3447235158494617e+01
   107   1.4257781154457072e+00   1.5476110374709108e+01
   108   5.6972978308954891e-01  -1.4605044912933943e+01
   109   2.2442326282675871e+00  -1.2771515405700114e+01
   110   2.2717799627222250e+00   1.3584076724750849e+01
   111  -3.0254970297671058e-01   1.5328422201877956e+01
   112   1.1051856666519665e-01   1.4550218201181320e+01
   113  -2.4905716876831505e+00  -1.4482277597313054e+01
   114   1.2302902639019944e+00   1.4223351872931131e+01
   115   7.6175906648695990e-01   1.6184677177457313e+01
   116   1.8684355117632412e+00   1.5803646968263680e+01
   117  -4.5301253087341181e-01   1.6670270799086172e+01
   118  -5.7677273945481755e-01   1.4178799434921951e+01
   119   1.8726537720129399e+00   1.4695952132219256e+01
   120  -3.4759266161525013e+00  -1.4772174445105398e+01
   121  -9.5530813522086211e-01   1.5069756258863745e+01
   122  -3.8347481062407263e-01  -1.6415320037492418e+01
   123  -3.3937991369494260e+00  -1.4545169387145135e+01
   124  -1.5986090370796588e+00  -1.6132679551810391e+01
   125   2.0105018827182288e+00   1.6189508489014109e+01
   126   1.7321451122670517e-01   1.4038361791516282e+01
   127   2.3739704420123031e+00  -1.5489093061726312e+01
   128   1.4033679901265266e+00   1.4057735833734643e+01
   129  -3.5875216209716845e+00  -1.6839775763996169e+01
   130   8.7125162446479931e-01   1.6925233920762551e+01
   131  -2.0290742183996597e+00   1.5589678146451421e+01
   132  -1.0124001919505432e+00  -1.6213498232540950e+01
   133   4.0146223765572497e-01   1.7116900457277037e+01
   134   1.2503359485572467e+00  -1.6823089985163534e+01
   135  -3.7688302641417075e+00  -1.7297999088933938e+01
   136   9.7382662721430618e-02  -1.4810554343375058e+01
   137   8.6942209182180519e-01   1.6537846571927819e+01
   138  -2.9998308869197354e-02   1.8288965461101867e+01
   139  -3.6050429428790320e-01  -1.6191301165818789e+01
   140   9.7245128252894408e-01   1.7567013892545635e+01
   141  -5.2444207164204109e+00  -1.7395300310711683e+01
   142   4.5104459717291476e+00   1.6995615045134794e+01
   143   5.5397734039992486e-01   1.6443910140956913e+01
   144   5.6798388911941233e-01   1.7884967117089285e+01
   145   1.4699553248024282e+00  -1.7428756533117468e+01
   146   1.0519290627632922e+00   1.6362320517928062e+01
   147   2.1165905541071273e-01  -1.5852087054012271e+01
   148   8.9784676247725137e-01   1.7890875289757325e+01
   149  -2.3879418900162204e+00  -1.7976316522892564e+01
   150  -9.6715945088414634e-01   1.7798011788388504e+01
   151   1.7030000284157807e+00  -1.6893753515359084e+01
   152  -4.3064252405709782e+00  -1.7221457790772387e+01
   153  -3.8229168470043967e-01   1.8217656196359375e+01
   154  -1.0779130892505377e+00   1.7593043483600237e+01
   155  -2.6120688214791330e-02   1.8002489419867469e+01
   156  -7.8046615872786540e-01   1.8122471499099930e+01
   157   3.7482971109204088e+00   1.7880042445793840e+01
   158   1.5044413209012886e+00  -1.8108565324663040e+01
   159   6.9306542921243808e-01   1.7623135653252554e+01
   160  -8.8354337827738305e-01  -1.8049131305311136e+01
   161  -3.3426318815260188e+00   1.9085457372571220e+01
   162   1.6790098741187756e+00  -1.9960906869631128e+01
   163   6.3626799590092209e-01   1.8857988191035759e+01
   164  -5.1505158910214244e-01  -1.6707344801757959e+01
   165   1.1736030536403770e+00   1.8380688875720971e+01
   166   1.9652823033566638e+00   1.8288868014725889e+01
   167   1.2006104714407844e+00  -1.8539118710846868e+01
   168   4.5603795895379280e+00  -1.8440391435107639e+01
   169   1.8872010811679374e+00  -1.7589706663211459e+01
   170  -3.6189554756134066e+00   1.6859181794378188e+01
   171  -9.7238358665511260e-01  -1.7556448139789655e+01
   172  -2.3617887761395551e-01  -1.8598119271219907e+01
   173  -2.5655248188581918e+00   1.6501860258380674e+01
   174   2.7850574433686819e+00  -1.7707329963430468e+01
   175  -1.5787212254912220e+00  -1.5734745895299078e+01
   176   1.1537271075409696e+00  -1.9849260408709362e+01
   177  -1.5858056982121511e+00   1.8210598533241324e+01
   178   5.4443893471235825e+00   1.9358807193820684e+01
   179   5.1561036704003600e+00   1.9778183950359740e+01
   180  -3.1025057866296235e-01  -1.8066830139445287e+01
   181  -3.9808515153916280e-01   1.9343933959178191e+01
   182   1.6806640743944632e+00   2.0107643782061395e+01
   183  -1.0012061671711370e+00   1.8200155209254191e+01
   184  -2.0405571127476247e+00  -2.0874847012160973e+01
   185   2.3543933644135495e+00  -1.8408075431388202e+01
   186   1.1998578515114660e+00   1.8005519763168195e+01
   187  -1.2160805033798228e+00   1.9163025706584005e+01
   188   3.6055206552506172e-02   1.9923229796522637e+01
   189   7.7370221043777776e-01  -2.1258779029987291e+01
   190  -3.3596956119365878e-01   1.7760184149839830e+01
   191  -2.2830634380356774e+00  -1.8686792218137143e+01
   192  -2.3404755241426831e+00  -2.0609736108825487e+01
   193   2.1430236374333917e+00  -1.9543050198479420e+01
   194   2.8523032442013019e+00   2.0421309665989149e+01
   195  -1.4935744945130831e+00  -1.8049656926335185e+01
   196  -5.7868739634938771e-01   1.9213882317483097e+01
   197  -1.4808950252665662e+00  -1.9300546408721253e+01
   198   2.0027208819475359e+00  -1.8205442219925327e+01
   199   1.7616797255566268e+00   1.9236491540864606e+01
   200   1.3590939421933190e+00   2.0312028260829006e+01
   201  -1.9206250077001428e+00  -1.8249416023935581e+01
   202  -2.7883769501377254e-01  -1.9369303754914725e+01
   203  -5.8880822627951690e-01  -1.9713464536699487e+01
   204   3.3437797716778097e+00   1.9752785469842134e+01
   205   6.7664851599419124e-02   2.0698623147467515e+01
   206   9.2368029575760002e-01   1.8898323532546936e+01
   207   1.0862869038979648e+00   2.1680796267745865e+01
   208   2.4516219098089997e-01   2.1102256608829109e+01
   209  -2.4494961770262771e+00  -1.9189761017584317e+01
   210   5.4392998926716873e-01   2.0467217697654785e+01
   211   5.5109028726266809e+00   1.9821481916311882e+01
   212   3.4092065034770613e-01   1.8958168288287361e+01
   213   1.1611256659089633e+00   2.0507471009661472e+01
   214   3.5597612750658203e-01  -2.0356377635969725e+01
   215   1.3223365803267191e+00  -2.0386998925537263e+01
   216  -9.1343589542939196e-01  -1.9640880307188130e+01
   217  -1.1011411729140217e+00   2.0552575732859456e+01
   218  -3.8443203347570583e+00   2.0872687288537954e+01
   219   2.9535626707684699e+00   2.1553588622002575e+01
   220  -3.0163705443092043e-01  -2.1562806156851273e+01
   221  -3.4400182165973647e+00  -2.0882427323357167e+01
   222  -5.4475246669927513e+00  -2.0459183520427104e+01
   223  -2.1893997118964839e+00   2.2101524370049550e+01
   224   7.4512069271638026e-01   2.1976599671122006e+01
   225  -4.5582709363281258e-02  -2.2153137928803616e+01
   226   2.7392936983051666e+00  -2.3689367465197993e+01
   227  -4.2438303685994083e-01   2.2473923820476447e+01
   228  -1.1739066305953128e+00   2.1885763829884333e+01
   229   4.0371416579720643e-01  -2.1221790331893413e+01
   230   9.9444514714855592e-01   2.1173359297888087e+01
   231   2.9002823198460308e+00  -2.1848979033842635e+01
   232  -4.2031397038145302e-01  -2.0630257767819437e+01
   233  -1.1824647409272453e+00  -2.0508295322750019e+01
   234  -1.3039842793643506e+00   2.3538408334894392e+01
   235   2.0807625932375489e+00   2.0647244584735894e+01
   236  -3.4188211217454745e-01   2.2145938832228346e+01
   237  -1.1111231355756259e+00   2.2512893185271299e+01
   238   8.1252831024715277e-01  -2.2508355133260537e+01
   239   1.5605201536013906e+00  -2.3998453879987036e+01
   240  -2.1905851956748537e+00  -2.3067114806023298e+01
   241  -1.4781664299031877e-01  -2.1960855910648895e+01
   242  -3.7796332812339162e+00  -2.1327194601670072e+01
   243   3.2201058476696504e-01  -2.1790496434374148e+01
   244   2.1859897126385679e+00   2.2148222936586325e+01
   245  -8.1400988735306390e-01   2.2774185620170051e+01
   246  -1.4181129163886275e+00  -2.4723800018165136e+01
   247   1.0667652023809644e+00   2.3252112561333394e+01
   248   4.0019750768199316e+00   2.0504695789609521e+01
   249   1.8914629020200668e+00  -2.2284417248099381e+01
   250  -2.2285176590227467e+00   2.2862865918897757e+01
   251   1.0753447654368156e+00  -2.3830119448050311e+01
   252   7.0154389791096627e-01   2.2356561837344557e+01
   253  -1.9744740590146368e+00   2.1486960644896715e+01
   254  -2.1160447720698239e-01  -2.2779606184268388e+01
   255   3.8480811360541374e+00   2.3095149615920167e+01
   256   3.0860392590420616e+00   2.1437400601937384e+01
   257  -4.4955816450835782e+00   2.2027688989719135e+01
   258  -1.3767742625863866e+00  -2.3234742408481374e+01
   259  -1.7552189740899196e+00  -2.3039477659572650e+01
   260   3.1696397935945497e+00  -2.3740421100268357e+01
   261   1.7648142481847982e+00   2.3666227675074673e+01
   262   2.3918473787866930e+00   2.4037389377981007e+01
   263  -6.1949091100315412e-01   2.4087324916959126e+01
   264   5.8452096764425070e+00   2.3143661352300718e+01
   265  -5.4266075127890068e-01   2.3455083073378699e+01
   266   1.4644336923040004e+00   2.3216915486881955e+01
   267   2.3758835609477738e-01  -2.2416168513877263e+01
   268  -7.8726027919858865e-01   2.2173160776805009e+01
   269  -1.0038498026643727e+00   2.2027467538499504e+01
   270   2.3898994284117596e+00  -2.2492475953623448e+01
   271  -1.0946485603199991e+00  -2.3975820615902837e+01
   272   2.2451843976048994e-01  -2.2958154106317529e+01
   273   1.1497414006806768e+00   2.3856077912431370e+01
   274  -3.2917403019069309e+00   2.1878122405365396e+01
   275   2.9417615989967274e+00  -2.4511668930111480e+01
   276   2.5476624075482052e-01  -2.4159881108299114e+01
   277  -1.7015979831184049e+00   2.3850223582834083e+01
   278  -5.4083324151622136e-01   2.4499570274526825e+01
   279  -2.0051493488650838e+00  -2.3602499580867779e+01
   280   1.1205300685520918e+00  -2.2152131248728537e+01
   281   2.3726861713204643e+00   2.4827153515311714e+01
   282  -1.7485467559819556e+00   2.3177980913502935e+01
   283  -2.9169589505483029e-01   2.3452200210435965e+01
   284  -9.0949462161439709e-01   2.3707834413771213e+01
   285  -9.5881766584761119e-01   2.2333492082798813e+01
   286   2.0824402338459214e-01   2.6602730177216252e+01
   287  -8.6945074234896036e-01   2.2727179068410113e+01
   288   1.3002049301264769e+00   2.3252402714392289e+01
   289  -5.5788463281704181e-01   2.3870852655206576e+01
   290   6.4574652048031667e-01   2.3668044869609915e+01
   291   1.3734527689993907e+00   2.4645178093938974e+01
   292   2.4201186084414790e+00  -2.4073655923253124e+01
   293   2.5154740629778303e+00  -2.7066549924383118e+01
   294  -4.5842020058731947e-02   2.4843904493808264e+01
   295   2.9378222315084429e-01  -2.4186977934505251e+01
   296   2.2640414964095212e+00   2.4126532860104653e+01
   297   8.1982816417152626e-01  -2.6753891163396318e+01
   298  -2.0194366572074456e+00  -2.6579389024685664e+01
   299  -8.7847673724562747e-01  -2.5459858360226690e+01
   300   3.0422919170758682e+00  -2.5052426846333741e+01
   301  -4.4764074874467514e+00   2.4561319073341178e+01
   302  -1.3477380122724805e+00  -2.3761653972033105e+01
   303  -4.7403316741927535e+00   2.5089105214109939e+01
   304  -1.3330636570970062e+00  -2.4298217422106134e+01
   305  -4.1952043924782562e-01  -2.4482400749195758e+01
   306   8.5397751254846832e-01  -2.5610246934252078e+01
   307   2.6467232968526105e-01  -2.4651737920850326e+01
   308  -6.4512225479167427e+00  -2.5063824520846875e+01
   309   1.5697618007666936e-01   2.4136554288716365e+01
   310  -9.6506396216308588e-01  -2.5083958641206866e+01
   311   2.8355980924646174e-01  -2.4498275677331961e+01
   312  -8.6538980809962829e-01   2.5684538764839335e+01
   313   2.2222753563014758e-01   2.4578537022225920e+01
   314   7.8818649053009837e-02   2.5208948249666772e+01
   315  -1.0890129803805486e+00   2.3475247452630509e+01
   316  -2.4428113139803815e+00   2.5058778384048061e+01
   317  -1.7568718668003118e+00   2.5141915396034538e+01
   318  -1.3734103867316430e+00   2.6084103089387479e+01
   319  -7.4019544905613710e-01  -2.5109379109175666e+01
   320  -1.2498332225049587e+00   2.5156407224909394e+01
   321   2.8901956418001384e-01  -2.4708247799754485e+01
   322  -2.6943047921489485e+00  -2.3975653174962432e+01
   323  -3.2005703900991462e+00   2.5285920475915809e+01
   324  -2.5163199854247078e+00  -2.5836665004051927e+01
   325  -2.4640363869293038e+00   2.4712862664957694e+01
   326  -2.2129468531917746e+00  -2.6194398300326753e+01
   327   4.5079281367066271e+00   2.4471811711542603e+01
   328   5.8736658173065892e-01  -2.5265135493881772e+01
   329  -4.1069217927010260e-01   2.5605190204771578e+01
   330   1.4894882519392736e+00   2.5664036846961160e+01
   331   6.7097788054695384e-01   2.5703597515532895e+01
   332   1.2374381971193353e+00   2.6416434234387431e+01
   333  -2.4448337076655093e+00  -2.6259022084802737e+01
   334   1.3795144718487498e+00   2.4817094306813910e+01
   335  -3.6618235730628779e-01   2.7272697635498034e+01
   336   1.2486821570796907e+00   2.5402539782576596e+01
   337  -2.2233166412866443e+00  -2.5725085336859149e+01
   338  -1.2480975245354817e+00  -2.6166052228523625e+01
   339   1.4472071861521978e+00  -2.7137705145712513e+01
   340  -1.2686675535583278e+00   2.5095359026046985e+01
   341  -5.1601007587065570e+00   2.7712096151298500e+01
   342  -1.6069697295823275e+00   2.7274541601058477e+01
   343  -2.5693984194838002e+00   2.6504282051868184e+01
   344   2.6204836363124291e+00  -2.7727097371897045e+01
   345   9.1333019161000462e-01   2.4914240396805159e+01
   346   3.1544255963256833e+00   2.5590783850393954e+01
   347   1.5438997269893893e+00   2.6370071761493666e+01
   348   2.1399137129660625e-01  -2.4827816510361096e+01
   349   1.5958867809117347e+00   2.5780964775629929e+01
   350  -1.8831173009911164e+00  -2.7596075856072520e+01
   351  -7.6977682447360629e-01   2.5040366868882639e+01
   352   2.0898411470186029e+00   2.6044723572897812e+01
   353  -2.2454580040524555e-01   2.8077726996782307e+01
   354  -6.4250554047995101e-01  -2.5880101475489113e+01
   355   7.6155361876007832e-01  -2.7418452119348274e+01
   356   6.7145507286594153e-01   2.6502227158681819e+01
   357  -3.4908181571945169e+00  -2.7418950222722035e+01
   358   8.2044487852908698e-01  -2.6017580656843897e+01
   359   7.2049086118295691e-01  -2.6792449391018174e+01
   360   6.2963478946258489e-01  -2.6574756540440180e+01
   361   2.9820616702916620e+00   2.5651880304372281e+01
   362   3.0565917698670799e+00  -2.7420098545517188e+01
   363  -1.0400679645251629e+00  -2.5908909432072413e+01
   364  -2.8148070340098927e+00  -2.5573228402349706e+01
   365  -2.4395708817146970e+00  -2.6508210897881060e+01
   366   4.0040384623109587e-01  -2.6738681281048965e+01
   367  -1.3071954216224650e+00   2.7685112255157843e+01
   368  -5.9502231759772584e-01   2.9458901825444624e+01
   369   2.9385351561303077e+00  -2.5754367948784441e+01
   370  -1.9903509973149158e+00  -2.6443857353852202e+01
   371  -2.6483930225583296e-01  -2.6883601944923587e+01
   372   5.9767675410850929e-01   2.7203761442808364e+01
   373   8.9409312398368757e-01  -2.7169757336511815e+01
   374   1.4106141526022395e+00   2.7910910387308569e+01
   375  -1.0126206328335229e-01   2.8714979374948250e+01
   376  -2.2284359705402661e+00  -2.7963155747632214e+01
   377   3.2763449778885469e+00   2.6612831589610572e+01
   378  -7.0042934185021377e-01  -2.7020793672595371e+01
   379   8.6059341422589350e-02  -2.6172877127521900e+01
   380  -2.0551329419661428e+00  -2.7533256525401629e+01
   381  -1.4861990633229847e+00   2.8239866883188295e+01
   382  -8.8229224781366233e-01   2.7743185093404989e+01
   383  -1.1596543380891879e+00   2.8812415888592810e+01
   384   2.2897500963178025e-02   2.8138888618555828e+01
   385   1.9161440270590846e+00   2.7178450605212127e+01
   386   2.7144770775700446e+00  -2.8972216111572607e+01
   387  -1.4401472973368563e+00   2.7846509751334249e+01
   388   6.5412774788824646e-01  -2.8201783157678484e+01
   389   1.7066395614298977e+00   3.0086978866864296e+01
   390  -5.9352996670671399e-01   2.8463816843014730e+01
   391   2.1062306993536413e+00  -2.7141459537306950e+01
   392   1.5530558708113582e+00   2.6882700142927000e+01
   393   6.0577415045988592e-01   2.7911580873180650e+01
   394  -2.9277231225805400e-01  -2.8528139270003457e+01
   395   1.4913344818233304e-01   2.8188063857390965e+01
   396  -1.4506927937214560e+00  -2.7506312985939363e+01
   397   6.7694034398823866e-01  -2.7755527470990145e+01
   398   2.5992644987058515e+00  -2.7952978712543917e+01
   399  -1.3961269952280643e-02   2.9175500600774274e+01
   400   8.7740585728587961e-01  -2.8068215437444216e+01
   401   1.0951182690446948e+00  -2.8007374118605959e+01
   402   5.8884963969950022e-01  -2.7882257688586606e+01
   403  -4.4445419771383143e+00   2.9659481584505109e+01
   404  -1.3454895997706917e-01   2.8581811892257694e+01
   405  -3.2178293030893652e+00   2.9269709923812240e+01
   406   2.5185961487241748e-01   2.9928940974898016e+01
   407   1.7593073912452406e-01   2.6933224133026123e+01
   408  -2.7260419064221837e-02   2.7428926694552722e+01
   409  -3.9153677677433016e+00   2.9519971001863780e+01
   410   6.4919175190294864e-01   2.9164999980109922e+01
   411  -2.1021460249297639e+00   2.8160826760238137e+01
   412   3.3451767888064604e-01   2.8811719501838571e+01
   413   3.7098391112945805e-01   2.8208371686369578e+01
   414   3.0935245603888775e+00   2.8910873256850419e+01
   415   6.4251736384595215e-01  -2.9548328426436377e+01
   416  -2.5348269840180002e+00   2.7883718839528019e+01
   417   1.1661016699045663e+00   2.9127015988773223e+01
   418  -2.0584531258759324e+00  -2.9118218141037932e+01
   419   8.2860677670974625e-01   3.0822472213716139e+01
   420   2.7545083319566213e+00   2.9436848541311598e+01
   421  -7.4932071766260711e-01  -2.7726589449782004e+01
   422   5.8767804295877335e+00  -2.7413389998887883e+01
   423  -3.5801860864700691e-01  -2.8406652692115507e+01
   424  -2.7539146425424921e+00  -3.0301154155445616e+01
   425  -2.2871669633391716e+00  -3.1335364169073372e+01
   426   4.2484735239065707e-01   2.9289864707752123e+01
   427  -2.3077665885675507e+00  -2.7682645322738143e+01
   428   9.1153833633546666e-01   2.9270577045677467e+01
   429  -5.2319236095374944e-01   3.0216073596905296e+01
   430   2.1920362429264042e+00   2.9843062585014881e+01
   431  -3.8728472977280339e+00   2.8976959691073059e+01
   432  -2.3071488230842134e+00   2.8598833982451222e+01
   433   7.2183314509664687e-01  -2.8769485350064336e+01
   434   4.6042991340203177e-01  -3.1122934881268609e+01
   435  -1.2261462511407590e+00  -3.0291266906648879e+01
   436  -7.0489670093738122e-01   2.8161698979530751e+01
   437   7.5865698725929853e-01  -2.8921692621202233e+01
   438  -1.4169107150032980e+00  -2.8966096586918688e+01
   439   2.0568277875203069e-02  -2.8255584032550807e+01
   440   6.8465282663827676e-01   2.9935146016143094e+01
   441   4.4811192388802521e+00   2.9301814216162740e+01
   442  -1.4739961000470687e+00  -2.8071835687766143e+01
   443   1.3173822280474607e+00   2.9792631903241613e+01
   444  -6.3546031905265288e-01   2.9338370835550396e+01
   445   4.2613713482863664e+00   2.9228462738417605e+01
   446  -1.5572370128934290e+00  -2.9215566448382980e+01
   447   1.5502651959797860e+00   3.0014433226114296e+01
   448   1.4317483771728572e+00   3.1520878113875170e+01
   449  -4.2609150510326179e+00  -3.0108086306672387e+01
   450  -4.6088834966309356e-01  -3.1417820831017757e+01
   451   4.9631640441363531e+00   3.0782564867529757e+01
   452  -1.2161759340737051e+00   2.9124298440679286e+01
   453   1.2187205417297906e+00   3.0050939470614733e+01
   454   2.0103722480426041e+00   3.1546260615040026e+01
   455  -1.6968377352231023e+00  -2.8565823265996610e+01
   456  -2.4163761531078167e+00  -2.9543388707246574e+01
   457   7.3626022677849281e-03  -2.9885501953099894e+01
   458   5.3186870148661480e-01   2.8109715361497567e+01
   459   3.7426317000341691e+00   3.2804350068522723e+01
   460   4.1571540683949628e+00   3.1470966137398548e+01
   461   1.2702621946292236e+00   2.9755654187717447e+01
   462  -1.7749932270920783e+00  -3.1438274073966650e+01
   463  -3.4639036030591757e+00   3.3417849675837807e+01
   464  -1.3986427863456026e+00  -3.0853006979135493e+01
   465   4.1362560690859969e+00  -3.0128674727128672e+01
   466  -1.7175524434183069e+00   3.0709544598387598e+01
   467   4.0329638634083551e+00  -3.1487004871110877e+01
   468  -1.2257302912072108e+00  -2.9177446739263626e+01
   469   4.4473592076590318e+00  -3.3179336958750710e+01
   470  -1.7605609568611493e+00  -2.9626742224359020e+01
   471   4.1938619741924532e-01   3.0017826462479601e+01
   472  -2.1462432555964481e+00  -3.2383921494358212e+01
   473   3.1938692996238824e+00  -3.0899100251469815e+01
   474  -8.2567087215640611e-01  -3.0202044258703083e+01
   475  -2.9717387109448730e+00  -3.1486022401157353e+01
   476  -1.4897870759965886e+00   3.1220565487160339e+01
   477   1.4180686138262284e+00  -3.2048747969517514e+01
   478   2.5611128089281798e-01  -2.9405611106461023e+01
   479   1.2334687680019094e+00   3.2139487078457989e+01
   480  -2.2883264140157271e+00  -3.1427093879986788e+01
   481   6.1188307606473327e-02  -3.2714251144382295e+01
   482  -3.8457499466194678e-01   3.0786674151589907e+01
   483   3.7228275276102814e+00  -2.9383548954587241e+01
   484  -1.4595853477890077e+00   3.0669100558403400e+01
   485  -1.2514691180632838e+00   3.1441096186263426e+01
   486   3.3263195589216186e+00   3.1189292193048733e+01
   487   5.9867440181498977e-02  -3.0181852395692712e+01
   488   5.5804688742644970e-01  -3.0680805125483143e+01
   489  -9.0814489393097064e-01  -3.1921372700651418e+01
   490   3.0975795399256354e+00   3.0698744188006913e+01
   491  -3.5189340486360208e+00  -3.2985581955239418e+01
   492  -5.4913464516648847e-01   3.1935769570629557e+01
   493   6.5832768025686872e-01   3.1818207745792762e+01
   494  -2.7530116089221939e+00   3.2917806439615433e+01
   495  -6.4105285468362338e-03   2.9961127016972252e+01
   496  -1.4292284411243497e+00   3.1517916940322483e+01
   497  -6.3389662073182396e-01   3.2649227919357905e+01
   498  -2.8151705378739571e+00   3.0383175609576423e+01
   499  -6.1088458428252124e-01  -3.0272987701198527e+01
   500   4.2519468658777582e+00  -3.2194664323129153e+01
   501   3.0260026794513406e+00   3.1901600970472746e+01
   502   4.4357616603569577e-01  -3.2433780930069801e+01
   503  -2.1214229923063783e+00   3.0287928734674740e+01
   504  -3.4287253939541631e+00   3.1592417984238786e+01
   505  -2.7157000017227886e+00   3.1758112068166685e+01
   506   2.4328306829504771e+00  -3.1811421776662357e+01
   507   4.9407621722122230e-01  -3.2674275740061333e+01
   508   9.9682790737057947e-01  -3.1931226932786366e+01
   509  -1.0922312260079059e+00  -3.0837281993741673e+01
   510  -1.9468433649389554e+00  -3.1004036309544823e+01
   511   3.0210214343257111e+00   3.1304181258605503e+01
   512   4.8922717361668849e-01  -3.0621559656087925e+01
   513   2.3882488784339890e+00  -3.1655959769453460e+01
   514  -1.4569175993414436e+00   3.2702099197595587e+01
   515   2.5761964727489162e-01   3.0868275335613681e+01
   516  -2.6414882239610282e+00  -3.1258042131340076e+01
   517  -2.1334680817413667e+00   3.2540835995409999e+01
   518   4.0916020030283562e+00  -3.3216591829905575e+01
   519   4.0110698662733064e+00   3.4199620164290856e+01
   520  -2.8499922111330522e+00  -3.3484278673957043e+01
   521   1.1068400663259108e+00  -3.2260138972795055e+01
   522   1.6201206702659872e+00   2.8803058037832383e+01
   523  -2.0178885496540162e+00   3.1153395934430037e+01
   524   1.4643290374208986e+00   3.1963911828432391e+01
   525   1.1307033159600739e+00   3.3487698079958726e+01
   526   3.6771522590818830e+00   3.2388581395452661e+01
   527  -2.2060450595164522e+00   3.3325933495117994e+01
   528  -2.2655390659775501e+00   3.0558093816312002e+01
   529  -9.6761478412960278e-01  -3.2672359390629225e+01
   530  -8.0704542229795617e-01  -3.3071515248583907e+01
   531  -2.0466663869972352e+00  -3.3044020619930031e+01
   532  -2.7172261735862557e+00  -3.4605914949536292e+01
   533  -4.8283563849412392e-01   3.2871364189971501e+01
   534  -1.9591998881394597e+00   3.1295049040587404e+01
   535   4.8907301679111510e-02   3.1413089415518328e+01
   536   2.0085040310201230e-01   3.2095374120304378e+01
   537   2.4378632772959730e+00  -3.2374868546349362e+01
   538  -1.9027250356645848e+00  -3.1154899284943554e+01
   539  -3.9914033776155495e+00  -3.4314028135246858e+01
   540   8.6295873795902678e-01   3.2413400375752289e+01
   541  -2.7525874180812746e+00   3.2392947311669509e+01
   542  -3.7177926144068634e+00  -3.2392103158414884e+01
   543   1.4862332046859231e-01  -3.2666602508077084e+01
   544  -2.5984468542007932e-01  -3.2571409984569826e+01
   545   1.7162943804739481e+00  -3.2309960910291522e+01
   546   4.1763514488376172e+00  -3.2481487600562531e+01
   547   2.6412117569403701e+00   3.2214489088682555e+01
   548  -2.6540735723084343e+00   3.3831583160324179e+01
   549  -2.6236485044468667e+00  -3.3987444115317466e+01
   550  -3.6810505507890917e-01  -3.3983952765877305e+01
   551   3.8251015222535567e-01   3.3438984654177801e+01
   552  -2.2715500665649443e-01  -3.3765193699669673e+01
   553  -3.2978784343892481e-01  -3.3735421147325759e+01
   554   3.8658953530031699e+00   3.3947706573339467e+01
   555   1.4817560394521538e+00  -3.3423667143160166e+01
   556  -6.5756495250813130e-01  -3.3976942369129517e+01
   557   2.2279943881194861e+00  -3.3918765466926388e+01
   558   1.0321915346358372e+00  -3.4441785361057974e+01
   559   2.4319391112543411e+00   3.3378931792842920e+01
   560   1.8830755194720259e+00   3.4516838860794088e+01
   561  -1.6240215812472394e+00  -3.3762859477400021e+01
   562   1.4824440337486713e+00  -3.5357554019940011e+01
   563  -3.2538267705350945e+00  -3.3807105884232946e+01
   564  -2.4661562066034155e+00   3.3064540549692886e+01
   565  -1.3986963579098119e+00   3.3476460370656817e+01
   566   1.7779828702432967e+00   3.4233473586736828e+01
   567   2.2166751620876437e+00  -3.3247670753699246e+01
   568  -8.1653735309868625e-01  -3.3915422317384781e+01
   569   2.8268750450866058e+00  -3.4336351011297282e+01
   570  -1.8342990932807328e+00   3.3739116575024454e+01
   571   2.0965771496084544e+00   3.2321257270449728e+01
   572  -3.1970610305788001e+00   3.5090573716255548e+01
   573   1.2280177653009772e+00  -3.3444399550455280e+01
   574  -1.2816727073843754e+00   3.3193924237135406e+01
   575   2.8279392109286210e+00   3.2431857769402818e+01
   576   1.3911949534619721e+00  -3.4034946101869608e+01
   577   1.8303949166418152e+00  -3.5085816061762920e+01
   578   1.0814590662958872e+00   3.6538516286705274e+01
   579  -1.2636432696127423e-01  -3.3078669308099457e+01
   580  -2.2824281324278286e+00   3.4386185887008494e+01
   581   1.2938604024946460e-01  -3.5858384452589476e+01
   582   1.7247216848437259e+00   3.3384740898439325e+01
   583   1.1399090266012994e+00  -3.3693028213848784e+01
   584  -4.1033666857171630e-01   3.5402566488118666e+01
   585   1.4037830762991227e-01   3.3643840275329325e+01
   586  -1.8139066740234648e+00  -3.5818383541641822e+01
   587   4.4802449745934645e+00   3.4413206593935264e+01
   588   1.9354530467264692e+00  -3.4574474354787831e+01
   589  -9.1577488946492269e-01   3.3829085811811630e+01
   590   7.3396357193359699e-02   3.3957428132277720e+01
   591  -2.3950484325560408e+00  -3.3469508801242071e+01
   592   9.2955048044269151e-01  -3.5238924414093866e+01
   593  -3.9556142785540649e-01   3.3899947920208618e+01
   594   1.5536030247772290e+00  -3.3602035802451731e+01
   595   1.4742920544275999e+00  -3.4276980161964744e+01
   596   4.4571888588496407e+00   3.3343891584468928e+01
   597  -1.2134913055963206e+00  -3.4748998088950586e+01
   598   1.2252587629671510e+00  -3.5275181842143098e+01
   599  -1.6924290835633185e-01  -3.4663552705013984e+01
   600  -5.7124790692042859e+00  -3.6359242198376187e+01
   601   1.5976396100344310e+00   3.2094609092340527e+01
   602  -4.3343509379917883e-01   3.4840703195712457e+01
   603  -7.7010859492522643e-01  -3.5522350610157389e+01
   604   3.1857009854844636e+00  -3.7393418555586493e+01
   605   2.6036781757820995e+00  -3.4700785559872784e+01
   606   2.1353920255717179e-01   3.4586229027416771e+01
   607   8.8039033890191520e-01   3.5491274152797928e+01
   608  -9.0373602584939883e-01   3.4778554415307681e+01
   609   1.6606815371436259e-01   3.5203763383588260e+01
   610  -1.0152158365749528e+00   3.4657154344954733e+01
   611  -7.4401143142763071e-01   3.4076189712492123e+01
   612  -3.4920046958238999e+00   3.4156174855038174e+01
   613  -1.2892102445275677e+00   3.5235447289225043e+01
   614   2.4834970249857649e+00   3.5550249507521904e+01
   615  -3.2399582464418247e-01  -3.6360315314080765e+01
   616   7.4988008415873830e-01  -3.4736028418354060e+01
   617  -3.6405636979751427e-01  -3.4009729893517111e+01
   618  -1.1604892427720830e+00   3.4519401085787990e+01
   619   1.2514965927755117e-01  -3.5138989251779940e+01
   620  -2.4492233107442729e-01  -3.4431303805850661e+01
   621   3.6847994443057033e+00  -3.4963849831062525e+01
   622  -6.9081589110146147e-01  -3.6405400594264776e+01
   623  -5.0505662112075156e-01  -3.6078430981370545e+01
   624  -9.2095756367083459e-01   3.5670978749751789e+01
   625  -2.3484155641241661e-01   3.4786927355066901e+01
   626   1.1305367301039688e+00   3.5536105597441320e+01
   627   2.6349014940713955e+00  -3.3263825826353127e+01
   628   5.1778381923903893e-01  -3.4835400076752578e+01
   629   2.1485251030904351e+00   3.6323647839669562e+01
   630  -1.7420238347929788e+00   3.5507570889484775e+01
   631   1.3619750300352051e+00   3.6077483207360601e+01
   632   8.6533128222419195e-02   3.3974721617558295e+01
   633   5.3235382793541115e+00  -3.5715123817830872e+01
   634  -2.3857537197561447e+00  -3.6555505502008515e+01
   635  -8.2782739124116400e-01  -3.6597162317469262e+01
   636   4.7254419827825861e-01   3.4483945341872122e+01
   637   1.9676412601337900e+00  -3.4595061863531875e+01
   638   2.2815748438368791e-01  -3.6303411798813684e+01
   639  -1.0927939577296548e+00  -3.8092381529290492e+01
   640   7.7384046733265910e-01  -3.6580517947538681e+01
   641   1.1851692982289965e+00  -3.4988176194078868e+01
   642  -1.0177687634342580e+00  -3.5594164197738920e+01
   643  -1.4249637370858261e+00  -3.6038999677210668e+01
   644  -2.0199065277869770e+00   3.5390748751715641e+01
   645   2.5413888616649434e+00  -3.5545242482595988e+01
   646   2.1126555711129962e+00  -3.6270469986192481e+01
   647  -1.2706469622769037e+00  -3.6543045576979353e+01
   648   6.9537937767840696e-01  -3.6283413774001623e+01
   649  -2.9275372971505838e+00   3.6989642944804693e+01
   650  -1.8668271156087011e+00   3.6886489179604730e+01
   651   1.5591251112470981e+00  -3.6278250527701474e+01
   652  -7.6445762755949143e-01   3.6534809408521831e+01
   653   2.6662305673818537e-01  -3.6326972175101574e+01
   654   1.4798675559754597e+00   3.5686848246697167e+01
   655  -5.9786299923905650e-01   3.7123279361517341e+01
   656  -6.0005906957754651e-01  -3.5239601419078838e+01
   657  -1.6113805872696458e+00  -3.6917485024188231e+01
   658  -2.8044062095104181e+00   3.6642331206916424e+01
   659   2.7616044080269582e+00   3.8955272018384775e+01
   660  -1.9737933614003156e+00  -3.6083142793144738e+01
   661   2.1774271673253618e+00  -3.6621430736994789e+01
   662   6.5697307723592147e-01   3.8048475037336310e+01
   663  -1.7703359369416107e+00  -3.5955339434582868e+01
   664  -2.3994951924480346e-01   3.7063780533799829e+01
   665   1.7210367988143216e+00   3.7651465336851757e+01
   666  -8.2883255405523160e-01  -3.6925824990934053e+01
   667  -3.1170104564837451e+00   3.5716485721111141e+01
   668  -8.4379565351000829e-01   3.7111276840986854e+01
   669  -5.7267936905511463e-01   3.7041671791850725e+01
   670   2.4468924107243621e+00  -3.5153242931356672e+01
   671  -3.1552704250147317e+00  -3.5916374220010418e+01
   672   3.9671609710604461e+00   3.7064872848742219e+01
   673   2.5956207619090694e+00   3.7097442965210888e+01
   674  -2.3697782279974402e+00   3.5586430560242604e+01
   675   4.0416210549453063e-01   3.6558389518963132e+01
   676  -4.3516208554120821e+00   3.5653549899496895e+01
   677  -2.3832201459532265e+00  -3.7186185290141914e+01
   678  -4.2624929481753893e-01   3.5675351898634609e+01
   679   1.7727016496468377e+00  -3.6514858712701454e+01
   680  -3.5644486254836090e+00  -3.7090623478680591e+01
   681  -6.6411712923441635e-01  -3.6492968363389608e+01
   682   6.8779236576456348e-01   3.8277745277225684e+01
   683  -2.2264753605353094e+00  -3.8326286502844631e+01
   684   2.3225768721381197e+00  -3.6190537194558864e+01
   685  -1.0299720883751795e+00  -3.7012446844013191e+01
   686   2.0091633160620161e+00   3.8012807397084607e+01
   687   1.5492246723678711e+00  -3.6698551137191004e+01
   688   1.8696857665290794e+00   3.8037729178926469e+01
   689  -6.4540167554799976e-01  -3.6456135597477434e+01
   690   1.8895357248893279e+00   3.6161496435939036e+01
   691  -1.8639288171106678e+00   3.6926818121627889e+01
   692   2.4129552689463587e+00  -3.7338246762518857e+01
   693   1.4597618137427393e-01  -3.7800150569107728e+01
   694   2.4702570817873957e+00  -3.7093893698601292e+01
   695   1.8326260535549577e+00   3.7548701351197217e+01
   696   1.5831150336413449e+00   3.8003015755726892e+01
   697   2.4952489767966637e+00   3.7808700649891406e+01
   698  -1.5406787359334031e+00   3.4988649514776064e+01
   699   2.0611644566371470e+00   3.7779845919604114e+01
   700   8.1628766687797338e-01  -3.5887121450920830e+01
   701   1.3266534067852751e+00  -3.6655192611120576e+01
   702   6.0337830373930068e-01   3.7123241416680337e+01
   703   1.6753610208313370e+00   3.6236119732325484e+01
   704  -3.0178135325142077e+00  -3.9330322863097798e+01
   705   1.8480091629688407e+00   3.7913696531149178e+01
   706   3.0932009891138101e-01  -3.7230564809089941e+01
   707  -6.9301874391518692e-01  -3.7537715194359642e+01
   708  -5.8535624025845390e-01  -3.8397302709865194e+01
   709  -3.7676798857906588e+00  -3.6235693901293061e+01
   710  -5.0063635819673957e-01  -3.8509714256551952e+01
   711  -1.2476103328943579e-01   3.8797894048242973e+01
   712  -7.6221430663610845e-01   3.8771163924405592e+01
   713   4.3388219267279166e-01  -3.7660596084911809e+01
   714   1.2597860264703060e+00  -3.8928003725513889e+01
   715   8.8910273661283379e-01  -3.7946447875319286e+01
   716  -3.6584416066242893e+00   3.7916142477428686e+01
   717  -1.0189690261477640e+00  -3.7026563208591675e+01
   718  -1.0531396018101193e+00  -3.8596478094698675e+01
   719  -2.2615565147158129e-01   3.7029418889494657e+01
   720  -1.2440748634571330e+00   3.9735727863463460e+01
   721  -2.5093026603914534e+00   3.8883852365924277e+01
   722  -1.9371683833631979e+00   3.7550934777109582e+01
   723   9.5928579341829012e-01  -3.8411743404032393e+01
   724  -4.2363947300312121e-01  -3.6544861548526129e+01
   725   4.6956136365690018e+00   3.8612062963793370e+01
   726  -4.7354337076412212e-01  -3.8930439046700947e+01
   727  -3.0667759667134070e-01  -4.0105183637577333e+01
   728  -2.2308963993521420e+00   3.6984367005145771e+01
   729   2.0750427955143196e+00   3.6626147067784927e+01
   730  -1.7935964886983102e-01  -4.0523493490520309e+01
   731  -1.8111174546292974e+00   3.7614057994240859e+01
   732  -1.5889311983244852e+00   3.8166227108863431e+01
   733   1.5648805028032333e+00   3.8057243496246755e+01
   734   9.2028321567951787e-01  -3.9046095332199727e+01
   735  -1.0009038957876859e+00   3.7377405136352678e+01
   736  -2.5430845961290691e+00  -3.8021345184160054e+01
   737   6.3424361541141516e-01   3.9872963393412554e+01
   738   8.8125147535238688e-03   3.9083808331856993e+01
   739   9.7681157311901901e-01  -3.9066560577965816e+01
   740   5.0414098925851976e+00  -3.7810955747144611e+01
   741  -1.4057869623080570e+00   3.9693675752629410e+01
   742   2.4547296048237035e+00   3.9390026497306138e+01
   743   1.6083067127005894e+00  -3.8520862390990409e+01
   744  -2.9065235977102550e+00  -3.8654129381878150e+01
   745   1.3546225660130982e+00  -3.9067334157557916e+01
   746  -4.4687410222148555e-01  -3.7203899184012059e+01
   747  -1.7551609131782215e+00   3.9715603628679546e+01
   748   2.6932658699029748e+00   3.8644592322046876e+01
   749   6.1034078023112244e+00   3.9160845875959637e+01
   750   2.6800768094959131e+00   3.9005955662629596e+01
   751   2.3705407533699274e+00  -3.8070629005502596e+01
   752   2.6132280559867986e+00  -3.6214222214906954e+01
   753  -2.4129176509464156e+00   3.7111712099440581e+01
   754  -1.5479896059635880e+00  -3.9105276541562006e+01
   755   1.0809182579667778e+00  -3.7724841758953616e+01
   756   1.8306981411221375e+00   3.8762321075009339e+01
   757   9.1987654803799779e-01   4.0570442946748869e+01
   758  -2.2753699572305064e+00   3.9689082735225782e+01
   759  -2.1621083378058040e-01   3.8538086945780144e+01
   760   1.5983979488162716e+00   4.0291742849004144e+01
   761  -2.3744464993255336e+00   3.9860601882868316e+01
   762  -4.7389288995204260e-01   3.8367875815601892e+01
   763  -2.9765309770004918e-02   3.8726785106620923e+01
   764  -1.5126099967860438e+00   4.0095325827238021e+01
   765  -2.6858246001364772e-01  -3.9588875123024820e+01
   766   2.6438769882179152e+00  -3.8646268771629330e+01
   767   1.0314585020433027e+00   3.8543464502668854e+01
   768   3.8973624345593696e+00  -3.8620720985261293e+01
   769  -1.5974778315075563e-01   3.8342169423071354e+01
   770  -1.8559615505462077e+00   3.9409351643656557e+01
   771   4.0178382832026207e+00   3.8684350148478906e+01
   772  -9.9223827624124594e-01   3.8755586199519243e+01
   773  -3.8961306746636457e+00  -3.9163569954460662e+01
   774  -1.6429408905843004e+00   3.7099503872219927e+01
   775   2.0833489461872579e+00  -3.9585337620691377e+01
   776   1.0905355616817203e+00  -4.0661780159147646e+01
   777   3.5463922262726046e+00   3.9153796598473882e+01
   778   3.2779411657170319e+00   3.9004799790242274e+01
   779  -1.0950942289754027e+00   3.8746715510140710e+01
   780  -1.3630260898649502e+00  -3.8690689546937627e+01
   781  -1.3107333262535901e+00  -4.0736971215969433e+01
   782   2.4060374398233059e-01   3.9522006449743607e+01
   783   1.9079130556291153e+00   3.9159776060585067e+01
   784   1.8216654707835953e+00   3.9385469665447097e+01
   785  -2.7795179218978433e-01   3.8619116812851409e+01
   786  -1.6320048072439080e+00  -3.9614364393636521e+01
   787  -1.6235776725626443e+00  -4.0738747807026584e+01
   788  -8.2041023953030279e-01  -4.1420099628721353e+01
   789  -1.4441027429250359e+00  -3.9904439969364780e+01
   790   1.0742983838144473e+00  -3.9444787890563312e+01
   791   7.4682482684450535e-01  -4.0466669496138749e+01
   792  -4.2126040724512057e+00  -3.7403512483773611e+01
   793   8.6111742460067642e-01   3.9226752518560005e+01
   794  -1.0422061393355644e+00   3.8457249276522283e+01
   795   1.1471366873214417e+00   3.9282520017962881e+01
   796  -6.8361192894777356e-01   3.9920912226283043e+01
   797  -1.6267396939167083e+00  -4.1109786307915961e+01
   798  -1.3999868989288539e-01  -3.8406736175147330e+01
   799  -7.8078084675111004e-01   3.9251322584160221e+01
   800  -9.7794654431966263e-02  -4.0409757916740503e+01
   801   2.0712264341615945e+00  -3.9240553844420496e+01
   802   4.6812026515674288e-01  -3.9792639876998678e+01
   803  -9.0495567477902672e-01   4.0404185376894887e+01
   804   1.6299086485453507e+00   4.0269375702014699e+01
   805  -4.3254079597967641e+00   4.0836167317622184e+01
   806  -1.5334791930014202e+00  -4.1695822050651628e+01
   807   8.9243696992678456e-01  -3.9891950596402069e+01
   808  -1.6463273753953722e+00   3.8825605679163054e+01
   809  -3.4431200611794899e+00  -4.0820602621260164e+01
   810   2.2774856275774316e-01  -3.9056827869228620e+01
   811  -6.6182609602167075e-01   4.0836002783538241e+01
   812  -5.0676363069456909e-01  -3.8951509149729397e+01
   813  -6.8588710487665502e-02  -3.9574569082759780e+01
   814   1.3312408599610097e+00   3.9468264679727490e+01
   815  -1.5812105777179917e+00  -4.0148920192493321e+01
   816  -1.9375732966119033e-01   4.0458914011269314e+01
   817   5.4980748230855303e-01  -3.7722083133250358e+01
   818   1.1019408775568256e+00   4.1101842966725080e+01
   819  -2.1305485995608149e+00   4.0757489051760878e+01
   820   4.5709409478843177e-01  -3.9603107190583067e+01
   821  -1.7540711244014289e+00  -4.1591645063926421e+01
   822  -2.3234326820799378e-01   4.0828373204179790e+01
   823  -2.4185860180017360e+00   3.9820366938336569e+01
   824   2.6576094161829871e+00  -4.1055688763787437e+01
   825  -1.5120248137662848e+00   4.0914476908012730e+01
   826  -1.3459660971862286e-01  -4.0721502729760239e+01
   827  -9.9301021920787047e-01  -4.2308542729306573e+01
   828  -4.4510450197513329e-01  -4.1156181186037799e+01
   829   6.4884904118062514e-01  -4.1734087488466102e+01
   830  -4.3781452559010853e-01  -4.1966836124373195e+01
   831  -6.3264349860424607e-01   3.9415289227785465e+01
   832  -1.3229544244076907e+00  -4.0656854708698773e+01
   833   3.2580284790888299e+00   4.0197442707195194e+01
   834   8.7474474609499975e-01   4.0177733053624678e+01
   835   8.9594076739936623e-01   3.9683813075787668e+01
   836  -2.2773191675703934e+00  -4.0750028332397903e+01
   837  -2.7028186012536888e+00   4.0854233392123518e+01
   838   3.3555057516539633e-01   4.0157259798253882e+01
   839   1.0796778422408095e+00   4.1500847957677522e+01
   840   1.3645186976593953e+00  -4.0600269635613465e+01
   841   1.5984818906195792e+00   4.1336885813535268e+01
   842  -8.4109091855530616e-01   4.1782279375828750e+01
   843   1.6918057042041108e+00   4.0506746137953634e+01
   844   9.7344107372271693e-01   4.0033480372987469e+01
   845  -2.7651566341170000e+00  -4.1169758853490862e+01
   846  -2.2408174785604951e+00  -4.1612186343288570e+01
   847   1.5347087741425811e-01  -3.9659663733472726e+01
   848  -1.0049705878235129e+00   4.2538321258911822e+01
   849  -8.2757190904088104e-02   4.2133376241792796e+01
   850  -2.2324653155464098e+00  -4.0345194574525927e+01
   851   8.8102923139489064e-01  -4.0317580627907937e+01
   852  -4.5451502290657988e+00   4.0498939305639801e+01
   853  -2.1912316189086241e+00   4.0101420020938711e+01
   854  -3.2885694075865399e+00   4.1817903775867428e+01
   855   6.3680298603343033e-01   4.2786073930017814e+01
   856  -1.7004872401409898e+00  -4.1657643767735635e+01
   857   6.3303229250812876e-01  -4.0965463932308765e+01
   858   1.5183080953603243e+00   4.1008487130783436e+01
   859   1.6275705859159670e+00   4.1299458076971938e+01
   860   1.2834936657100808e+00  -4.1396838022127767e+01
   861  -4.9326307774752165e-01  -4.1397664007958845e+01
   862   2.7886073645498830e+00   4.1580317448972067e+01
   863   1.8111367479993370e+00  -4.2159089505445316e+01
   864  -9.0886008082949998e-01   4.0741731328774385e+01
   865  -2.4872379673532055e+00   4.1909259653172320e+01
   866   9.7550679925009487e-01  -4.2566125775094861e+01
   867   9.0276931237778690e-01   4.1364993208374791e+01
   868   5.3803191329875399e-01   4.2896455330894788e+01
   869   2.4875675565111717e+00  -4.1800551496393275e+01
   870  -6.9982117115476083e-01   4.2594496772510823e+01
   871   2.1154016610268317e-01  -4.3458793270090311e+01
   872   1.6603509351702037e+00  -4.2538108946363899e+01
   873  -2.1025949188437165e+00   4.2111390438567433e+01
   874   7.8395478725836609e-01  -4.2027300091402161e+01
   875  -3.2413510996799766e-01  -4.2325093350723755e+01
   876   2.4188193637170574e+00  -4.1471726838729445e+01
   877   2.1165255919397383e+00  -4.1445494793578952e+01
   878   1.0834304480917605e+00   4.1447610720926214e+01
   879   2.1541010472036151e+00  -4.2405479513002270e+01
   880   1.3251417236612482e+00   4.3095405233965394e+01
   881   3.2458360977203098e+00  -4.2252088103584512e+01
   882   1.5197091249449501e-01  -4.0819594207868754e+01
   883   3.5709693728900166e-01  -4.1562039341310722e+01
   884   1.7129205213709735e+00   3.9125551274448398e+01
   885  -2.2727771569199451e+00   4.0727387617291598e+01
   886   1.6909846868906337e+00   4.1462584177192596e+01
   887  -1.3840668366520668e+00  -4.0759683230889927e+01
   888   8.9700865052113343e-01   4.0543848212852545e+01
   889  -2.1827056092423800e+00   4.0506579744015269e+01
   890  -3.1152303460195547e+00   4.3071267589732642e+01
   891  -1.6251236152554871e+00  -4.2266104740224371e+01
   892   1.4162739846192991e+00   4.1363922163011893e+01
   893  -1.6919574103669266e+00  -4.2101901291045131e+01
   894   1.3531945675753561e+00   4.3455439293482449e+01
   895   1.7783546356758986e+00   4.3656740036303404e+01
   896  -2.0497437054664092e+00   4.2430559085957782e+01
   897  -3.4068463872122429e-01  -4.4093773441902918e+01
   898   1.2610168030796567e+00  -4.2685269436403736e+01
   899   1.4031618730132447e+00  -4.3173639711792127e+01
   900   8.2469249376923637e-01   4.4258758095676001e+01
   901  -3.4987186481291288e-01   4.2693590722474042e+01
   902  -1.5806347847429320e-02   4.1830844590419375e+01
   903   1.6037003681068382e+00  -4.3299608673569203e+01
   904   1.3831530630760704e+00   4.3408933526288230e+01
   905  -2.4058126182553403e+00  -4.2210923188802987e+01
   906  -1.9800540924944374e+00   4.1625710196910028e+01
   907   1.4629989530741511e-01  -4.1098955747125927e+01
   908   1.8632068447607866e+00  -4.2213257012251255e+01
   909  -3.9524305945983746e+00   4.3645617898430068e+01
   910   5.6751097746021895e-01   4.2759127667697342e+01
   911  -2.4815026108773584e+00   4.3215222351220497e+01
   912   1.3197615158456995e+00  -4.2615726504813253e+01
   913   1.3064761686971773e+00  -4.2178206532549446e+01
   914  -1.2627963854500686e+00  -4.0418823483166143e+01
   915  -1.8396005721389583e+00  -4.2923003765105847e+01
   916   2.7980120070478658e+00   4.3236292399067821e+01
   917  -1.3354545137927332e-02  -4.4142829736641268e+01
   918  -1.4972610957665329e+00  -4.2323456629119420e+01
   919   2.6361799205551231e+00   4.2981268806599239e+01
   920  -1.6851717050984967e+00  -4.2900524717297316e+01
   921   2.8237053864983324e+00   4.1768071100249905e+01
   922   1.3750047332710700e+00  -4.1706480584847228e+01
   923   1.2577546675586346e+00   4.4302945771000687e+01
   924   1.2789918628460415e+00  -4.2480465455474295e+01
   925  -1.3620024309548144e+00  -4.3390625196936874e+01
   926  -6.4016263120799788e-01  -4.0079724195939335e+01
   927   5.8079849089639068e-01   4.1914177931454070e+01
   928   1.3790601710256118e+00   4.2089041327204995e+01
   929   3.0372553210925918e-01  -4.2859149616106983e+01
   930   1.2495415479037875e+00   4.1929322880364431e+01
   931   1.9511201990231315e+00   4.2470723013840569e+01
   932  -1.3955678745679645e-01   4.1838261773483723e+01
   933   1.1528617465700146e+00  -4.2562286121759037e+01
   934   1.7111516026733753e+00   4.3184177032697264e+01
   935   6.0893240904707753e+00   4.4721128896091692e+01
   936  -8.1154915923449189e-01  -4.2615901777599738e+01
   937  -9.8042646802301425e-01   4.4141396513838444e+01
   938   2.2997435597965957e-01   4.5377142626398317e+01
   939  -2.9833531833869311e+00  -4.2607244789562110e+01
   940   1.0701879790550659e+00  -4.2678173136617239e+01
   941   3.4680777972642733e+00   4.3842386938970606e+01
   942   4.4797707353406411e+00   4.2655260052647506e+01
   943  -8.2560023589028075e-01   4.2367521969752779e+01
   944   8.9096979663518605e-01  -4.3003910020302541e+01
   945   1.8810108567341781e+00   4.2947765150996155e+01
   946  -8.5230599744042901e-01  -4.2007307251020634e+01
   947  -1.8539804252238206e+00   4.3888197461261605e+01
   948   2.4579908760777025e+00   4.4077961648279555e+01
   949   1.2206402111482348e+00  -4.3638457118109862e+01
   950   1.0417540697563461e+00  -4.2876106534321671e+01
   951  -1.1578389031893929e-01  -4.3025237119458154e+01
   952  -1.6130146480751559e+00   4.3552959524155263e+01
   953  -7.3901580794057866e-03   4.4691529372606027e+01
   954   7.5046315573079858e-01   4.4863591828517627e+01
   955   2.5532111841480130e+00  -4.1545389990869673e+01
   956  -2.1222723179399332e+00   4.4190227434792028e+01
   957   2.3320079740012876e+00  -4.4351593391073500e+01
   958   5.2673220111579100e-01   4.4614944610916901e+01
   959  -1.3516748113917945e+00  -4.3593142380902442e+01
   960  -1.1929006243361286e+00  -4.2416121899342976e+01
   961  -1.4096521741850082e-01   4.4159210694958361e+01
   962   1.0911880801435803e+00  -4.3860298491896380e+01
   963   5.5026284971675415e-02   4.1588606218541663e+01
   964   1.7891209262130356e+00  -4.2929746356219390e+01
   965   7.1000624958186070e-02  -4.2023777175445076e+01
   966   2.6078152274558128e+00  -4.2868690880185710e+01
   967  -1.1073113686020276e-01   4.2030769083215283e+01
   968  -5.5787020723133518e-01  -4.5736755117602222e+01
   969   3.6586361163143537e+00   4.3658069303192192e+01
   970  -3.2048204145452597e-01  -4.4282465832557115e+01
   971   9.9413017069315179e-01  -4.2571883479753460e+01
   972   1.6713982562985397e+00   4.3420611467829488e+01
   973   7.2891595553240374e-01   4.4608565356054662e+01
   974  -7.3448212190448825e-01   4.4531402197987518e+01
   975   7.2058897737039229e-01  -4.1871146301689187e+01
   976  -1.8473577425279917e+00   4.0570720947408745e+01
   977  -1.7041364460568115e-01   4.3118031467695573e+01
   978  -1.5306344776021144e+00  -4.3850853410781909e+01
   979  -1.2040269638584906e+00   4.5351060889988929e+01
   980  -6.6075043929610044e-01  -4.2889333116123389e+01
   981  -1.1156460511334649e+00  -4.4044868481231063e+01
   982   1.2416157145915476e+00  -4.3076853912563230e+01
   983   2.6000088018387899e+00   4.5976542629180607e+01
   984  -7.9790362177486673e-01   4.4604014796437717e+01
   985  -3.6625405118998775e+00  -4.3138503137679628e+01
   986  -9.5698769418524676e-01   4.3929887371798628e+01
   987  -1.5716157184101727e+00  -4.3764385235465440e+01
   988  -1.0521665106396434e+00   4.4552142518836902e+01
   989  -3.9079476014584187e+00  -4.4811560604988507e+01
   990  -3.5524640144927662e+00   4.4560740312155531e+01
   991  -1.8832775718049155e+00  -4.4539061319490465e+01
   992  -1.7178614117530762e+00  -4.4231267470448685e+01
   993   1.3535375394810036e+00  -4.3324212205182597e+01
   994  -1.9264767125640296e+00  -4.3442010471352944e+01
   995  -3.4455597776619928e-01   4.4314597144021761e+01
   996  -1.4013369494246719e+00   4.4969783347900652e+01
   997  -1.7471482860504441e+00   4.3572613503752997e+01
   998   1.5964239299584309e+00   4.4248723921927727e+01
   999  -3.6526137718625712e-01  -4.3377141013913494e+01
  1000   2.5455301438952453e+00  -4.4968332931983433e+01
  1001   9.4943074283988249e-01   4.5796811943496586e+01
  1002  -1.0541651990686271e-01  -4.4785008815410656e+01
  1003   2.2950995312256506e-01   4.4741056236935727e+01
  1004  -2.4634379893759597e+00   4.3701364062825284e+01
  1005   1.0871433892860663e-01  -4.2909698547801760e+01
  1006  -1.9405950067728348e+00   4.3514242058487689e+01
  1007  -6.4305968333068753e-01   4.3758297341865621e+01
  1008   9.5436957319405247e-01   4.7519465814364210e+01
  1009   5.1538329542115069e-01   4.5519046420253666e+01
  1010  -3.0676883379222968e+00   4.3988336002905932e+01
  1011  -1.7186745514760002e+00   4.4666012794700492e+01
  1012   1.1509293400346710e+00  -4.4898185695369392e+01
  1013   7.1275528011005007e-01  -4.6293104739378435e+01
  1014  -9.9210305846579505e-01   4.5311986135833578e+01
  1015  -1.6280639648620419e+00  -4.6531417950353564e+01
  1016  -7.2448132726984149e-01  -4.3410982674228343e+01
  1017   1.0795399264306231e+00  -4.3920710378266342e+01
  1018   7.2241478217294208e-02   4.5018145837261606e+01
  1019  -2.6809008607614193e+00  -4.4341219362401844e+01
  1020  -2.1979283512387071e+00   4.4861732481499068e+01
  1021   2.4565946835139654e+00  -4.3861102886794683e+01
  1022  -1.4725560156664923e+00  -4.4199004096387512e+01
  1023  -2.4186784721992436e+00   4.4290208639695614e+01
  1024   1.2535695578513888e+00  -4.4869993469487362e+01
  1025   3.2813588731360493e-01   4.4629622030554081e+01
  1026   2.2845948835575514e+00  -4.5203879646525365e+01
  1027  -1.6657764868363811e+00  -4.5574100651185866e+01
  1028  -6.0485511006810211e-01   4.5041268891622934e+01
  1029   2.9495319399998925e+00   4.4668178030692353e+01
  1030   4.5733374513238356e-01  -4.5568074082247001e+01
  1031   3.5135876834230029e+00  -4.5624557094414392e+01
  1032  -4.3598745157866498e-01   4.5806920409165159e+01
  1033  -2.2028440237574309e-01  -4.3045456488457496e+01
  1034  -2.4152734924053267e+00   4.4791571523694095e+01
  1035   5.7441818337217088e-01  -4.5771898354044147e+01
  1036   1.1335789005693830e+00  -4.6624175733677966e+01
  1037  -2.0922042645600354e+00  -4.6372364783040432e+01
  1038   4.7174089829007011e+00  -4.4960593466705916e+01
  1039   3.5926928101181484e-02  -4.5822864268267971e+01
  1040   2.4337796794499345e-01  -4.4256491083459117e+01
  1041   1.9729683665496103e+00   4.5829116798775431e+01
  1042   1.8262508669486759e+00  -4.5419821391523207e+01
  1043   4.0149851863184199e-01  -4.6886521119754327e+01
  1044   1.2763363924365796e+00  -4.5926900594364852e+01
  1045   6.2523561884819356e-01  -4.6034186639567984e+01
  1046   3.5989841177180497e+00   4.3930352270432564e+01
  1047  -5.1384864326919599e+00  -4.6593395911783666e+01
  1048  -4.3381500746591767e-01   4.4624248212673088e+01
  1049   1.3713557894120521e+00  -4.6362270336205455e+01
  1050  -6.8892392635496669e-01   4.3916468525115683e+01
  1051  -3.7541278125660740e+00   4.6224829222879336e+01
  1052  -2.9579720791377579e+00   4.7777757602216958e+01
  1053   3.9253710995792135e+00   4.4090223557877017e+01
  1054  -1.6094604697450601e+00   4.5919504924332038e+01
  1055   1.6989227449882875e+00  -4.6340798104594498e+01
  1056   8.7176127262072045e-01  -4.7073836915072533e+01
  1057   1.5901302911128106e+00   4.4839079719477695e+01
  1058   1.6872974388111488e+00   4.5481305975938334e+01
  1059   1.9028847965580664e+00   4.7113179869905302e+01
  1060  -1.3312720064862451e+00   4.4953121405254386e+01
  1061   2.6052766981456449e-01   4.5771040301003893e+01
  1062  -2.2896444680343859e+00   4.5933283581632118e+01
  1063  -4.9566128037862095e-01   4.7193863481436352e+01
  1064   9.6720604047039693e-01  -4.7455617183126776e+01
  1065  -1.8342664293539117e+00   4.6003242664003338e+01
  1066  -2.4243921332209526e+00   4.6057284588385855e+01
  1067   2.7731065942121189e+00  -4.5376018166564492e+01
  1068  -2.1888395319254346e+00  -4.5294836345172712e+01
  1069  -1.4653674850379574e+00   4.6060795824358749e+01
  1070  -3.1620720366642624e-01   4.8109815152246163e+01
  1071  -1.4702692457820528e+00   4.7406360125331759e+01
  1072   1.4770343765817497e+00   4.7337665486531058e+01
  1073  -1.7344645624398185e+00   4.7391430376285030e+01
  1074   1.2818790178362347e+00   4.7520898213424225e+01
  1075   2.1458202685666503e+00   4.7332000011686503e+01
  1076  -2.0597494531236608e-02   4.5574860424371956e+01
  1077  -1.2788059710912196e+00  -4.5804107362699249e+01
  1078  -8.3858138538459159e-01  -4.8016273870733642e+01
  1079  -1.7659064470320958e+00  -4.8634745914185061e+01
  1080   2.3914159532940418e+00  -4.5995099813483925e+01
  1081  -4.5475019328882196e+00  -4.6486699013160766e+01
  1082   1.8877780443083527e+00   4.5978478126225966e+01
  1083   1.5041687215622277e+00  -4.7315534622669787e+01
  1084   5.5734279638372586e-01   4.7162096863632051e+01
  1085   2.1996324814512538e-01   4.6506582791656911e+01
  1086   1.2556650559259674e+00   4.7574633993894565e+01
  1087   3.7427248600008949e-02  -4.7768069700729754e+01
  1088   4.3770431249231273e-01   4.4339693606963728e+01
  1089  -1.1289509483261775e+00   4.7567885019442947e+01
  1090  -9.0467546339394167e-01  -4.6570343891912124e+01
  1091  -2.0957098155985170e+00  -4.7662111020908000e+01
  1092   8.1782630255832023e-01   4.3821839472217569e+01
  1093   2.9697297065006645e-01   4.6839779124774331e+01
  1094   1.1938946985362247e+00   4.8179418617208007e+01
  1095  -7.8019739747704930e-01   4.6918217157129966e+01
  1096   3.4678065201435451e+00   4.5777717619696645e+01
  1097  -1.2837078068454921e+00  -4.6028088169683407e+01
  1098   2.0895778161419520e+00  -4.7321191757082289e+01
  1099   2.8194307547062021e+00  -4.5268082543256966e+01
  1100   9.4189340596680157e-03  -4.5520162710387311e+01
  1101  -3.6628312501529194e+00   4.6700922313610675e+01
  1102  -4.5943264733937204e+00   4.8303659228028955e+01
  1103  -1.1918663872313087e+00  -4.6453197943322913e+01
  1104  -8.5160683212819305e-02  -4.6005887450393814e+01
  1105  -1.2356486727371838e+00  -4.6965659453208438e+01
  1106  -2.1921146647327827e-01  -4.7760104660530075e+01
  1107   2.2112339691192702e+00  -4.8016697252172008e+01
  1108   1.2513386722409141e+00  -4.7810691206751841e+01
  1109   7.1248624788831871e-01   4.6109041478129747e+01
  1110   3.6801286862118561e+00   4.7459144825260140e+01
  1111  -2.0310748164387418e-01  -4.5919147566405627e+01
  1112   1.7953856608178856e-01  -4.7501880939908411e+01
  1113   5.5455519065948511e-01  -4.7250525148891420e+01
  1114   7.5104009641746339e-01  -4.7219191175712005e+01
  1115  -7.4319422627067333e-01   4.7364493313738500e+01
  1116  -1.6498795410216323e+00   4.7950961839468363e+01
  1117  -2.3028009699704661e+00  -4.7742314666656412e+01
  1118   1.4239617669054629e+00  -4.8076992571805938e+01
  1119  -8.3776554793893077e-01  -4.6133924162284785e+01
  1120   6.7469831649520695e-01   4.7095233793793923e+01
  1121  -4.6829413696314981e-01   4.7371852579342189e+01
  1122   1.9147057737681321e+00  -4.7584596541191893e+01
  1123  -1.3918395114799471e+00  -4.8980412223555824e+01
  1124  -8.6859589160917672e-01  -4.8878538603816068e+01
  1125   3.8358185703917362e+00  -4.7532130962165290e+01
  1126   4.6715033857061838e-01   4.5731867646207810e+01
  1127   1.3542348074453727e+00   4.6212221334369680e+01
  1128  -2.6350923982284002e+00   4.7000198206721869e+01
  1129  -4.5311152880360805e-01  -4.9021929790616376e+01
  1130   6.5756816770123727e-01   4.9769966999498138e+01
  1131  -2.2386149831456556e-01   4.8126843124857558e+01
  1132  -4.0219730384700636e-01  -4.7034393966651976e+01
  1133  -3.0637339188328827e+00  -4.7275224671080288e+01
  1134   2.2961123946681625e+00   4.6973381057032917e+01
  1135   2.2557456548346293e+00   4.5701375650149792e+01
  1136  -5.1116934277192050e-02  -4.7320858900038409e+01
  1137   2.4291901551035502e+00  -4.7474240212164084e+01
  1138   1.6441200201148591e+00  -4.7365842969292586e+01
  1139   8.1204648613836561e-01   4.7914165509698151e+01
  1140  -1.6338084589653290e-01   4.8515690258389967e+01
  1141  -6.6655217727761951e-02  -4.8792246122568258e+01
  1142  -2.7032585967533791e+00  -4.7487643866597551e+01
  1143  -2.0666455783964497e+00   4.7519509823378193e+01
  1144   3.4324411757004438e+00   4.9088077941682634e+01
  1145   1.8630296091687477e+00   4.7512024888159800e+01
  1146   1.8594123928277699e+00   4.7194220341063236e+01
  1147   4.8984171178506282e+00  -4.8885965735952233e+01
  1148  -4.9652088762295982e-01  -4.8727556023315124e+01
  1149  -1.4076312428555313e-02  -4.8750535318657278e+01
  1150   2.1415226865334311e+00   4.8541404486596633e+01
  1151   1.4528153754472897e-01   4.8507415745206174e+01
  1152   2.8784362094613369e+00  -4.6659223218605170e+01
  1153   1.4180737252809370e+00   4.7823457481744484e+01
  1154  -1.0778207834020832e+00   4.9260589419955281e+01
  1155   1.3610769573537311e+00   4.6511777494332776e+01
  1156   3.2475336042191287e+00  -4.7299164159689788e+01
  1157   1.3921741591515517e+00  -4.7715993956056188e+01
  1158  -7.0241942410656510e-01  -4.8401332267261459e+01
  1159   1.1865954379177386e+00   4.8720961485840682e+01
  1160   2.1383902064228133e+00   4.9465465418297988e+01
  1161  -4.1317021121731218e-02   4.8057016057958705e+01
  1162   8.5131184670441340e-02   4.6751249073956153e+01
  1163  -1.7010462939103050e+00  -4.8289847415773004e+01
  1164   4.5648533357021801e+00   4.8754836041415679e+01
  1165   8.2094440957994896e-01   4.8781250231928325e+01
  1166   8.0242875221578969e-02  -5.1498569119215269e+01
  1167   3.1383117970290419e-01   4.7832364619959947e+01
  1168  -2.1586862372617484e+00   4.6689840053145147e+01
  1169  -4.1348571586209436e-02   4.8375351340365505e+01
  1170   4.1896025365891596e+00   4.7731303992954167e+01
  1171  -2.5300023673038861e+00  -4.7232034522099191e+01
  1172  -1.4550686463363460e-01  -4.7330829351097215e+01
  1173   3.3566340710950446e+00   4.8978203431674217e+01
  1174   1.5769633553351388e+00   4.6977723550785903e+01
  1175   4.2844775620623521e-01   4.8124625292843298e+01
  1176   3.5447070573169071e+00   4.8834297893695187e+01
  1177   2.7429779559000549e+00   4.9682562236457045e+01
  1178   1.8000850428057369e+00   4.7866091382177025e+01
  1179  -1.8583591154140391e+00  -4.7166189350663011e+01
  1180   2.1729320713691611e+00   4.9147801070547970e+01
  1181   3.3763839779246210e+00   4.8602598247217379e+01
  1182  -2.9633053898895905e+00  -4.8278487491710727e+01
  1183   1.1917032400403806e+00  -4.8633396189308840e+01
  1184   3.7927290851154654e+00   4.9177652891804335e+01
  1185  -9.7289323554049612e-01  -4.9235298492347120e+01
  1186   9.9972463611146933e-01   4.9117551291317284e+01
  1187  -2.9116038549328236e+00   4.7288809049049881e+01
  1188   5.9889393808172708e-01   4.8796922391695624e+01
  1189   3.2661768598318854e+00  -4.9242554739572149e+01
  1190   3.4403044147480011e+00  -4.9256897849053068e+01
  1191   1.8110460683898983e+00  -4.7389567740777842e+01
  1192   7.5011798938039287e-01  -4.8087863588821172e+01
  1193  -4.8095795504394614e+00   4.8456148742831836e+01
  1194   1.1114768974379945e+00   4.8500641918924551e+01
  1195  -2.9300181462356467e+00  -4.9636268772594235e+01
  1196   2.3793505666865175e-01   4.9048770519653715e+01
  1197  -2.0598669305941169e+00  -5.0541333716869886e+01
  1198   1.2523362778095521e+00   4.9082263145879914e+01
  1199  -2.5855160546800366e+00  -4.9887952613187714e+01
  1200   1.3616448723159029e+00   4.9590948733956196e+01
  1201   4.9461754237223082e-01  -4.9867159913929655e+01
  1202  -4.9248068076731455e-01  -4.7445597510989252e+01
  1203   2.2926463552083192e+00   4.8356776850811222e+01
  1204  -2.1312761946105123e+00   5.0381502183486802e+01
  1205   1.5141898304481001e+00  -4.7945063274060075e+01
  1206  -7.3907967620034198e-01  -4.8952245488641005e+01
  1207   3.8234727710072169e-01   4.9246133709465724e+01
  1208   6.3997480896781311e-01   4.9020959234451901e+01
  1209  -6.5281349203368866e-01   4.9544373473175575e+01
  1210  -1.0260310288917971e+00  -4.8836862200280002e+01
  1211  -2.2215354944733159e+00  -4.9331031472879239e+01
  1212   3.6812672590785751e+00   4.9362970904213661e+01
  1213  -1.7056057710606154e+00  -5.0645530405071561e+01
  1214   2.2443271611041884e+00   4.8572913368817126e+01
  1215  -1.3922638267176826e+00  -4.8499727392507502e+01
  1216   2.0073841874511054e+00  -5.0309086260255931e+01
  1217  -3.8028862031449080e+00  -4.7715789185790570e+01
  1218   1.6855123720906504e+00   4.8034866251746713e+01
  1219   3.4202488238426820e+00   4.8647200390352012e+01
  1220  -1.3059724242888495e+00  -4.8903289770536254e+01
  1221   3.5155822218604182e+00  -5.0335532827599586e+01
  1222   8.1373043744410345e-01  -4.5741953205310928e+01
  1223   9.2447843900896409e-01  -4.9270244327225711e+01
  1224  -3.2157366126560621e-01  -4.8733898960557148e+01
  1225   3.6115094609897338e+00   4.8820767116294903e+01
  1226   3.7275590059327572e+00  -4.9996586044568517e+01
  1227  -8.6408088765929980e-01   5.0579418132126918e+01
  1228   8.1390452489519011e-02  -4.7440034208042604e+01
  1229   1.2641681903208113e+00  -5.1253583995729322e+01
  1230   3.5372161485466092e-01  -4.9710343911550225e+01
  1231  -2.5055845076501120e+00  -4.9291167658597658e+01
  1232   2.6703913719451894e-01   4.9677429892738886e+01
  1233   6.2050218227074772e-01  -4.8178511122444228e+01
  1234  -2.5376653341396453e+00  -4.8393880111509418e+01
  1235  -3.0566540189721398e+00   5.0131259536225706e+01
  1236   2.3113583140165157e+00   5.1673269265278229e+01
  1237   1.0760833895373469e+00  -4.8696030773654641e+01
  1238  -4.9169592408679321e+00   5.0117226590595862e+01
  1239   1.8662435611093646e+00  -4.9346441237906454e+01
  1240   1.5903736199796012e+00   5.1615231925080444e+01
  1241  -2.9526158732029435e+00   4.9811338580674473e+01
  1242  -7.2232046955352969e-01   5.1387702716836408e+01
  1243  -1.9782076481661526e+00  -4.9226815902778625e+01
  1244  -3.6451609022615021e+00  -5.1044864921087111e+01
  1245  -1.3867152091937767e+00  -4.9159624295074622e+01
  1246   1.9259614603158575e+00  -5.0133400780023713e+01
  1247  -1.9018273452962580e+00   5.1425980933357721e+01
  1248   2.3029885582916334e+00   5.1403313841776011e+01
  1249   8.5665408380353825e-01  -5.1275132742047504e+01
  1250   1.6535818968707319e+00  -4.8829704996036952e+01
  1251  -8.2188915496205051e-01   5.0124851403262191e+01
  1252  -1.3188618872705535e+00  -5.0211617453477324e+01
  1253  -1.2620547725787268e+00  -5.0657706515880584e+01
  1254  -2.0190686918472434e+00  -5.0930766735607584e+01
  1255  -2.3755334583156777e+00  -4.9981151995175267e+01
  1256  -2.4966690217457685e+00   5.0509683066076605e+01
  1257  -7.6225651201971134e-01   5.1340378231935418e+01
  1258  -3.3189454261765361e-01   5.0009900470807693e+01
  1259   9.4928911770796909e-01   4.9221915725691254e+01
  1260   1.3098675503262198e+00  -4.9302919602892530e+01
  1261   1.8164937345687637e+00  -5.0397554765763488e+01
  1262  -1.7383783223523461e+00   5.0501915196642656e+01
  1263   5.7680569162474304e-01  -5.0819320126622202e+01
  1264   1.7984242208691505e+00   5.0004337555730665e+01
  1265  -8.4575339511249314e-01   4.8500023141751512e+01
  1266   1.5991099561681970e+00  -5.0143219269031746e+01
  1267   2.6460215600016261e+00   5.0279266324577577e+01
  1268  -5.8431434493503753e-01  -5.1188279848267797e+01
  1269   1.0362691728796365e+00  -5.0107041492332861e+01
  1270   1.8304835968428952e+00   5.0766019298947022e+01
  1271  -1.2852331966807062e-01   4.9353361065453335e+01
  1272   9.4664907978803026e-01   5.1173498951726046e+01
  1273   1.1286717350443720e+00   5.0180829097331213e+01
  1274   1.3696910928182098e+00  -4.9108540977270486e+01
  1275   9.8345876150260136e-01   5.0519322551840844e+01
  1276  -1.5961169283382681e+00   5.1442584081382797e+01
  1277  -1.0720786208676323e+00   5.1834170255249070e+01
  1278   1.6993942420512043e+00  -4.9524144045469036e+01
  1279   3.8305467942244831e+00  -4.8789622183889811e+01
  1280   5.7801095464496011e-01  -5.0990157739558995e+01
  1281   4.0720553810330662e+00  -5.1875398201055560e+01
  1282   1.9323362776623378e+00  -5.0688325379580100e+01
  1283  -1.6803567669491741e+00   4.9096366030010138e+01
  1284  -4.9101815563545799e+00   4.9622438775727460e+01
  1285  -7.7217422630340471e-01   4.9860109341692791e+01
  1286   3.6623319637253665e-01  -5.0640891002223022e+01
  1287  -1.7449762116736416e+00   4.9566362155129084e+01
  1288   5.6433235048769748e-01  -5.0283422582443599e+01
  1289  -1.1929706882806563e+00   5.1308880300896483e+01
  1290  -2.8629647395326798e+00  -5.1995961844006203e+01
  1291   1.4356768182235375e+00   5.0920930524394933e+01
  1292  -2.7440072232912889e+00  -4.9676758975698299e+01
  1293  -2.6584673538343586e+00  -4.9994909865767518e+01
  1294   2.0927784288287983e+00  -4.9626122907393452e+01
  1295  -2.4541876816557004e+00  -5.1089047178555099e+01
  1296   1.6939373482120551e-01   4.9883544630894846e+01
  1297  -1.9039145801246396e-01  -5.0967649782876947e+01
  1298  -1.2681325432545152e+00  -4.9368499651748365e+01
  1299   2.3691779229811520e+00   5.1885212537911045e+01
  1300   1.9315942281521350e+00  -5.0168713383417249e+01
  1301   2.3565694171817362e+00  -5.1521647220276485e+01
  1302  -7.4574697390420552e-01   5.0331569801991044e+01
  1303   1.4835207218671167e+00  -5.1073333044969765e+01
  1304  -3.3955611361394298e+00   5.0028088618472808e+01
  1305  -7.4321574372993393e-01  -5.0530032127396240e+01
  1306  -3.8260966413123970e-01   5.2183277231619797e+01
  1307   4.1088277575858321e+00  -5.1166939345245517e+01
  1308   3.9429548658311542e-01  -5.1176666534958812e+01
  1309   1.0541325846305900e+00  -5.1724245068612149e+01
  1310   2.9593888700914701e+00   5.1707693836063633e+01
  1311   1.3374902329479919e+00  -5.4427211079640308e+01
  1312   1.0813866808575818e+00   5.1334697212648926e+01
  1313   1.5571663851421431e+00   5.1758314185444554e+01
  1314   3.9127623023267937e+00  -5.1623134445147208e+01
  1315  -7.9036714137069441e-01  -5.1687486977813869e+01
  1316   2.4941688017283611e-01  -5.1691936021565915e+01
  1317   5.6860074926330395e-01   5.2535048125081182e+01
  1318  -6.5066289363470975e-02  -4.9840596715075129e+01
  1319  -7.6670361730016268e-01  -5.1182849830005757e+01
  1320  -5.9847933598497072e-01  -5.1068294877919570e+01
  1321   4.2745146268209560e+00  -5.4501246230804888e+01
  1322   1.4441067601391575e+00   5.0671809606486839e+01
  1323   4.5496989517336415e+00   5.0531968501691800e+01
  1324   1.4353281505174220e+00   5.1655226668736510e+01
  1325  -2.4379895037113437e+00  -5.2533666573539783e+01
  1326   5.6432299619526782e-01   5.1796734968045378e+01
  1327  -1.8107377017036215e+00   5.1984606488578322e+01
  1328  -3.6371069244014387e+00   5.0740816603450568e+01
  1329   2.2845701143274315e+00   5.0775809387106818e+01
  1330  -1.6685878171227984e+00  -5.1450590085997611e+01
  1331  -4.0033568532853492e+00   5.0408037327065109e+01
  1332  -3.4271111171588091e-02   5.2212611055833456e+01
  1333  -5.4970926218937510e-01  -4.9522650840098258e+01
  1334   5.1672197412301402e-01   5.0088501367141902e+01
  1335   7.4616332132046814e-01  -5.0862642753037122e+01
  1336   1.3347233778085319e+00  -5.2406652297930570e+01
  1337  -1.0070817385043023e+00   5.2605849614257536e+01
  1338   1.6415409557352101e+00  -5.3166015349900903e+01
  1339  -1.6913020042170561e+00  -5.0868224647879849e+01
  1340  -8.0010965779120302e-01   5.1966176362332085e+01
  1341  -5.6301591794914019e-01   5.0709871954447571e+01
  1342   2.1486431699568582e+00  -5.2892402966677317e+01
  1343   1.7598462489243460e+00  -5.0820980012622471e+01
  1344  -1.4745827061145944e+00   5.0525002596371699e+01
  1345  -2.6798709242750713e+00   5.3377283874834561e+01
  1346  -7.7937565614432314e-01   5.1067019669614346e+01
  1347  -1.0012660904667077e+00  -5.1542220168926399e+01
  1348   1.5299514187254721e+00  -5.3079688554295110e+01
  1349   2.1095180917106000e+00   5.1613101026320493e+01
  1350   5.0288374602829450e-02  -5.1425131162035846e+01
  1351   4.8001062788121945e-01   5.1543223348353344e+01
  1352  -1.1832962065954176e+00   5.1946368848761828e+01
  1353   1.1483644580681400e+00  -5.1275109189320624e+01
  1354   2.9331981603062141e+00   5.2638447654376435e+01
  1355   2.3347040116338840e+00  -5.3126748276642779e+01
  1356   3.3867000186410916e-02   5.1187621968909134e+01
  1357   2.2594064216970500e+00  -5.2660018111167922e+01
  1358  -3.8747421308636598e+00   5.0084963599199220e+01
  1359  -1.0312832269068968e+00  -5.2357954170383856e+01
  1360  -8.4963756746634900e-01   5.2771298881595506e+01
  1361  -2.1172243881418380e+00   5.1082155447261933e+01
  1362   1.2063506319930368e+00  -5.1578939621061650e+01
  1363   2.1435537701285287e-01  -5.2017847566413820e+01
  1364  -3.0718839671203049e+00   5.1630523510707761e+01
  1365   6.0307638838589028e-01   5.1309515815271482e+01
  1366  -8.5805749604130988e-01   5.1155159157236760e+01
  1367   5.3011276809161618e+00   5.1926165342366417e+01
  1368  -1.7498538149194096e+00  -5.1228049166664874e+01
  1369  -6.2347935823510738e+00  -5.4736731711015558e+01
  1370   2.5223348217373371e+00   5.1922005191442835e+01
  1371  -1.6471844389559001e+00   5.2800424643099284e+01
  1372   8.1398288806519803e-01   5.2367044048021313e+01
  1373  -5.6710040991424737e-01   5.1984480701635000e+01
  1374   1.1706718249351706e+00  -5.1512251339591657e+01
  1375   2.3400050770025818e+00   5.1970933150749097e+01
  1376   1.1870313534517050e+00  -5.2877346385208511e+01
  1377  -3.1095354657899188e+00  -5.3198790405710554e+01
  1378  -1.2466181574760222e+00  -5.3136093607176356e+01
  1379   6.0763976347777868e+00   5.3070871013239078e+01
  1380  -3.9752881283668819e+00  -5.4316928938606914e+01
  1381   7.8414724036042216e-01  -5.3395700879887023e+01
  1382  -1.6446272301982459e+00   5.2372074169281014e+01
  1383  -7.6766873476756514e-01  -5.2714189727902422e+01
  1384  -1.5907742710088530e+00  -5.3847774432492542e+01
  1385  -1.3284540026712197e-01   5.1637711519728306e+01
  1386  -3.4639821718415342e-02   5.3919827933901566e+01
  1387  -1.1154082721887557e+00  -5.2434414255639197e+01
  1388   9.2586222986343092e-01   5.1912424140020143e+01
  1389   3.8550309210378875e-01  -5.2906880803141000e+01
  1390   2.8789944180637819e+00  -5.3183687871245510e+01
  1391  -3.0608595873808815e+00   5.3047513906612060e+01
  1392   2.1774818763778949e+00   5.3710225156080838e+01
  1393  -1.4982366536348857e+00  -5.4055864417736949e+01
  1394   1.7789095582198364e+00  -5.3571672287009264e+01
  1395   1.9520945152352700e+00   5.3931709616978921e+01
  1396   2.5877546767271440e+00   5.3185988732730017e+01
  1397   5.0814145532816424e+00  -5.2819511068300692e+01
  1398  -1.4290578334252990e+00  -5.0673443035261826e+01
  1399  -6.6119900329667269e-01  -5.4019179368501987e+01
  1400  -1.9761293966834756e-01   5.2296452279281041e+01
  1401   1.6372959103505786e+00   5.4239121797740573e+01
  1402  -5.7735277444074318e-01  -5.2920384351950773e+01
  1403   1.3998415405038525e+00  -5.2402243975945673e+01
  1404  -4.8212097805301685e-01   5.2801474628112871e+01
  1405   1.7900970991112316e-03  -5.4264835690119483e+01
  1406   2.5133455191509566e+00   5.4029382403783138e+01
  1407   1.7051682534964896e+00  -5.3878141449611419e+01
  1408   8.9068416858975630e-01   5.3686513550452247e+01
  1409  -5.7016688401209026e-01   5.1747195722661004e+01
  1410  -1.6756660442254627e+00  -5.3996219724464858e+01
  1411  -1.6565639261989826e-01   5.3282564711190190e+01
  1412   1.3208455740237490e+00  -5.4109823714665495e+01
  1413   1.0688891798575679e+00   5.3538060911814810e+01
  1414  -8.2538786214464566e-01  -5.3750458787871445e+01
  1415  -7.0866015963490347e-01   5.2615497930008800e+01
  1416   3.1071249051633143e+00   5.2682429864555047e+01
  1417   1.4601390653656823e+00   5.2067160000128204e+01
  1418  -6.4950437112560253e-02  -5.3397598478388630e+01
  1419   2.3216818144190404e-01  -5.2339075845779298e+01
  1420   4.0932927489575590e+00  -5.4553670443382408e+01
  1421  -2.4945139764734239e+00   5.2801947466610315e+01
  1422   3.2409935996882258e+00   5.3762759790772371e+01
  1423  -1.7502928534775870e+00   5.4282720159605226e+01
  1424   1.2899024219329929e+00  -5.3558495469355123e+01
  1425  -1.8306574521585857e+00   5.3111529803574093e+01
  1426   7.8184924763534269e-01   5.2737755717838105e+01
  1427   1.6307009952711611e+00  -5.3096040961185899e+01
  1428   3.4549843037488412e-02  -5.1690819378311595e+01
  1429   1.8199285418532547e+00   5.2933754405347905e+01
  1430   2.0495374154873334e+00  -5.1623043477055717e+01
  1431   1.8887187364044551e+00  -5.3649867677387718e+01
  1432   6.2248229634619223e-01   5.4461442398372995e+01
  1433   9.9619987023532175e-01  -5.3256517981731612e+01
  1434  -2.4913064344806743e+00  -5.4996515065046147e+01
  1435  -2.7364957824960561e+00   5.3296201195737247e+01
  1436   1.4147830513648818e+00  -5.3516061631966650e+01
  1437   4.7627160184214414e+00   5.4197453749236836e+01
  1438  -2.8583108508169630e-01  -5.3808333285133834e+01
  1439   3.3123517229586836e+00  -5.3803674804731997e+01
  1440  -1.2556479149129454e+00  -5.2478768964478974e+01
  1441   2.6958768438669228e-01   5.3828019831852423e+01
  1442  -3.4072993718886391e-02  -5.3955818104667216e+01
  1443   7.1444241122654861e-01   5.4098824940145136e+01
  1444  -1.3721441701387591e+00  -5.2648848908691811e+01
  1445   2.6027698631378132e-01  -5.2611182308171962e+01
  1446  -3.0707038032855332e+00   5.3867567477632385e+01
  1447   2.3764542089529765e+00   5.4282392175559650e+01
  1448  -1.2479717016100167e+00  -5.4060609393461739e+01
  1449   2.0901208171391072e-01   5.2105107549368689e+01
  1450   1.7074595479911645e+00   5.3506560585791519e+01
  1451  -2.8050858368865010e+00  -5.3450591495086371e+01
  1452  -2.9034123513934872e-02  -5.3438407117768840e+01
  1453   1.0198890278433126e-01   5.2858203745347012e+01
  1454   6.8847974586021099e-01   5.4603807614867826e+01
  1455  -2.0096968637344785e+00  -5.4399382320572620e+01
  1456  -9.5135373091042097e-01  -5.2960009866851500e+01
  1457   2.4504728626682288e+00  -5.2990604183259777e+01
  1458  -6.8802563417267559e-01  -5.4465558675794021e+01
  1459  -6.2889353754691713e-01  -5.2516498966527315e+01
  1460  -3.2598538247692443e-01  -5.6277284352643726e+01
  1461  -2.0546995755204609e+00   5.5596557201000529e+01
  1462   5.5749203014566251e-01   5.4057191900269444e+01
  1463  -1.0374432303600016e+00   5.2092324543062304e+01
  1464  -1.0960715210988017e+00   5.4831782492026882e+01
  1465  -2.7017969705266691e+00  -5.4228386027182189e+01
  1466  -3.6492016628938115e+00   5.3110447616311603e+01
  1467  -2.0080989125140043e+00  -5.3997530979397084e+01
  1468  -1.5549238973930941e+00   5.3727067658475825e+01
  1469   8.5697617324427355e-01   5.3845730928676140e+01
  1470  -2.9030852537054543e+00  -5.4614432968247705e+01
  1471  -2.7316723949396642e+00  -5.4720222361674885e+01
  1472  -1.2948158402574961e+00   5.4028388183398889e+01
  1473   8.5974713678814485e-01   5.4417818131042722e+01
  1474  -2.0346536713058931e+00   5.6227625596018854e+01
  1475  -2.2229156015403015e+00   5.4549067430197468e+01
  1476   4.3812042144654937e+00  -5.4636380960395506e+01
  1477   5.4256574384558087e-01   5.3537174401295538e+01
  1478  -2.3897601078719627e-01   5.3074528835659663e+01
  1479   2.8296907743139568e+00  -5.3733953888421325e+01
  1480  -4.2076976731992444e+00   5.5239717384105283e+01
  1481  -1.7468460547273064e+00  -5.3173520377848845e+01
  1482   2.9650029074916429e-01  -5.4023115774240161e+01
  1483  -1.5243924738830272e+00   5.5315846754765253e+01
  1484  -1.6882110528839736e+00   5.5775016317878730e+01
  1485  -2.2332371889651643e+00  -5.5121599021926251e+01
  1486   2.3753285050490258e-01   5.5065423374613651e+01
  1487  -8.6579849544661691e-01   5.4328537175295537e+01
  1488   2.1541264367817528e-01   5.5170806116528922e+01
  1489  -3.7196124116661755e-01   5.5196285640860388e+01
  1490  -1.3345141672378382e+00   5.4059210190338803e+01
  1491  -5.5858756925568787e-01  -5.3488908924469904e+01
  1492  -1.6941489748557950e+00   5.4259824949695272e+01
  1493   1.4172430819383879e+00  -5.4238857499055747e+01
  1494   1.0119168395836060e+00   5.4521013301297700e+01
  1495  -5.2656428017140622e-01  -5.5087515674166227e+01
  1496  -7.4350026530881563e-01   5.4153079176689538e+01
  1497  -2.1638968997562510e-01  -5.6815093908832580e+01
  1498   1.2555634566176097e+00   5.5267484601171446e+01
  1499   4.5451405009824795e+00  -5.5399672767946868e+01
  1500   1.1053569767568403e+00   5.5887033522012096e+01
  1501   9.4802696294231958e-01   5.5618315779248512e+01
  1502   3.0201359257468106e+00  -5.5436649899267309e+01
  1503   1.1056968921996451e+00  -5.4521523850204019e+01
  1504  -2.4022290897698180e+00  -5.4629992135212383e+01
  1505  -9.7423142003835494e-01  -5.4848905633990888e+01
  1506   2.7747658227634586e-01   5.4529558459885536e+01
  1507  -3.0256562176689652e+00   5.4676486580691737e+01
  1508   1.5623444948652554e+00  -5.5247731336770585e+01
  1509  -2.1486742017776993e-03   5.6526661050537470e+01
  1510  -2.8716491821079058e+00  -5.5085362428760980e+01
  1511   4.9035469296776411e+00  -5.4390351150695864e+01
  1512  -4.5994581022310105e-01   5.4249626992175187e+01
  1513   1.6500957516786898e+00   5.5310082412096975e+01
  1514   2.4952507775729615e+00  -5.4018478713531394e+01
  1515   4.4729460416573036e-01   5.4088675397439999e+01
  1516   6.0159419352727628e-01  -5.4534478572923398e+01
  1517  -1.1241083572696775e+00   5.4330030438910171e+01
  1518  -4.6670737188164617e+00  -5.5144885684259009e+01
  1519   7.6705187231999927e-01  -5.5973550209150758e+01
  1520   7.4234570177660519e-01   5.5368209954725387e+01
  1521   1.5825733317682855e+00  -5.6041375367047173e+01
  1522  -2.4817893198872421e-01  -5.6015163442366678e+01
  1523   2.9468858867632970e+00   5.5207246402676894e+01
  1524  -1.6654882821173622e+00   5.4248625007875674e+01
  1525  -3.3103292602416690e-01  -5.4888827142024063e+01
  1526  -1.6042877850251376e+00  -5.4674242809069831e+01
  1527   2.9351370661331581e-02  -5.5900115667644307e+01
  1528   6.9336526419346689e-01  -5.7109166970939114e+01
  1529  -1.4864863896902814e+00  -5.6989306382926010e+01
  1530   1.9887669268861891e-02   5.4820567874611008e+01
  1531   2.2563769214357543e+00  -5.6949709910601690e+01
  1532  -1.2130244139634632e+00   5.4869100088817063e+01
  1533   5.8471288313154446e-01   5.6081566161597813e+01
  1534  -7.4311745512526595e-01  -5.5636656602373954e+01
  1535  -2.5597358576871363e+00   5.4431862407995624e+01
  1536  -4.1447010372161941e+00  -5.6436113800337743e+01
  1537  -2.2911989473774277e+00  -5.4229060836344431e+01
  1538   1.2550592068837174e+00   5.5972074353176097e+01
  1539   4.0600875863097607e-01  -5.5306659248104452e+01
  1540   1.0097499933836673e+00  -5.5482422216207567e+01
  1541  -2.6038970223593840e+00   5.7044790398899217e+01
  1542  -6.5600239110435226e+00   5.5604214552017517e+01
  1543   2.8178290967736528e+00  -5.4472235015183607e+01
  1544  -2.9032415005633139e+00   5.4997460827870377e+01
  1545  -3.7017053558941342e+00  -5.5219619475233792e+01
  1546  -7.3653896662345542e-01  -5.6323756120489918e+01
  1547  -1.9688469870332577e+00   5.6808314064590320e+01
  1548   4.6580124519517557e-01  -5.6651024474594706e+01
  1549  -2.6549022859094102e+00   5.5602164096156912e+01
  1550  -6.5033806647548631e-01   5.5519552468129199e+01
  1551   1.6232757100931502e-01  -5.5074704498250689e+01
  1552  -2.8419662273187640e+00   5.5359285779147726e+01
  1553   1.7391595010791381e+00   5.5497094502999900e+01
  1554   2.7128870317281488e+00  -5.5283323237337925e+01
  1555   2.5099665590489160e+00   5.5730882018366223e+01
  1556  -4.8158874976477839e-01   5.5696101002189302e+01
  1557   1.5647124549758276e+00  -5.6548499030904154e+01
  1558  -6.3949380623007324e-01   5.6281174800730753e+01
  1559   5.4333451974108660e-02  -5.4933107404906174e+01
  1560  -2.2796783590161471e+00   5.6682755561098034e+01
  1561  -2.9544373388816358e-01  -5.5889041813388175e+01
  1562  -1.1347262015588093e+00  -5.6284528703744137e+01
  1563   9.0753661794358687e-01   5.4600953294796383e+01
  1564   5.7255792045707343e-01  -5.4933836034864541e+01
  1565  -3.9981849650269008e-01   5.5195223928554420e+01
  1566  -1.2395996744845104e+00  -5.4763020545985718e+01
  1567   1.5901520859906740e-01   5.6185479069318248e+01
  1568   5.6906715320106149e-01   5.4297629827625322e+01
  1569   8.1056429160865195e-01   5.4158739035807322e+01
  1570  -2.7913218213637672e+00  -5.6386688033526383e+01
  1571   2.3952355998629216e+00   5.4792777732474271e+01
  1572   7.5356626628839773e-01   5.4275170647677079e+01
  1573   1.8243182604648169e+00  -5.6860944852912013e+01
  1574  -9.6801536046460690e-02  -5.6656441977802835e+01
  1575   5.6959430926824305e-03  -5.6525076704255206e+01
  1576  -3.2039819670441005e+00  -5.5644368895622847e+01
  1577  -2.2507509561318519e+00  -5.7179038161960598e+01
  1578  -1.3147351476516846e+00   5.5911200840358241e+01
  1579   2.7811089162948455e-01   5.6503435856060811e+01
  1580  -4.1178430000572463e-01  -5.7445932833692446e+01
  1581  -1.3627143136759297e+00   5.5766833502127383e+01
  1582  -2.0023631194527436e+00  -5.7761176893319011e+01
  1583  -3.2681874780508817e+00  -5.5095901692832562e+01
  1584   1.7510410399213503e+00  -5.6962743982234628e+01
  1585  -1.2876013098675922e+00  -5.5601022150820526e+01
  1586  -5.1247657635750583e+00  -5.4504287477894152e+01
  1587  -8.9701515246560914e-01  -5.7574994588705266e+01
  1588  -5.1261446691784496e-01  -5.5578614475095449e+01
  1589   2.1169002062283528e+00   5.7098169100433765e+01
  1590  -5.9978545506755898e-01   5.5683146556817611e+01
  1591  -1.9400033561032706e+00  -5.5637672455245202e+01
  1592  -1.1532817153176096e+00   5.9156805776472673e+01
  1593  -1.0734157683701480e+00   5.6749736572342314e+01
  1594   2.1537346494299610e+00  -5.5729840420308065e+01
  1595  -7.3720735230483531e-02   5.7968437715458577e+01
  1596  -8.1937795075443010e-01   5.5557001158941233e+01
  1597   1.1209954286048223e+00   5.5129076617400528e+01
  1598  -1.8755627685608808e-01   5.6746137103511344e+01
  1599  -1.3542633970208915e+00   5.8095358991991269e+01
  1600  -2.6679703037254565e-01  -5.4174099677597674e+01
  1601   1.7124107930883519e+00  -5.7197747462703326e+01
  1602   1.8722711644497689e+00   5.8035881230549315e+01
  1603   9.1956219307544507e-01   5.6607394705024241e+01
  1604   8.3711207300581947e-01  -5.5882888289928658e+01
  1605  -5.1994344110789503e-01  -5.7244421728261266e+01
  1606   6.2141251697790922e-01   5.6124385478514363e+01
  1607   1.3580032440174934e+00   5.7228681997600184e+01
  1608  -2.3097750402815986e+00  -5.6331500261349944e+01
  1609   4.4380098854486105e-01  -5.7820623853742013e+01
  1610   1.1738321122693283e+00  -5.7594171318868646e+01
  1611   6.0378130268633012e-01  -5.6289675703245358e+01
  1612  -4.7461796106707277e-01   5.7608469216664254e+01
  1613   1.1084987177887133e+00  -5.6853617601089255e+01
  1614  -1.8569545458664103e+00   5.9236995406862867e+01
  1615  -6.5023525930645198e-01   5.5648237986808198e+01
  1616   1.0017930225658310e-01   5.7072698680250646e+01
  1617   3.3413186913813502e+00  -5.7408195921907812e+01
  1618  -2.0830098038944522e-01   5.6527756290396937e+01
  1619   4.1187062319095324e-01   5.5151811333519007e+01
  1620  -9.5841762068534009e-01  -5.6899210529609341e+01
  1621   4.9033737122136145e-01   5.7180144301044422e+01
  1622   3.7371128236428595e+00  -5.8519597754310396e+01
  1623  -9.7749245069029289e-01   5.8131774497913042e+01
  1624  -3.2284553065879923e-01  -5.6731914067473184e+01
  1625  -2.1549928340139601e+00   5.6861840557271350e+01
  1626   3.8048776297431741e-01  -5.6141209827212599e+01
  1627  -1.4551893465984942e+00   5.8047148247669206e+01
  1628  -1.8437156728763400e+00  -5.6214471216416904e+01
  1629   1.8388869933264935e+00  -5.6594850301367615e+01
  1630   1.0712020304822467e+00  -5.7061596797133745e+01
  1631   1.9025375070287665e+00   5.6359375642032724e+01
  1632  -1.2245468649744298e+00   5.8361460392464984e+01
  1633   4.2277278122681783e-01   5.6632868451070564e+01
  1634  -1.3386785043739522e+00   5.5122368651378594e+01
  1635   7.6719014897317039e-01   5.7549362321559606e+01
  1636  -9.3688102135940476e-01   5.7720625849985211e+01
  1637   8.7224097582817683e-01   5.7968426515495636e+01
  1638   1.2647643651742135e+00  -5.6586327981220855e+01
  1639   9.3806875999643091e-01  -5.7541549934768277e+01
  1640   2.3011295792901354e+00   5.8582688264085938e+01
  1641   9.6092614933951337e-01  -5.6775170414929875e+01
  1642   2.7339571225992403e+00   5.5891322484191015e+01
  1643  -1.2877965157634563e+00  -5.6773746821056157e+01
  1644  -7.9976589655468489e-01   5.7056017469069545e+01
  1645   2.2151735238380148e+00  -5.7506980409930705e+01
  1646   1.5750748379141419e+00  -5.7102783933597813e+01
  1647   2.2438607880125216e+00  -5.7709272369636253e+01
  1648   9.7625286346180062e-01  -5.8101989301023671e+01
  1649   5.2772179947951614e-01  -5.5183707175388633e+01
  1650   3.6573751563481527e-02   5.9412644405073301e+01
  1651   4.8505231798911765e+00   5.7747920366880130e+01
  1652   3.2639260756804624e+00  -5.7603074691622467e+01
  1653   7.0172789135417002e-01   5.8163918254126344e+01
  1654   7.7541391579671215e-02  -5.8488325484150018e+01
  1655   7.7305796724103248e-01  -5.5841548888888433e+01
  1656  -2.1607369819268061e+00   5.6817466225824340e+01
  1657  -1.9457075646885056e+00   5.8510720096312603e+01
  1658  -2.7903255354060152e-01  -5.7221491717355235e+01
  1659   1.6490279239063048e+00  -5.8266166203498472e+01
  1660   5.6973821597489338e-01   5.8612000462888972e+01
  1661  -2.1913336375672507e+00  -5.8621016542890359e+01
  1662  -1.0114937664647781e-01  -5.8691616012682644e+01
  1663   8.6442046649905824e-01   5.7735859919425991e+01
  1664  -3.9078020926104923e-01  -5.8426302360989354e+01
  1665   7.8159988274815251e-01   5.7808891849353166e+01
  1666  -1.0329750902142613e-01  -5.9844835067657463e+01
  1667  -5.4390727057676580e-01   5.7731572991102922e+01
  1668   1.2030440294104585e+00  -5.7245198133883541e+01
  1669  -1.6735118747332753e+00  -5.8405119436786613e+01
  1670   3.2718260605553864e+00   5.8387415514943051e+01
  1671   1.2604709822395841e+00  -5.6672503819940843e+01
  1672  -3.9934253307013606e-01  -5.6213850692612716e+01
  1673   5.2469327373917074e-01  -5.8812863257418584e+01
  1674  -2.9849465405023423e+00   5.8555682288909303e+01
  1675   1.8835471003822126e+00   5.7964031826136512e+01
  1676  -1.1182739427669850e+00   5.6343213592017250e+01
  1677  -1.3187145896346605e-01  -5.9340584366486169e+01
  1678  -1.5183464476971900e-02   5.7663712742847153e+01
  1679  -1.1133962852071335e+00   5.8607131473975983e+01
  1680  -2.6574338330595912e+00  -5.6881299401374328e+01
  1681  -4.4803182198568448e-01  -5.7856102942779856e+01
  1682  -1.7978740526473429e+00   5.6857272147097710e+01
  1683  -6.1994880181614143e-01  -5.8188678790276249e+01
  1684   7.9537270086119305e-01   5.8071004104329603e+01
  1685  -6.8840144456426033e-01  -5.7758397398696069e+01
  1686   4.4383624728836377e+00   5.8441676085462142e+01
  1687  -1.7461841111191774e+00   5.8156774897504398e+01
  1688   1.0916914397563968e+00  -5.7694287734421721e+01
  1689  -3.4400722115999088e-01   5.7837658090811445e+01
  1690   2.9485148247038508e+00  -5.7972557433360613e+01
  1691  -2.1343082203403316e+00   5.8642365890904578e+01
  1692   2.2606919284042770e+00  -5.7846204346540127e+01
  1693   8.7447202790165734e-01  -5.7604352754853167e+01
  1694  -5.2522191265753992e-01  -6.0101136203900118e+01
  1695   1.1799218897971222e+00   5.8294499309036439e+01
  1696  -5.3488385980478936e-01   5.6995480304523262e+01
  1697   1.7634342668522416e+00   5.7280993801271833e+01
  1698   1.2401504433999516e-01   5.8172770628868179e+01
  1699  -2.0400416918958677e+00  -5.8105366652942443e+01
  1700  -2.5238600497220209e-01  -5.6401622703789386e+01
  1701   9.3390044458536825e-01   5.9790825066384976e+01
  1702  -1.8382213364386606e-02  -5.8280763348213462e+01
  1703  -1.5682553645866353e+00  -5.9908357076611061e+01
  1704  -2.3932168669453695e+00   5.8183713996587080e+01
  1705   3.6916576167985093e+00  -5.6866214462178839e+01
  1706  -2.5614507539490505e+00  -5.8463730235930974e+01
  1707  -1.3448732426490988e+00  -5.9259065243276254e+01
  1708   1.3034541433304641e+00   5.8314092991870247e+01
  1709   5.8021803988635110e+00  -5.8913231574485046e+01
  1710   2.4115612509070461e+00   5.8956258886353616e+01
  1711   1.6850263527445921e+00   5.7765402266264537e+01
  1712   9.1878318446620300e-01   5.9706233734378202e+01
  1713  -1.8443085119167218e-01  -5.9930338935706679e+01
  1714   4.3708674551411586e-01  -5.8512411765955854e+01
  1715  -2.1596246210079259e-01   5.8226568621257776e+01
  1716   1.6002692202285778e+00   5.9504317986092857e+01
  1717   5.7654328992963322e-01   5.8342351023422125e+01
  1718   1.1254647635477846e+00   5.8695523830150975e+01
  1719  -1.6140618383519598e+00  -5.8309335475387584e+01
  1720  -1.5658290580284773e+00  -5.7036756375470887e+01
  1721  -5.8361240660858449e-01   5.8497034786515286e+01
  1722   1.7530850315957125e+00   5.7671699665103276e+01
  1723   1.5292542920018914e+00  -5.7932625339654152e+01
  1724  -9.1732470412031597e-01   5.8637276045096684e+01
  1725   9.2113619420625681e-01   5.8605788556882402e+01
  1726   1.4797059962086059e+00  -5.9105877240057211e+01
  1727  -1.7336493255375711e+00  -5.7855064236095984e+01
  1728  -1.8425026102217792e+00   5.9768982358985767e+01
  1729   6.1621029608994793e-01  -5.8342444784832196e+01
  1730   4.2152359613546603e-01  -5.9452723049514326e+01
  1731  -3.1478571265076583e+00   5.8984675955043059e+01
  1732  -3.3268753956066743e+00  -5.8994260769609930e+01
  1733  -4.1526118444597877e+00  -5.9742395087299236e+01
  1734   3.9153063611654719e+00   5.9428805250534097e+01
  1735  -4.3466507638829882e-01  -5.7015483217795747e+01
  1736  -2.0161928953470927e+00   5.8013100885766470e+01
  1737   2.0453932289406973e+00  -5.7828586490996699e+01
  1738  -1.3655901749768915e+00   5.8856672590819244e+01
  1739   1.1260350270589041e+00  -5.8272507215602666e+01
  1740   2.6568296833415865e+00  -5.8557839100237729e+01
  1741  -3.5915167360736011e+00   5.7729942966729602e+01
  1742   2.2017347796233118e+00  -6.0425643017056366e+01
  1743   2.2842914054580583e+00   5.9017972680586851e+01
  1744   3.3287840554591719e-01  -5.8967850604834538e+01
  1745   4.5891135495408131e+00  -5.8572480738952557e+01
  1746   1.2811054462410472e+00  -5.9017566123589752e+01
  1747  -1.9725543582410523e+00   5.8478442787094146e+01
  1748  -3.0793525607926715e+00  -5.7680398398492130e+01
  1749   4.1864923141170518e-03  -5.9336274314278036e+01
  1750  -2.0741325780116688e+00   0.0000000000000000e+00
