   750
     1   9.8369682670332415e-01  -1.6491481913700743e+00
     2   5.5892027859442006e-01   1.6629729570650233e+00
     3   4.1335529298713363e+00  -1.5653842350200855e+00
     4  -2.6839213679159433e+00  -3.2657065090379565e+00
     5   3.1697094350507282e-01  -2.7305228944842246e+00
     6  -9.6129211654660185e-01   4.2558362760057644e+00
     7  -1.5705994975002571e+00   1.8600360647742531e+00
     8  -3.1200725311529727e+00   4.8329051703315526e+00
     9   2.7482403463262042e+00   3.0051164562861614e+00
    10   4.9473784712627511e-01   5.7077252646790324e+00
    11  -2.9585975877220743e+00   3.4845755960482774e+00
    12  -5.0263218452035741e-01  -3.4468769269892015e+00
    13   3.9563704365181351e-01  -5.2220832682656546e+00
    14  -3.2515081585020478e-01  -3.9683582836737541e+00
    15  -1.5619013936617868e-01  -5.1301680591242693e+00
    16  -1.8010680066323033e+00   5.3019597518301751e+00
    17  -6.2451328653834104e-01   5.2388319429579493e+00
    18  -6.1125061240056011e-02   5.6361020032825797e+00
    19  -1.0424603142459252e-01  -4.3203181348023456e+00
    20   2.2904896535044350e-01  -5.8823267430924835e+00
    21   1.1695298144084092e+00  -6.3422655402766841e+00
    22   1.4808385956803199e-01  -7.2265392135501845e+00
    23   4.4140476882348709e+00   5.1746285409817681e+00
    24   1.7503041162650044e+00  -7.2512575193142492e+00
    25  -2.5313688856063230e+00  -5.1075145084087694e+00
    26  -3.0034265301990986e+00  -7.6798671250560959e+00
    27  -9.7021409884039012e-01  -7.0753700256051379e+00
    28  -2.1500960145073571e+00  -9.9444294035382228e+00
    29   1.9084765665997663e+00  -8.0732690427381826e+00
    30   1.4316448224633975e+00  -7.7580631514836957e+00
    31   1.9705632474011154e+00   6.2650157527587291e+00
    32   1.8087571777755338e+00   8.2975433868206210e+00
    33   5.5754306585032143e-01   8.7392484051396693e+00
    34  -2.0463192854648411e+00   7.1952188926514316e+00
    35  -1.0278937912256947e+00  -1.0319740503326056e+01
    36  -2.5093293690663832e-01  -8.1933912708609338e+00
    37   2.3984271694932208e-01  -1.0080640454890158e+01
    38   5.8579476706612565e-01  -9.1259907265918621e+00
    39   9.0925484785756217e-01   8.6713584793391938e+00
    40   6.5916521781087700e-01   9.0224085227232074e+00
    41   4.2804985615956787e-01   8.9442979092862451e+00
    42  -6.8110225392580470e-01  -1.0253773512691563e+01
    43   3.4502646027434656e+00   1.0334499123556547e+01
    44   3.9903160155777322e-02   1.0221382156106065e+01
    45  -1.2683308236421882e+00  -9.1969882157892009e+00
    46   7.6185414244216598e-01   1.0442016382273867e+01
    47   5.9635193153771215e-01   8.7960210513611532e+00
    48  -5.4508743392227721e-01   8.9319422960670529e+00
    49  -7.0291617536086037e-02  -1.0063961245715092e+01
    50   1.5302088934889970e+00  -1.0945003737112780e+01
    51  -4.4301376563322908e-01   1.0821631600727555e+01
    52   2.9669122660522631e+00   9.3996344195600496e+00
    53  -4.1654414539827968e-02  -1.1140271815711568e+01
    54   6.7137412639854399e-03  -1.0692511636487646e+01
    55  -1.5523796902613234e+00   1.0299755066887863e+01
    56  -1.4329478217724072e+00  -1.0864548058258267e+01
    57  -4.3312106395619283e+00  -9.9052998410051156e+00
    58   1.5723932808472414e+00   1.2600190552006737e+01
    59   1.7011205685050823e+00   9.6887366358790477e+00
    60   3.6975841197533774e+00   1.2102548629932311e+01
    61   1.7966625623336363e-01   1.0126153354759854e+01
    62  -2.5970961466459146e+00  -1.1328566985230674e+01
    63  -2.0937733640467879e+00  -1.3091807969213191e+01
    64  -1.8487576629505223e-01  -1.0238473936442642e+01
    65   1.2220832623831566e+00  -1.1024349607745124e+01
    66   8.2575972347484883e-01   1.1623582395887347e+01
    67  -1.9243675238379754e-01  -1.3077367050646135e+01
    68  -5.2049564527463277e-01  -1.1927165840760738e+01
    69   1.2547045139197781e+00   1.0765161283697884e+01
    70  -4.9613331153662221e+00   1.0333310147099372e+01
    71  -3.4333756778691908e+00   1.2461857111747310e+01
    72   1.0164978685918558e+00  -1.2961099474765744e+01
    73   8.2704096913943015e-01  -1.2875412913876985e+01
    74  -2.9734995809320708e-02   1.1374702350625954e+01
    75  -3.4306923394564723e+00   1.1818308068286937e+01
    76   2.3643545003090041e+00  -1.2437484077715029e+01
    77   2.5383184596437736e-01  -1.2715079628242865e+01
    78  -8.7299377808233336e-01   1.2805291684436709e+01
    79  -2.3195962138360651e+00   1.1753400455129960e+01
    80   4.4007786170140495e+00  -1.1950107321996517e+01
    81   5.8479632189126318e-01  -1.3697453321552569e+01
    82   1.4068517807699850e+00   1.2455048832371798e+01
    83   7.5142928148969168e-01  -1.2065275535971804e+01
    84   1.7796269542051864e+00  -1.2788393258000916e+01
    85  -2.5908295037004997e-01  -1.3437337862091615e+01
    86   6.6066012129010332e-01  -1.2767910727725960e+01
    87  -1.4980886088275398e+00  -1.2886838684143710e+01
    88   1.7432324732709845e-01  -1.3608972156367214e+01
    89   7.4366940083226651e-01   1.2589668810248298e+01
    90  -1.0038161085244699e+00   1.3009861165709871e+01
    91   2.2045831831423013e+00   1.2126760218352015e+01
    92   2.9211979469310059e+00  -1.4414675252734538e+01
    93   7.8791376909445887e-01  -1.4910811564027107e+01
    94   1.0824264613097228e+00  -1.3251531014665215e+01
    95   2.7930106836141544e+00   1.2294276245067008e+01
    96  -2.0063695537115489e+00   1.3512183706671394e+01
    97   1.3512998786336687e+00  -1.1782714195600176e+01
    98   5.3241041387959482e+00   1.2584658831187188e+01
    99  -2.5985862033255276e+00  -1.3519009689985008e+01
   100   9.5413078695338915e-01   1.3411098028760408e+01
   101   2.7391999376046052e+00   1.3138545757622119e+01
   102   5.5896149079871460e-01  -1.6160794334022359e+01
   103   1.2084456192273860e+00  -1.6450350421624648e+01
   104   1.5612502212553736e+00  -1.3035451256079137e+01
   105  -3.7582740873254983e-01   1.3229601247492452e+01
   106  -2.1068955255358373e+00  -1.3447329525149948e+01
   107   1.2958653846256301e+00   1.5099997175673796e+01
   108   7.0747891694438436e-01  -1.4709473891797998e+01
   109  -6.3471021652613313e-01   1.3017302459993404e+01
   110  -6.2729844094518206e-01   1.5912342866162085e+01
   111  -2.9584998988880691e+00  -1.5835702140370842e+01
   112  -1.0098682901809612e+00   1.4526722221306885e+01
   113  -1.0741916085016430e+00  -1.5688135409745025e+01
   114  -1.5314462188237190e+00   1.5035949056688104e+01
   115   2.4879897661323955e+00  -1.1843676033029375e+01
   116   8.7665679048923237e-02   1.5624269701079502e+01
   117   7.4059413787570016e-01   1.5639289396928817e+01
   118  -4.0045870019999902e-01  -1.3228886714619236e+01
   119   1.6544094967341613e-01  -1.5503382536930449e+01
   120  -1.2001075482330588e+00   1.7634161976140387e+01
   121  -1.9537125770836947e+00  -1.5828523998620728e+01
   122  -1.0061593591390809e+00   1.7028382415581497e+01
   123  -2.2204836614163974e+00   1.5367941801056514e+01
   124  -2.7808253454728260e+00   1.5357386357328899e+01
   125   2.6251629305191941e+00   1.5948277677772724e+01
   126   1.5978954130812051e+00   1.6599866050472119e+01
   127   1.6105153481957328e+00  -1.5453690312275496e+01
   128  -6.8152576189421521e-01   1.5266611314540974e+01
   129   1.2617791584955793e+00   1.7632292451705560e+01
   130   1.2090786075304434e+00  -1.5612298192167758e+01
   131   1.2624688726907114e+00  -1.4243532387100771e+01
   132  -1.3401168308361606e+00  -1.7349129995069354e+01
   133   1.5870269795795326e+00   1.5855413931983636e+01
   134   1.0150921405933272e-01  -1.7358210406420554e+01
   135  -3.2022060849532785e+00  -1.4944525475309323e+01
   136  -5.0574642209900078e-01   1.5313710797297402e+01
   137  -9.1513966367347410e-01  -1.6169992549814193e+01
   138  -3.4571109006664411e+00   1.6116984070029329e+01
   139   9.1726554647583880e-01   1.7004842597708667e+01
   140  -1.3967322425411455e+00   1.6505011199934245e+01
   141   1.1292165588567293e+00   1.5424141311798897e+01
   142  -1.0316940066535336e+00   1.6942366490545592e+01
   143   2.1838112734051087e+00   1.5536136052615783e+01
   144   3.4452896627756679e+00   1.5727694609139128e+01
   145  -4.1571913572987962e-01  -1.6055842087367303e+01
   146  -2.4283538451939393e+00   1.7498046623261420e+01
   147   2.8515363225063712e+00  -1.5861201246032133e+01
   148  -2.4295014723272348e+00  -1.6536992661939049e+01
   149  -2.0363642089523393e+00  -1.7074863315403750e+01
   150   1.7303706127138718e-01  -1.5331994435932671e+01
   151   5.3239700381516752e-01  -1.7709960725390779e+01
   152  -2.0983217175608595e+00   1.6238894241323127e+01
   153  -1.7964412359067081e+00   1.8167695013621685e+01
   154   8.2598807659093254e-01  -1.7586227435695317e+01
   155   2.3427325192335915e+00   1.7177105234358873e+01
   156  -7.7730653297937002e-01  -1.8839033964820612e+01
   157   2.9695079976757324e+00  -1.9092869578911444e+01
   158   1.0652140439984301e+00   1.8091450699792976e+01
   159  -2.0183590737106312e+00  -1.7816197030629464e+01
   160   9.5564206116894679e-01   1.8245349631113957e+01
   161   1.0288095925599108e+00   1.8371540989261852e+01
   162  -6.6971914166717150e-01  -1.8140272314465783e+01
   163  -2.3212982779100479e+00   1.7572879564412194e+01
   164  -1.3656863946234523e+00   1.7792717388249510e+01
   165   3.3368860372386083e-01  -1.7387466206843460e+01
   166  -1.6282728388580885e+00   1.8979877195154476e+01
   167   3.0299835296356150e+00  -1.8617173889721112e+01
   168  -1.7703138284730908e+00  -1.8347152016353839e+01
   169   6.2927709127408638e-02  -1.8375953298768064e+01
   170   3.8608566948737777e-01   1.7303528258999698e+01
   171   3.9840502553595254e+00  -1.7659134005712399e+01
   172  -3.0157117434214067e+00  -1.7560077154284283e+01
   173   6.4046726689647893e-01   1.9202794853464059e+01
   174  -2.9629819902118459e-01   1.7915828334080487e+01
   175   2.2233757891157686e+00   1.8800707903543252e+01
   176   2.7303590280058958e+00  -1.9319993061491569e+01
   177   1.3214459949561530e+00  -1.8416686809460504e+01
   178   1.5358649449927277e+00  -1.8881300452066334e+01
   179   9.9826654259244041e-01  -1.8667652449354584e+01
   180  -1.5703376105746587e+00   1.7654705169740495e+01
   181  -1.4073486824639969e+00   1.8109967277713586e+01
   182  -1.0168531729110399e+00  -1.8972253359187771e+01
   183  -5.7828442801467608e+00  -1.9312621738513741e+01
   184  -2.8611475877304815e+00   2.0090096490393893e+01
   185  -1.4893863444677695e+00  -1.8475987199891261e+01
   186  -2.8691456409328980e-01  -1.8104715318209447e+01
   187   2.3317243921771875e+00   1.8519596822398608e+01
   188  -2.5308305561158290e-01   1.8303802844890889e+01
   189   1.1155104292084250e+00  -1.8153477553368351e+01
   190  -8.8534461135966591e-01  -1.9129600846176455e+01
   191  -1.7791421378118537e+00   1.9411899532859195e+01
   192   3.4156696490650335e-01  -1.8670348404665209e+01
   193   3.2190795031506574e+00  -1.9707012973465680e+01
   194   5.3791899140266630e-01   1.9061563262807841e+01
   195   3.7659792898387134e-01   2.0300990859624122e+01
   196  -1.4449743698209845e+00  -1.8915791817686070e+01
   197  -6.4153536910240916e-01  -2.1646679688664197e+01
   198   1.0589588159171643e+00   1.7815057216636102e+01
   199  -1.3773878193361042e+00  -1.7885402452191123e+01
   200  -1.5843487382386980e+00  -1.9553412282902737e+01
   201  -3.2730492305156003e+00   2.1114368506591358e+01
   202   8.5117606847985439e-01  -2.0304045437280497e+01
   203   2.0619256701400657e+00   2.0514400666458450e+01
   204  -1.9510359949518692e+00   1.8405565350618101e+01
   205  -2.6011742088654124e+00  -1.9519146566581572e+01
   206  -7.7973491955202234e-01   2.0388069109228489e+01
   207  -1.6698781764040427e+00  -1.8559080096616452e+01
   208   2.7103149645484677e+00  -2.1236134968905048e+01
   209  -2.2552767194766918e+00  -2.0377763969169877e+01
   210  -5.2854884551357484e-01  -2.0592771899769744e+01
   211  -1.0509726027055339e+00   2.0376388031824931e+01
   212  -1.0940721852222601e-01   2.0622307861307991e+01
   213   3.3696142901426733e+00   2.0152113125037282e+01
   214   8.8683489832754903e-01   2.0363399511886467e+01
   215   3.5728078717664391e+00   2.2555514523644803e+01
   216  -8.6768444573668546e-01  -2.0204791669970049e+01
   217   1.2826956637611546e+00  -2.0715212865998122e+01
   218   2.7943765567042844e-01  -2.0352570440980791e+01
   219  -2.2051403272088055e+00  -1.9627213163758508e+01
   220   1.5630438265192832e+00   2.1021217050331980e+01
   221   6.3279879258219995e-01  -2.0915701029217274e+01
   222   4.2235367860098645e+00   2.0813251719792373e+01
   223  -1.3969163140262910e+00   2.0351435785636166e+01
   224   7.3315414577026961e-01  -2.1502863764977665e+01
   225   7.9084156408845985e-01  -2.1009433732457634e+01
   226  -1.4139986748456790e-03  -2.2591793724157281e+01
   227  -3.0072232132867844e+00   2.1895497057657138e+01
   228   1.1355314040102491e+00  -2.1435981474540370e+01
   229  -1.0408529843896070e+00   2.0765468365473964e+01
   230   2.5852578247822935e+00  -2.1662344402680358e+01
   231   5.6622571165157840e+00   2.1696190331477592e+01
   232   8.4399773746432249e-01   2.2182386401694874e+01
   233   4.5988306178125993e-01  -2.0933112682381829e+01
   234   3.1890733088106069e+00   2.1251380681558008e+01
   235  -7.3380248631467661e-03   2.0728731071287037e+01
   236  -1.1659592682061768e+00   2.2095079744000593e+01
   237   1.0401490433632321e-01  -2.2448632173878121e+01
   238   1.8082170662966974e+00   2.1295763502292193e+01
   239   4.8776629444051484e-01  -2.0787474230928460e+01
   240  -2.0883306957434149e+00   2.2211720500567900e+01
   241  -1.7563186155610910e+00  -2.0372018868183883e+01
   242  -1.6149749285520760e+00  -2.4225123174914817e+01
   243  -3.0195011118294675e+00  -2.1536495495757727e+01
   244  -8.0598145157078271e-01  -2.1509892615364912e+01
   245  -2.4511914357180169e+00  -2.3509814269467210e+01
   246  -2.2623058242045022e-01  -2.3113553479928978e+01
   247   1.7035323763656882e+00  -2.1950783132066359e+01
   248  -1.6189578001193363e+00   2.2809685293337726e+01
   249  -5.3354232655642528e+00  -2.2047525162357385e+01
   250   1.3773151749171042e-01  -2.2496950031086104e+01
   251  -1.0410037870209361e+00   2.2850708374642227e+01
   252  -2.9023121141189199e+00  -2.2347554274163606e+01
   253   9.5305443383370958e-01   2.2166391756075381e+01
   254  -2.5440553405843795e+00  -2.3209769645505997e+01
   255  -4.0012155151119966e-01   2.3837591528060759e+01
   256  -8.9541833140157845e-01   2.3743389719623558e+01
   257   2.2256528375081843e+00  -2.2063255792496186e+01
   258  -9.6083609748092080e-01   2.3236890944527829e+01
   259   9.7741991645686133e-01  -2.3120773141724300e+01
   260  -4.7935624862735599e-01   2.2943963701464838e+01
   261  -4.9632317452703839e-01   2.1865147988274234e+01
   262  -2.7893103831974403e-01  -2.2960633066279296e+01
   263   5.5126191152972348e-01  -2.2736167089804596e+01
   264   2.3259314656636131e-02   2.3275161811794387e+01
   265  -4.7991387988449452e-01  -2.1364088657831743e+01
   266   9.2101966559754189e-01   2.2079625288803502e+01
   267   1.5417228272664083e+00  -2.2324578847505610e+01
   268   2.6311622943870927e+00   2.3965957483172520e+01
   269   2.5277944638561061e+00  -2.4243477367579363e+01
   270   2.1938873853358185e+00   2.3339458260622106e+01
   271   1.0730576458936925e+00  -2.2634845389450565e+01
   272  -2.7468998455716886e+00   2.2488522504702477e+01
   273   2.9090259669138780e+00  -2.2860253609824230e+01
   274   1.3056793634210612e-01   2.3407906890488846e+01
   275   2.3761340010762089e+00   2.3161858017378439e+01
   276  -2.3244229836159720e+00   2.3105468232869107e+01
   277   8.5958730010537632e-01   2.4212110498970684e+01
   278  -1.6490399592970519e+00  -2.3096479440468361e+01
   279   1.9903850616259391e+00   2.2985689575710776e+01
   280   3.0489322637440366e+00  -2.2560556409949481e+01
   281  -1.3533208230735654e+00   2.3832450122749464e+01
   282   3.8643236907570517e+00  -2.2887515676634258e+01
   283  -1.5421827768604857e+00  -2.4783630749630383e+01
   284  -1.6616616836993352e+00  -2.2995131487198822e+01
   285   2.0671437240101422e+00  -2.3391046400969469e+01
   286  -8.8094992371193026e-01  -2.4624238186229388e+01
   287   6.1178823967565310e-01  -2.3468806344166804e+01
   288   6.1768012306779130e-01  -2.3134521372477668e+01
   289   1.9186355353007736e+00   2.2685675732932236e+01
   290   2.5246177431701977e-01   2.2871130379088676e+01
   291  -2.9003429090535251e+00  -2.4422627370111087e+01
   292  -2.7202707370290109e+00  -2.3052888580642406e+01
   293   3.0013968573523684e+00  -2.3096330169892099e+01
   294  -1.0707728283010938e+00  -2.3456430266836374e+01
   295   7.9374613935503191e-01  -2.2986725949187559e+01
   296  -6.9916692901749111e-01   2.2925066356888930e+01
   297  -1.9767017035384566e+00   2.3342194740793232e+01
   298   1.5333043578087899e+00  -2.3982043498302474e+01
   299  -1.2377302903488072e+00  -2.2934860287206902e+01
   300   2.2809545358011958e+00   2.4152461629266814e+01
   301   1.4082129494835809e+00   2.5199438227467422e+01
   302   9.6789494585196056e-01  -2.2987903037483559e+01
   303  -1.5082388082228662e+00  -2.4138249540556117e+01
   304   1.6809963019782159e-01   2.4090043052031309e+01
   305  -2.2480600649216900e+00  -2.5222580780683842e+01
   306   3.5354624641157621e+00   2.2986143234787285e+01
   307   1.9269243391155428e+00   2.5134373084954273e+01
   308   2.0206799887367395e+00  -2.7167379864499566e+01
   309   1.8906102393985329e+00  -2.3487589762018171e+01
   310  -4.8758729443019622e+00  -2.4982556934085686e+01
   311   5.0903505543877492e-01  -2.3589398492296347e+01
   312  -2.8695408509375784e+00  -2.5267980750288547e+01
   313   3.9875311469301461e-01   2.6158223047194653e+01
   314  -8.7141141826614721e-01   2.4044477047580735e+01
   315   1.7930707673453505e+00   2.4493041594549062e+01
   316  -2.1324681311333644e+00   2.6386481071390179e+01
   317  -3.0488097897106772e+00  -2.4629196835592641e+01
   318  -8.5609197742566456e-01   2.6759795202561165e+01
   319   1.7689282017540886e+00   2.4773529527866192e+01
   320   9.7432078473162764e-01   2.4649706946121359e+01
   321  -2.2365905872043355e+00   2.5222429438594055e+01
   322   2.9722548048190478e+00  -2.4795033336195637e+01
   323  -1.1337055636631364e+00  -2.5174516570278641e+01
   324   1.0495735876054686e+00   2.3361690742184674e+01
   325  -9.2714168279789144e-01  -2.6014428620646662e+01
   326   8.6624708682363127e-01  -2.4306409104791278e+01
   327  -1.0736679509279787e+00  -2.5307309362349752e+01
   328   5.1788383851181354e+00   2.5262008942288656e+01
   329   1.1317490835925081e+00   2.6610672944641351e+01
   330  -3.6749379675866756e-01  -2.3738430548867438e+01
   331  -2.7279293683588164e+00  -2.5208802394668623e+01
   332   1.5918253433312324e+00   2.4471084147692984e+01
   333  -1.1979835046094900e-02   2.6030887506272300e+01
   334   1.7216697646462836e-01  -2.5647640409367614e+01
   335  -3.4304324342083690e+00   2.5890568100518138e+01
   336  -2.0549187503613000e+00   2.6196749934124853e+01
   337   3.3654954835385982e+00   2.4806591204297654e+01
   338  -5.2587784956202011e-01  -2.6967016028504073e+01
   339   2.6199064300251079e-01  -2.6463106472558191e+01
   340  -1.5539569907623027e-01   2.6562632784153692e+01
   341  -3.8350066091664421e+00   2.5513885759063740e+01
   342   1.1776446251769890e+00   2.6442543706297926e+01
   343   3.0904620855666805e+00  -2.5068705357677793e+01
   344  -2.5941667460937614e+00   2.7544128500868748e+01
   345   5.9943686398530338e-01  -2.5362975790531472e+01
   346   2.2559246109407169e+00  -2.6163452435860840e+01
   347   9.9846856774009507e-01  -2.7399861169843792e+01
   348   1.7185833785458606e+00  -2.6961485157007164e+01
   349   1.3405526456634218e+00   2.7416759480801598e+01
   350   1.1644350757863546e+00   2.5387996825684660e+01
   351   1.8281811236201098e+00   2.6809068188466497e+01
   352   1.9675917058427457e+00  -2.7134123131205147e+01
   353  -4.5620154358395046e+00   2.6219146473458839e+01
   354  -5.8780364878711966e-01   2.8087136429871673e+01
   355   1.3082864734914812e+00  -2.6608800153329103e+01
   356   1.1350004790332444e+00   2.6249963055735645e+01
   357   5.7759830585437655e-01  -2.6594326631620984e+01
   358  -4.4488900007311344e-01  -2.5092867118833503e+01
   359   7.0745268634297587e-01   2.7703620464468408e+01
   360   2.2564096504174525e+00  -2.6912782816697465e+01
   361  -7.8165485499785792e-01  -2.7833265317627948e+01
   362   4.5505723672721308e+00  -2.6094987424086625e+01
   363   2.1746932876340841e+00   2.7926895307088483e+01
   364   9.4431305723008374e-01  -2.6505339376409129e+01
   365  -8.0312455501253766e-02  -2.5995366120649859e+01
   366  -8.5362394025240207e-01  -2.6770723499954432e+01
   367  -2.4998826851848907e-01  -2.8259133303857418e+01
   368  -1.4254687230778071e+00  -2.6884755229162000e+01
   369   1.4502236984349763e+00  -2.8486122354787817e+01
   370   1.2247038157576156e+00  -2.8393872223230311e+01
   371   1.3185477576911049e+00  -2.6351879483381449e+01
   372  -3.1790331002234379e-01   2.6724967518134523e+01
   373  -1.8421994218638700e+00   2.6862356306619539e+01
   374  -8.3328842305982120e-01  -2.6125831031981104e+01
   375  -2.1419360756612242e+00  -2.8504420465118084e+01
   376  -6.5264178350177582e-01  -2.8175971795042731e+01
   377   1.2641455644218818e+00  -2.6816862323779493e+01
   378   5.0537438248466726e-01   2.7687970064861414e+01
   379  -1.6778283742164659e+00   2.6756507675195905e+01
   380  -1.0772587957816846e+00  -2.6534900004331806e+01
   381  -1.3906775529230233e+00   2.7290472469739687e+01
   382   4.9954472387876245e-02   2.7627410676881397e+01
   383   2.5835089120574389e-01   2.6984881772757557e+01
   384  -2.8077144839197410e-01  -2.5867170551004545e+01
   385  -2.2327477177971811e-01   2.6871618029866998e+01
   386  -1.1857667525563051e+00   2.9141778805190938e+01
   387   4.2468537812314205e-01  -2.7661347806499226e+01
   388   1.0346314937053716e+00  -2.7609357749377516e+01
   389   1.2496688619958378e+00  -2.7423419446425807e+01
   390   2.3589362370958198e+00   2.8250541888669712e+01
   391   2.9042143192758880e+00   2.7737499050530268e+01
   392   2.2020454981201265e+00   2.8093250630326757e+01
   393   7.9989278954565513e-01  -2.8088814083120493e+01
   394   2.1943436268240926e+00  -2.6549840599012477e+01
   395   1.0487453777223876e+00  -2.6616659291672040e+01
   396  -2.3846535022325804e-01   2.7890128479544160e+01
   397  -9.4703872037409154e-02   2.9794578033739885e+01
   398   1.5786688031875362e+00   2.9135652016903340e+01
   399   1.1987602777012938e+00  -2.6904682561487011e+01
   400   1.8695072004540733e-01   2.6834261578226261e+01
   401   1.6861473389890462e+00  -2.8596156677787565e+01
   402   1.8835526320402236e+00  -2.7679558014028814e+01
   403  -3.1078452674539658e+00  -2.7645176818700964e+01
   404   8.7515504363738483e-01   2.8304694619592251e+01
   405  -9.6806037816076529e-01  -2.7271479387439591e+01
   406   3.4358866305631751e-02   2.7222223668871703e+01
   407   5.6007189095739329e-01  -2.7278988544037681e+01
   408  -2.1283548598221325e+00  -2.9137149598534403e+01
   409   6.7332774683933350e-01  -2.9350859401690872e+01
   410   4.7228830174994579e-01  -2.5772616447994952e+01
   411  -1.6880050309466168e+00  -2.8185381625910388e+01
   412  -2.6450564352754453e+00  -2.8988353574633251e+01
   413  -1.9322565474105924e-01   2.9477287725031715e+01
   414  -8.0175777634355683e-01   2.9229990174461893e+01
   415   8.4039922978738080e-02   2.7775387549947531e+01
   416  -9.5178903077142796e-01   2.7871335422158303e+01
   417  -1.7626273900709311e+00  -2.8813839273061987e+01
   418   1.0302078140680737e+00  -2.9157685735823534e+01
   419   7.9703020381262674e-02  -2.8939093519927898e+01
   420   7.8935977721900985e-01   2.9958695538289525e+01
   421   3.4559081930000071e+00   2.8673691389509415e+01
   422  -4.3002137284985714e-01   2.8619020482031779e+01
   423   3.6416674023329848e-01   3.0328175347416181e+01
   424  -3.4622471153978278e+00  -2.9618348540730572e+01
   425   9.2181252174410711e-01   2.8803473386444594e+01
   426   4.5120825228163453e-01  -2.8621234683388540e+01
   427   2.9088865006872373e+00  -2.8090091554867652e+01
   428  -6.3031071638287783e-01   2.8492783197809604e+01
   429  -1.1962753812507620e+00   3.0328128595393757e+01
   430   9.3306129426574991e-01   3.0652006474277496e+01
   431  -1.0494144337542577e+00   2.8413866737169936e+01
   432  -6.6954267846071780e-01   2.7507468051278295e+01
   433  -6.7701483359486159e-01  -2.9762319190279108e+01
   434  -2.2526535442766398e+00  -2.8170978268167786e+01
   435   7.6212032535683594e-01  -2.8907561871374227e+01
   436  -8.0172192887867733e-01  -2.9455561677222221e+01
   437  -1.1598119347389044e+00   2.8489977934387156e+01
   438   2.2401043926809723e+00  -2.9516829574899255e+01
   439   3.9121277632138014e+00  -3.0736458227896598e+01
   440   2.8324322240505673e+00  -2.9468991268388685e+01
   441  -3.9041051942055769e+00   2.9944953827905927e+01
   442   2.0448018496870599e+00   3.0726709970969711e+01
   443   1.8749836271147111e+00   2.9430705905842053e+01
   444   8.8012924753369948e-01   3.0482360145543907e+01
   445  -1.6872954665652440e+00  -3.0911766793770841e+01
   446   1.5232816188011673e+00   2.9540230773821694e+01
   447  -9.7857238036462924e-01   3.0484357048722842e+01
   448  -9.9229723093150912e-01   3.0508453472640458e+01
   449   5.8852927016106604e-01   2.9792118420668814e+01
   450   1.1406750487982591e+00   2.8585443428135719e+01
   451   1.2122510147691241e+00  -2.8875440001915134e+01
   452   1.7648349746552436e+00   2.9197371563813995e+01
   453  -1.7564044206375756e-01  -3.1453841988333359e+01
   454   1.7323832694605077e+00  -2.9259324589461905e+01
   455   3.2034057488138008e+00  -3.0867346174878065e+01
   456  -2.0586069383929355e+00   3.0672754592994810e+01
   457   4.3178243056091428e-02   3.0314674158594677e+01
   458  -1.3402160283556546e+00  -2.9270440336521553e+01
   459   5.1387037709952982e-02  -2.8070044116734522e+01
   460  -1.0353574903060339e+00  -3.1492703385269643e+01
   461  -3.0299740716843786e+00   3.0620696350033381e+01
   462  -1.9048269041047918e+00   2.9649942861132683e+01
   463  -1.7351445810416168e+00   3.1380604433638393e+01
   464   4.2105241936020681e+00  -3.0099047941736195e+01
   465  -1.2791507796480979e+00  -3.0788130894542181e+01
   466   6.6383509577645938e-02  -3.0909939975276203e+01
   467  -3.0230573896618855e+00   3.2621891335669162e+01
   468  -2.1222457324278028e+00  -3.0562924308212079e+01
   469  -2.6652085717334439e+00  -3.1142535059935422e+01
   470   2.7881274304927448e+00   3.2634068706501438e+01
   471  -2.2146324750725374e-01  -3.0170412271961052e+01
   472  -1.7273793001962252e+00  -3.1504405686258576e+01
   473  -2.1979009018389060e+00  -2.9135745926026434e+01
   474   2.0862014929175801e+00   3.1634924538181973e+01
   475  -2.1957200783845083e+00   2.8530876046989331e+01
   476   5.9815118886958807e-01  -3.1083183100765670e+01
   477   2.9651624430612888e+00   3.0328775326676944e+01
   478   2.3905480654869469e+00  -3.1305370538758602e+01
   479  -1.2703092589990095e+00   3.0169058198514076e+01
   480   2.8495499695215019e+00   3.0375266186327249e+01
   481  -2.5581263353888528e+00   3.1033261705142063e+01
   482  -1.0505722096164543e+00   3.2046603111470674e+01
   483   2.1866417884048914e+00   2.9117985221437007e+01
   484   1.0146794837492715e-01   3.0704025468421705e+01
   485  -1.7795032471287660e+00   3.3028870056660978e+01
   486   2.6606984538975373e+00   3.0016533203968976e+01
   487   3.8525775726932809e-01   3.0859436408271534e+01
   488  -1.7148491010608360e+00  -3.1461699177748855e+01
   489  -8.3307405933375678e-01  -3.1901556999661551e+01
   490  -2.4708881287914979e+00  -2.9534123567529914e+01
   491  -2.4058695190195314e+00  -3.0152851338583325e+01
   492  -1.6980034493046270e+00   3.1696921865685528e+01
   493   3.5735535065023001e+00  -3.2514088998340441e+01
   494  -2.1103194171782498e+00  -3.1686422689795190e+01
   495  -4.4688229280329039e-01   3.1175851463592771e+01
   496   1.3724084221670849e+00   3.2005532643695915e+01
   497   3.6559444522203477e-01  -3.2097436916600081e+01
   498   7.9942293703864065e-01  -3.1345444435835802e+01
   499   1.0139146256439533e+00  -3.0300235998682048e+01
   500   7.1169356222512831e-02   3.2570309458153361e+01
   501  -2.4144644176032575e+00   3.1914445656090908e+01
   502  -4.2752179348338587e-01   3.2607437498316621e+01
   503   2.8675368466236462e+00  -3.0322525382118254e+01
   504  -1.9124306601071563e+00  -3.3923261402275486e+01
   505  -3.5730776910107869e+00   3.1950901530208654e+01
   506   1.8277396522079508e+00  -3.1749461154122518e+01
   507  -2.9571023637874090e+00  -3.0985282611172320e+01
   508   6.1925712879300243e-01   3.1896647937210464e+01
   509  -4.8162425784168650e-01  -2.9317649406498877e+01
   510   2.8161240696805381e+00   3.2098639252039938e+01
   511  -3.8462507299726512e-01   3.3008123448600834e+01
   512   1.6468388500334550e+00  -3.2344233294370866e+01
   513  -2.8054307214845258e+00  -3.1998764184685843e+01
   514   3.8703246073145131e-01   3.1998428988260034e+01
   515   5.1310295031110890e-02   3.2320438842367764e+01
   516   1.2678933854104122e+00  -3.4045663170688393e+01
   517   1.0586320837079839e+00  -3.1080474430207563e+01
   518  -4.5688707115983975e+00  -3.1160355924999223e+01
   519  -3.0589413864202628e+00   3.1837200528434618e+01
   520  -3.5128134382977372e-01  -3.1139012174972621e+01
   521   1.0758669858670569e+00  -3.1875643385488608e+01
   522  -1.2467238923557984e+00  -3.1853131708970345e+01
   523   1.8784942106288285e+00   3.3279926417072033e+01
   524  -8.9154480733711039e-01  -3.1004419280991307e+01
   525   1.5523933988025642e+00  -3.4802317753057729e+01
   526   2.3473705207633833e+00  -3.2064334114917493e+01
   527  -1.2684183590237978e+00   3.3012138806334313e+01
   528  -7.1615111590370828e-01  -3.4536229249566809e+01
   529   4.3657892360996642e-01  -3.2328963752364317e+01
   530  -1.4575285775373081e+00  -3.2809684590277911e+01
   531   3.1498547155714456e+00  -3.3340809461209169e+01
   532   2.7011375217791351e+00  -3.2361972105769290e+01
   533   1.8268474017310525e+00  -3.0928582501379093e+01
   534  -6.5856168401748627e-02   3.5253139363176004e+01
   535   1.4541111446674775e+00  -3.3037198555819273e+01
   536  -1.0554386164852700e+00  -3.1541099172864328e+01
   537   8.0517304724557182e-01   3.2350392783981562e+01
   538  -1.6936759443270399e+00  -3.0162122176532336e+01
   539   3.9978715080280802e-01  -3.3865530243713373e+01
   540  -2.2396653025864719e+00  -3.2203732705369099e+01
   541   8.0458690271379185e-01   3.2910516609236623e+01
   542  -1.4562529101554846e+00   3.3331403549465605e+01
   543  -2.4344205642372843e+00   3.3401973274383494e+01
   544  -1.5794255673938395e+00   3.0972665168785284e+01
   545   2.3535663172908836e+00   3.3452746988114662e+01
   546  -9.3512105419920610e-02   3.3926818352174600e+01
   547  -1.7485811478572366e+00   3.2946749810813394e+01
   548  -6.4756027883425693e-01  -3.2766991828260302e+01
   549  -4.5197190718534719e+00  -3.3345783950341051e+01
   550  -2.3090409481735685e+00  -3.3613967578597943e+01
   551  -3.1130794699479556e+00   3.2228622928079631e+01
   552  -5.8444713843473495e-01   3.3823021804522554e+01
   553   3.4400623379361706e-01   3.2264029898720658e+01
   554  -3.2580080423302968e+00  -3.3636953235938080e+01
   555  -8.1931041736344357e-01  -3.2655205637493225e+01
   556   1.0174154231399735e+00   3.3121490383350334e+01
   557   2.3648630131439585e-01  -3.3403088477899246e+01
   558   1.9059122291094210e+00  -3.4229795065099857e+01
   559   3.7398496961717909e-01  -3.4637547655931485e+01
   560  -3.1491837923496973e+00   3.2577902293743719e+01
   561   4.2025816191500427e+00  -3.3200464732837240e+01
   562   2.6703905946701503e+00  -3.3108104257115151e+01
   563   8.0344643459857634e-01   3.3917587835051421e+01
   564  -7.1514591955471385e-01  -3.3826342559441628e+01
   565  -1.8954274321111777e+00   3.2989322864413516e+01
   566   1.7410536829023409e+00  -3.2909184552516436e+01
   567   4.4717031656092360e-01  -3.3457333460879028e+01
   568  -5.5039450914538346e-01  -3.5038858640364026e+01
   569  -4.4995643489841468e+00  -3.2300301122171554e+01
   570   1.5960746579413674e+00   3.5257042585020884e+01
   571   1.0488303494956729e-01  -3.2969109180622667e+01
   572  -1.2488896367828013e+00  -3.3651811097626329e+01
   573  -7.1758338641042119e-01   3.3053937104242920e+01
   574  -6.1645115121502747e-01  -3.4257200213475627e+01
   575   4.0966059371458243e+00  -3.2986912243569456e+01
   576   2.1086513830277447e+00  -3.3980644936506138e+01
   577   1.8952072962311795e+00   3.3573096698356949e+01
   578   3.7891152982358667e-01  -3.6032572295518769e+01
   579  -2.3281940405239605e+00  -3.3926776618048500e+01
   580   4.8689285885613037e-01   3.4847062115412207e+01
   581  -8.4900420109893615e-01   3.2976540617147805e+01
   582   1.0327052835593424e+00  -3.3248821380295112e+01
   583   6.8996612931660473e-01   3.4443634256450963e+01
   584   1.0359390043796701e+00  -3.3952096224691907e+01
   585   6.7935221675095714e-01   3.4586395734086757e+01
   586  -4.8195341559818394e-01  -3.4338368488269452e+01
   587   3.5839499789699802e+00  -3.5964216605189250e+01
   588  -1.5955776805023627e+00  -3.2508555782713742e+01
   589  -5.0104840229513592e-01  -3.6221112459266386e+01
   590  -2.1370677978616737e+00  -3.3235152740596035e+01
   591  -3.5115654793162112e+00   3.6220333823743559e+01
   592  -3.1534997601807124e-01   3.3425326458329891e+01
   593   9.3974762788708177e-01  -3.5528510906959191e+01
   594  -1.8279312363718849e+00  -3.2924966729121273e+01
   595  -2.6822218135326095e+00  -3.4355688444715881e+01
   596  -5.6362510514468112e-01  -3.4035066966107266e+01
   597  -1.6708431457639896e+00  -3.3595396017500725e+01
   598  -1.8707237541875863e+00  -3.5078268291682306e+01
   599  -1.8963903990049529e+00   3.4971954199981667e+01
   600   7.7410103704774447e-01  -3.5466805101680833e+01
   601   1.9552526305378106e+00  -3.4727289879467349e+01
   602  -2.9142415732326858e+00  -3.4119310585997226e+01
   603  -1.2607601385143656e+00   3.3884430293494447e+01
   604   1.2156760846187413e+00  -3.4326715274217086e+01
   605  -2.8802612605097064e-02   3.5531978507954079e+01
   606  -1.4431517205960849e+00  -3.2557770359505220e+01
   607  -1.9196367813005624e+00   3.5825742611499500e+01
   608  -1.2230963474115251e+00  -3.4509909497401942e+01
   609   2.9682950602712399e-01  -3.5026704450032888e+01
   610   2.5964986879721410e+00   3.4718739293629270e+01
   611   2.6566354538813148e+00  -3.6190758968785083e+01
   612   9.4454658443458306e-01  -3.3796251359737383e+01
   613  -4.6539886235371783e+00  -3.5373705757951264e+01
   614  -3.1276049411431552e+00  -3.4212217790544919e+01
   615  -1.1854024482511329e+00  -3.5735292552862333e+01
   616  -1.2333374819883951e+00   3.6150420322021411e+01
   617   1.2449268500559305e+00  -3.5463030202378725e+01
   618  -1.9380752930889349e+00  -3.4974364860544810e+01
   619  -1.5464681804132756e+00  -3.6427176793322644e+01
   620  -1.6671332326335979e+00   3.5840981305344336e+01
   621   2.1607861843957101e+00  -3.6160839977570127e+01
   622   2.6517672052058940e+00   3.4832330597352936e+01
   623   3.8726086854474095e-01   3.7591584678116178e+01
   624  -1.8252870759339050e+00  -3.3308517812459598e+01
   625  -3.3585107661236513e-01  -3.4987196999093122e+01
   626  -1.8697316722586721e+00   3.5402998510890825e+01
   627   3.8049243114190863e+00  -3.5056229468222071e+01
   628  -8.3604438058030150e-01  -3.4768856898174306e+01
   629   1.1863029419081712e+00  -3.6442666363060667e+01
   630   1.3595437983605652e+00   3.6198720510796797e+01
   631   5.7971960852611515e-01  -3.4749628070808171e+01
   632  -8.4572642794265152e-01  -3.5118316583904175e+01
   633  -1.8458323743132313e-01   3.3894677089258074e+01
   634   2.3312431077445162e-01  -3.5013807788619800e+01
   635  -3.0843879828123142e+00   3.6173429141581430e+01
   636  -1.3840467789162725e+00  -3.6523971845630733e+01
   637   2.2362199272198628e+00  -3.5499538090187791e+01
   638   1.4312068540144922e+00  -3.5802133651601999e+01
   639  -1.0554356169494019e+00  -3.7648879318055812e+01
   640   2.2691710028143155e+00  -3.5218972831858018e+01
   641   5.9432347680340181e-01   3.6839547442180383e+01
   642   2.0850004591951538e-01  -3.5339470617617415e+01
   643   1.2240950810073312e+00  -3.6575324469129455e+01
   644  -1.4507548890140811e+00   3.6965619625588509e+01
   645  -1.8980675808732868e+00  -3.5577308925755489e+01
   646   2.5163653024946537e+00   3.6324584551544362e+01
   647  -1.2561155288035883e+00   3.7397008403030569e+01
   648   6.0000033001704556e-01  -3.7646971676031306e+01
   649   2.8456458286296886e+00  -3.4685752290581270e+01
   650  -1.7120012000656297e+00   3.5612728211239826e+01
   651   1.4523073794486965e+00   3.5605762692905081e+01
   652   2.9786155351756740e+00  -3.5412452628526161e+01
   653  -1.0109794609574076e+00   3.4288514231279798e+01
   654   3.7863012428915024e+00  -3.6969607221978272e+01
   655  -2.4242581532681156e+00   3.6373301117999503e+01
   656   1.0241886150501235e-01  -3.6762380263211078e+01
   657   2.0530943555741321e+00  -3.4571941899091833e+01
   658  -1.1501086414581227e+00   3.5812113020089200e+01
   659   2.4477556764861057e+00   3.6455846187226008e+01
   660   2.9174626930908037e-01   3.6607694629926186e+01
   661  -2.6993912044084380e+00   3.5466720814581798e+01
   662  -7.5160848473885067e-01   3.7083730794849515e+01
   663   1.0034840155441205e+00   3.6419103196343244e+01
   664   2.9963664732169897e+00   3.5947790145946790e+01
   665   2.2222834818908823e+00   3.6450125300176857e+01
   666  -7.4439796086599808e-01   3.8193161179119144e+01
   667  -1.0051169840570040e+00  -3.4690503381529297e+01
   668  -1.6787725602313521e+00  -3.6467050365791955e+01
   669  -1.0332397126522019e+00  -3.6093839525632532e+01
   670  -8.5879677480791106e-01   3.6042853304958705e+01
   671   1.8601095576533084e+00   3.8215867974419396e+01
   672  -2.2934861919997283e+00  -3.6911098402884384e+01
   673  -2.0946947698746428e+00   3.6206612334479850e+01
   674   8.8353259101192394e-01  -3.7559017410180445e+01
   675   4.5653467833426307e+00  -3.8098351706043601e+01
   676   2.2725225888711709e+00   3.6839621183398975e+01
   677   2.6615266199770851e+00  -3.7295935255071974e+01
   678   1.6643354946160793e+00   3.4081577720324283e+01
   679  -5.8699518152474106e-01  -3.6338369536645260e+01
   680   3.7339939365323644e+00  -3.6888031358199839e+01
   681   9.9362806270823789e-01  -3.6578990171843252e+01
   682   2.3501640223245301e+00  -3.6588364655713185e+01
   683   1.5369863229099208e+00  -3.6299053316105351e+01
   684  -5.8460283769463905e-01  -3.8428274678640236e+01
   685  -5.5681264345546300e-01   3.6806083138650216e+01
   686   3.9977107659697531e-01  -3.7748093740775282e+01
   687  -3.1545383067423813e+00  -3.6699016524150316e+01
   688   1.3940871435780302e+00  -3.7220928414369247e+01
   689   2.3591914271757366e+00   3.7819759072605429e+01
   690  -2.0207381548023737e+00   3.6954357711764416e+01
   691  -4.1642030697382113e+00  -3.7175080333177192e+01
   692  -1.9961566431514159e+00  -3.9645114977306577e+01
   693   6.0563644325642396e-01   3.7431229845800750e+01
   694  -1.4540774063260620e+00  -3.7929548858617970e+01
   695  -1.3059346972591108e+00  -3.7116210833692108e+01
   696   1.2762720217400210e+00  -3.7782859340977232e+01
   697   8.2589362361614427e-01  -3.6717568049109005e+01
   698  -5.9255793105625898e-01  -3.8324185273981264e+01
   699   5.7254396273161412e-01  -3.6903567964202345e+01
   700  -1.2057735490605417e+00   3.7523872161642501e+01
   701  -1.5237963720064223e+00  -3.6708335263696554e+01
   702  -1.1523631834818115e+00   3.7128458178265781e+01
   703  -4.3607439513185584e+00   3.6429081678602088e+01
   704   3.5461606464202405e-01   3.7844986383421499e+01
   705   2.1570280154583359e+00   3.8163840277649420e+01
   706   2.3709281717061286e+00   3.7069354382883390e+01
   707   1.5863786945419347e+00  -3.7895360900837893e+01
   708   8.2691549510147366e-01   3.7959031890805726e+01
   709  -4.0880657488464917e-01  -3.9342021806973023e+01
   710   1.1643297254971827e+00   3.5563703498970312e+01
   711   1.0728764378922052e-01   3.6615728452452153e+01
   712  -6.1816526849265130e-01   3.5477095492738933e+01
   713   3.6119745439255166e+00   3.8683519124654133e+01
   714  -8.8853908241237090e-01   3.7659093413293547e+01
   715  -3.9103068842554911e-01  -3.6486652760105102e+01
   716   4.9916745552971392e-01  -3.8281746557120265e+01
   717  -8.2470179781857111e-01  -3.8515489560465035e+01
   718   7.1975664650615945e-01   3.8541311294099373e+01
   719  -2.4237336319884535e+00   3.6870667102657848e+01
   720   1.4882672694084507e+00  -3.9867885438139126e+01
   721   3.8723796543652833e-01  -3.7697091483599174e+01
   722  -1.8264931661239654e+00  -3.9165630958723114e+01
   723   1.8232913666754344e-01  -3.7734826635155898e+01
   724   6.5898453042820815e-01  -3.9733848560129793e+01
   725   3.9254554333600189e-01  -3.7122674825693906e+01
   726   1.6407299890147091e+00   3.9856181992961915e+01
   727  -7.1963008308193088e-01  -3.9019776243179862e+01
   728  -5.0076220193521781e-01  -3.8573394496402948e+01
   729  -6.0522997417684365e-01  -3.9635327342393595e+01
   730   2.1708569548969696e+00   3.6962466326328737e+01
   731   8.6953422065971031e-01  -3.7371324451792120e+01
   732  -2.4253552209175995e+00  -3.8112317986875610e+01
   733   1.2173414244816390e+00  -3.8262412159350824e+01
   734  -3.6150181589555621e+00  -3.6341722937488768e+01
   735  -2.5140798105155140e+00   3.8145992222979501e+01
   736   2.6848008415544622e+00   3.7699130179345516e+01
   737  -5.2602478957789511e+00  -3.8648123150969028e+01
   738  -1.0844417922968368e+00   3.8244625019915766e+01
   739  -1.0653391330238251e+00   3.7983874799069042e+01
   740  -1.3554623568099204e+00   3.8455585733695578e+01
   741   2.9817059193785851e+00   3.7254508443743376e+01
   742   6.1700386276115193e-01   3.9895255461139165e+01
   743   1.2266444918951200e+00   3.8282907079009938e+01
   744  -2.5403314427481609e+00  -3.5945778232976785e+01
   745   1.5559630701818565e+00  -3.8488337202890861e+01
   746  -2.2271356687908472e-01  -3.8988361958994396e+01
   747  -1.5965360606566750e-01   3.8192806731022010e+01
   748  -3.1741485089392403e+00  -3.8990622274881666e+01
   749   4.2676166511583680e-01   3.8953452454257054e+01
   750   2.6710416048598056e+00   0.0000000000000000e+00
