  1000
     1  -8.9798283669696433e-01   2.4172281644758637e+00
     2  -1.9155010861391593e+00  -6.2123612592652766e-01
     3  -1.4916122181205522e+00  -3.6400272955017421e+00
     4   4.1495890723589266e+00   2.5289938374220298e+00
     5   1.7303898440243888e+00   2.0796741203487774e+00
     6   3.5534483137099460e+00  -2.0419204925740360e+00
     7   1.4488209954853830e+00   3.7488316094361531e+00
     8   1.1704309102186556e+00  -2.3385192050975538e+00
     9  -5.1245110819915674e-01   4.2111639621390662e+00
    10   2.5490526438328818e+00   4.6455368804612336e+00
    11  -5.1257885893563122e-02   4.0546224516236515e+00
    12  -2.4971752300402439e-01  -4.7204504958404323e+00
    13   4.7739175137435308e-01  -4.8567903969279831e+00
    14  -2.1445666242468930e+00  -4.2830333347232026e+00
    15   5.2065047763241479e-01   4.7851100306403147e+00
    16   1.0733666959219637e+00  -4.7026617782091442e+00
    17  -2.1327163210098576e+00   5.7389460959157725e+00
    18   3.0965480262614542e+00   5.8178364682341694e+00
    19  -2.6702349298487693e+00  -7.4273311402750988e+00
    20   1.6900559340580641e+00  -6.5076835665292601e+00
    21  -2.9175243696545219e+00   5.6621391116363711e+00
    22  -2.9220013648071624e-01   7.0883293529393105e+00
    23  -1.8069559160246915e+00  -7.8370558344987433e+00
    24   4.3283172914385206e+00  -6.7302064054243953e+00
    25   1.5208800837411394e+00  -5.9567506834656738e+00
    26  -2.0934974862470970e+00  -7.2932661803579188e+00
    27   1.2105915580087860e+00   8.2657698217214346e+00
    28  -1.5496728384401908e+00   7.7261407276460998e+00
    29   1.3959670891772469e+00  -6.8954204163784727e+00
    30  -6.3346575650523052e-01  -8.4628818778288206e+00
    31   9.1255767504740737e-01   7.9474458407675348e+00
    32  -1.6744920565010606e+00   7.5725158336908676e+00
    33  -1.3667199305319746e+00  -7.6648599203938632e+00
    34   1.2016777790892883e+00   6.8522681170486779e+00
    35  -3.9790414193093315e-01  -9.8241642591845739e+00
    36   3.7561670732236685e-01  -9.3564587545127633e+00
    37   5.1221867527805987e-01   7.9095788265922788e+00
    38  -1.5024882509580276e-01   8.6240034506866579e+00
    39   1.2002910953642578e+00  -9.3353556142145742e+00
    40   1.4031434954380910e+00   9.7145611465995287e+00
    41  -2.3217029467667433e-01   7.2692969182760434e+00
    42   8.2435105988056345e-01  -9.3572350807648483e+00
    43  -2.6781803148905237e-01   8.5738288773199933e+00
    44   6.5390496820180255e-01  -1.0980933462777610e+01
    45   5.0284979306165978e-01   1.0663784429126038e+01
    46   9.9569044308230503e-01   8.1243121431836940e+00
    47   2.5296774813296157e+00  -9.6844879042182761e+00
    48   2.8260383366425152e+00   9.2454150032988895e+00
    49   2.1076185051262231e-01  -9.9090922706236952e+00
    50   6.1009677503632853e-01  -9.5498187615652554e+00
    51   1.4837925278329169e+00   1.0225634545790184e+01
    52   1.3512942273818167e+00   1.0035499619826952e+01
    53   3.8940181572387245e-01  -1.0968715451526753e+01
    54  -1.4251186269248217e+00   1.1165838523277575e+01
    55  -2.1111893323919055e+00  -9.7694095477144494e+00
    56  -3.5154136201994510e+00   1.1562423639335762e+01
    57   3.2434942462776148e+00   1.0957915531723961e+01
    58  -5.1750339089468654e-02  -1.1375352738121713e+01
    59  -1.2962383707931451e+00  -9.7751817544921966e+00
    60  -8.6285984680668570e-01   1.1294146452914026e+01
    61   2.8857673205318057e-01  -1.0134422870942672e+01
    62   1.6056924961595467e+00   1.0824052825543665e+01
    63  -5.9445407029905084e-01  -1.2213948902150433e+01
    64   1.2712278664103049e+00   1.2817688391759395e+01
    65  -1.6788931626109669e+00  -1.1276580688293722e+01
    66  -2.3298683610260813e+00  -1.1064839508644097e+01
    67   1.3611330444471035e+00  -1.2071569128215399e+01
    68   1.4986516990233532e+00  -1.2101331226239809e+01
    69  -4.0814598962093981e-02   1.0326729999002094e+01
    70  -7.6118761152261460e-01  -1.2671166421547712e+01
    71   3.5352572839388818e-01   1.1195715518963665e+01
    72  -2.9312744972350360e+00  -1.3182424231138963e+01
    73   2.0252398449107023e+00   1.3202185682083337e+01
    74  -2.2499017640114940e+00   1.1780415121179928e+01
    75   1.4604992475996497e+00   1.1591670938567386e+01
    76  -1.2547333891835633e+00  -1.2665250075333841e+01
    77   2.7309488796576038e+00   1.2790618272417394e+01
    78  -6.4988231633603855e-01  -1.3388827920624257e+01
    79  -1.8571776700594971e+00  -1.2714544876865409e+01
    80  -9.1531636344203626e-01   1.2495552659091858e+01
    81  -2.6597472279920544e+00  -1.2348922602942816e+01
    82  -2.7875008350624899e+00   1.1777846858761297e+01
    83  -2.0714633075289766e+00   1.3198796082869070e+01
    84   3.9067056958417181e+00   1.2792060299004040e+01
    85   8.3747785157009114e-01   1.3508328936082682e+01
    86   3.9718031272101773e-01   1.2406639163095116e+01
    87  -6.0583057371904103e-01  -1.3503239931203545e+01
    88  -1.6700869766181063e+00  -1.4291689416204575e+01
    89  -1.7830227000034599e-01  -1.2980805973358931e+01
    90   4.2456693147446076e+00  -1.4461631139288313e+01
    91   7.2115734825331923e-01  -1.2208813957484351e+01
    92  -2.9143272531069475e+00  -1.2573041849979274e+01
    93  -2.8634728744802209e+00   1.3595781340469566e+01
    94   1.0776492103138537e+00   1.3545856855831046e+01
    95   4.2759400676485132e-01   1.2748635821990518e+01
    96   7.8550862313817782e-01  -1.3598634955401728e+01
    97   3.8093460277313605e-02   1.4082483719939749e+01
    98   1.2907041643262644e+00  -1.5176015297963827e+01
    99   1.7632778695060536e+00   1.5749056998884555e+01
   100  -3.9985815866576915e+00  -1.2436500347035672e+01
   101   1.8535714147679716e+00  -1.4658562832391189e+01
   102  -3.1357546353768662e-01  -1.4521783489752362e+01
   103   1.4716266544063701e+00  -1.3598609239344562e+01
   104  -2.7564026194071420e+00   1.5077025458842940e+01
   105  -7.5128949439503656e-01  -1.4335947047847164e+01
   106  -1.2284180137827820e+00  -1.4303594162545640e+01
   107   1.9515856606072031e+00   1.2641563648237312e+01
   108  -3.6909390617835280e-01   1.5504676528323548e+01
   109  -8.9785940486140825e-01   1.4550330338914950e+01
   110  -8.3260236613017524e-01  -1.5900850151015689e+01
   111  -3.5751713427149028e+00   1.5939140472347567e+01
   112  -9.4747992908909184e-01   1.5129214302524735e+01
   113   3.9590396394184082e+00  -1.6757095385019511e+01
   114  -2.0749967064486982e-01  -1.3161745013573801e+01
   115   2.2056970230654263e+00  -1.6154249230981524e+01
   116  -1.7530980685010455e+00   1.5461189543701908e+01
   117  -2.2249637471858947e+00  -1.4356980887711272e+01
   118  -5.1684979413490426e+00  -1.5864198321521277e+01
   119  -2.1566298605855692e+00  -1.5132977706484112e+01
   120  -1.1276484566472131e+00  -1.4985493972267284e+01
   121   3.1518549659193758e+00  -1.6404566117985734e+01
   122   1.5281713961372083e+00   1.5111850924407999e+01
   123  -2.0692039379190006e+00   1.5936352433697328e+01
   124   1.7960293749903609e+00   1.6170605269648501e+01
   125  -5.0755847477801763e-01  -1.5367289212567671e+01
   126  -2.1843695898176971e+00   1.6395132793980846e+01
   127  -2.3914410051008334e-01   1.4856220074622010e+01
   128   2.6054073554670261e+00   1.7059437190902752e+01
   129  -1.9688883907805463e+00   1.6720862836518045e+01
   130  -2.1382372586907863e+00   1.5414699882559681e+01
   131   1.9564124405166587e+00   1.5963218653664377e+01
   132   8.7769987789745985e-02  -1.7199239261106676e+01
   133   2.1059337293518730e+00   1.7098667727962482e+01
   134   5.4042317497137349e-01   1.7471368450034916e+01
   135  -5.5843333394453332e-01  -1.7583245664052498e+01
   136   1.4110455327102458e+00   1.6658064073625138e+01
   137   2.2060724529797024e+00   1.4904409884568226e+01
   138  -2.7142450139427905e+00  -1.7509084017011435e+01
   139  -1.1227324943634596e+00   1.5639960695896310e+01
   140  -2.8300827359586704e+00   1.7823589674232288e+01
   141   1.3688560689749880e+00  -1.7055860723254245e+01
   142   1.0659168176270710e+00  -1.5702800893859724e+01
   143   2.4740163011595051e+00   1.7838376246434692e+01
   144   9.4013377573389367e-01   1.7221128857948532e+01
   145   1.3790248662471967e+00   1.6873245489528667e+01
   146  -2.4212163906296915e+00   1.5825279369177631e+01
   147  -3.9267774691616668e+00   1.6441115217028422e+01
   148   1.9567888455171314e-01  -1.8473297080710207e+01
   149   5.9705479436556197e-01  -1.7404805806065212e+01
   150   9.3085712922444919e-01  -1.6677036726464596e+01
   151  -1.6958111849133972e+00  -1.7144828965493122e+01
   152   1.7739692725295488e+00  -1.6907407893068733e+01
   153   5.2083556926960706e-02   1.8517461671354280e+01
   154  -5.2575586202754120e-02   1.7807385630689939e+01
   155   2.2172932319117300e+00   1.6426201127583266e+01
   156  -6.0780367002331648e-01  -1.6503836687509438e+01
   157   2.0107835293077190e+00  -1.7625972829766834e+01
   158   9.1052910532081821e-01  -1.5753398369509570e+01
   159   1.6781983524765964e+00   1.8040971777310535e+01
   160   3.4557714391939931e+00  -1.8194164832510605e+01
   161  -1.1017826764983272e+00   1.8943171775939614e+01
   162   6.4571217125115132e-01   1.8165206495647002e+01
   163   4.2326267909067891e-02  -1.7226916854084525e+01
   164   6.0944551591165164e-01  -1.7917777110695397e+01
   165   5.0362160755073804e-01  -1.8134827485174231e+01
   166   1.5346656196535691e-01  -1.8108573353274199e+01
   167  -1.5124901041784868e+00  -1.7911928350637812e+01
   168   7.4176563053504330e-01  -1.9020247249713059e+01
   169  -1.2225798286156171e-01   1.8589529112735569e+01
   170  -2.7943949201292577e+00  -1.7382708445192126e+01
   171  -2.8837107445585239e+00  -1.7647009682615213e+01
   172   4.8088789349630473e-01   1.8744669698739006e+01
   173  -1.8585679601998288e+00   1.6734936924204845e+01
   174  -4.1793526887653130e+00  -2.0471982414389910e+01
   175   7.7785687592411812e-01  -2.0111009992463682e+01
   176  -2.0821379850605743e+00  -1.9096497693930289e+01
   177   1.5102829018659529e+00  -1.8813362410470383e+01
   178   5.2374634249112422e+00   1.9111991824292936e+01
   179   6.6793420608691767e-01  -2.0245048159474994e+01
   180   3.8651494687652055e-01  -1.9209416222930940e+01
   181   3.3999170774190812e+00   2.0821930876169350e+01
   182  -1.1294266470528254e+00   1.7427445866729968e+01
   183  -2.9918668603197571e+00   1.7255313922449666e+01
   184   1.7076173358857416e-02   2.1248708657895055e+01
   185  -3.5834979480687640e-01   1.8355202532633552e+01
   186   3.0228126192521514e+00  -1.9567882572224320e+01
   187   5.1614909251701198e+00  -1.7956475308869724e+01
   188  -2.8500363765680574e+00  -1.7625773901040439e+01
   189   1.7481806938755091e+00   1.8682877122622962e+01
   190   2.2735599483018046e-01  -1.8989970839647643e+01
   191   9.4476636005269510e-01   1.7412956787554382e+01
   192  -1.8187631073321253e-01   2.2226732899797806e+01
   193  -5.3193323967777069e+00   2.0515895943932769e+01
   194  -3.3158126725130668e+00   2.0222005534664490e+01
   195  -3.2065239532583529e+00  -2.0796922291633638e+01
   196   2.0340500722013211e+00   1.8959600403247212e+01
   197   5.3581408955887500e-01  -1.9548917189483255e+01
   198   2.1062052780960463e+00  -1.9360041572263054e+01
   199   3.6699014136521857e+00  -2.0744480475269317e+01
   200   1.8943723524466858e+00   1.9370880185789087e+01
   201  -3.8887033318141913e+00  -2.0156375786479973e+01
   202  -2.3251287075337912e-01  -1.9887483655794210e+01
   203  -1.0915011201634470e+00   2.1987463951008877e+01
   204   2.6871797719348995e+00   1.9677598545780334e+01
   205   2.3919537486450269e+00   1.9758848687644164e+01
   206   1.5811109726109756e+00  -2.1315191546458632e+01
   207   6.7849338838111539e-01  -2.1591084052733649e+01
   208   4.8055563666266190e+00   2.1400391527158448e+01
   209  -4.4446542516525920e+00  -2.0144072859812692e+01
   210  -8.8133178653008282e-01   2.0669761862704757e+01
   211   4.2541273482649986e+00  -2.1143288760276782e+01
   212   1.2657192481267225e+00   2.0837878805778683e+01
   213   1.6392975904258493e+00  -2.0638626362035669e+01
   214  -1.1495567819001715e+00   1.9929594984163710e+01
   215  -1.0310126691972541e+00  -2.1703159649526558e+01
   216   2.3342709590395092e+00   2.2166061821124291e+01
   217   4.0542202510889025e-01  -2.0070246751330959e+01
   218   5.1471922315823220e-03   2.0495777096799557e+01
   219  -9.6452879371988598e-01  -2.0186778888312332e+01
   220  -1.3348952136275449e+00   2.0117654672153975e+01
   221  -2.3077543998659915e+00  -2.1273350717469842e+01
   222  -7.6714404867748887e-01  -2.1298246851809445e+01
   223   5.4945158253417592e-01   2.2428426157869243e+01
   224   7.1161354614356709e-01  -1.9031861218721250e+01
   225  -4.8374048779072587e-01  -2.1767568155063820e+01
   226   4.4402964423653204e+00  -2.2969871382380330e+01
   227  -9.3817193725150327e-01  -2.1040104457070068e+01
   228   1.5745364807617865e+00   1.9416218233849694e+01
   229   1.1694640701300527e+00  -1.9116993757945554e+01
   230   4.7454257616501755e-01   1.9617177914300207e+01
   231   2.9099865423396296e+00  -2.2711843389183297e+01
   232  -2.9764141097875840e+00  -2.0802599724438235e+01
   233   3.3608891177983091e+00   2.2347434056222678e+01
   234  -3.3512967137309529e-01   2.0503441045970504e+01
   235  -3.3998173835162659e-01   2.1587492309867265e+01
   236   1.0349665475973362e+00   2.1981554241306519e+01
   237   2.2746074341149396e+00   1.9634703545267133e+01
   238   1.6932666064214234e-02   2.0888182263784742e+01
   239  -7.5121431098853830e-01   2.0887777266275364e+01
   240  -4.7213081114812100e-01   2.4557404320965620e+01
   241   2.1691356534395250e+00  -2.0171865031014828e+01
   242   3.7084433397416321e+00   2.1348282704066090e+01
   243   5.7739891386047115e-01  -2.1729860924316394e+01
   244   3.2537391702350367e+00  -2.0798268919516165e+01
   245   1.2849413605986076e-01  -2.0946893102506191e+01
   246  -8.5968772168789021e-01   2.0706835940996200e+01
   247   2.0439277010780899e+00   2.0999677393981081e+01
   248  -9.7483462136272603e-01   2.2237995839115612e+01
   249  -1.4256002912588528e+00  -2.3919447539420872e+01
   250   1.2441763127906480e+00  -2.2536351263204555e+01
   251   8.5158744838551437e-01  -2.2755172266376483e+01
   252  -3.9608250271502032e+00  -2.2681146258656376e+01
   253   1.9318655766455264e+00  -2.1475782796930723e+01
   254   7.2308203922997905e-01  -2.1752996491487743e+01
   255   3.4728760993645913e-01   2.2170928619825482e+01
   256   9.8445194938843272e-01  -2.1864346279860559e+01
   257   9.9138676483978427e-01  -2.2614108628726470e+01
   258   2.9953947116017837e-01  -2.1717070590531875e+01
   259  -3.6637472698799717e-01   2.1752903434590923e+01
   260  -1.9735814069073232e+00   2.3504121785180971e+01
   261  -3.1030831076047372e-01  -2.3032889767683905e+01
   262   4.7558834871099158e+00  -2.3307416583262665e+01
   263  -3.5528260801476685e-01  -2.2699968458888183e+01
   264  -1.9464928917013298e+00  -2.2285870333803764e+01
   265  -3.1029253468325919e+00  -2.2742814331191909e+01
   266   1.7509311781211583e+00  -2.1981282639830454e+01
   267   4.0353877015533129e-01   2.0763375566301079e+01
   268  -4.5708838243686145e+00  -2.2141089255452279e+01
   269  -1.0320633296953678e+00  -2.3554423874299793e+01
   270   3.5031585308070539e+00  -2.4032382114406197e+01
   271  -4.4736253197323839e+00   2.1063937587659286e+01
   272  -2.4269484537660975e+00  -2.4253984112438317e+01
   273  -9.8128821766856411e-01   2.1844345567434676e+01
   274   1.3150028323164999e+00  -2.3259772760364715e+01
   275   5.8824171679836101e-01   2.2949949036530061e+01
   276   2.6208670440960002e-01  -2.3562153561328881e+01
   277  -7.7871126628185516e-01  -2.2903374866405883e+01
   278   4.3286520110985327e-01  -2.4837152465601140e+01
   279  -1.5785159050976290e+00  -2.3785016393137219e+01
   280   9.7985475815583190e-01  -2.2853744265536712e+01
   281   2.0278462285260397e+00  -2.3447427776869649e+01
   282   7.9042338146514390e-01   2.2514891351189309e+01
   283  -2.3393535888742440e+00   2.5699811106572017e+01
   284  -3.0163373662755997e+00  -2.2890915487767316e+01
   285  -5.3471619225020928e-01  -2.3382852032758738e+01
   286   4.3029117630367075e+00  -2.4285856976623254e+01
   287   6.2172450975694016e+00   2.4374691465638872e+01
   288  -7.7506152730878841e-01  -2.2010956254193914e+01
   289  -1.9482414355225603e+00   2.2981360548547194e+01
   290  -6.1308308631533515e-01   2.4698205896396363e+01
   291   1.2671648149838404e+00   2.3585232194185654e+01
   292  -4.7312849314151417e-01   2.4818867812350327e+01
   293  -2.3272568108738101e+00  -2.2972307456862293e+01
   294   1.3053730808160628e+00   2.5061809256964743e+01
   295  -4.7685458176570461e-01  -2.3723472102271028e+01
   296  -3.7402653455377886e+00   2.4240326609403816e+01
   297  -9.8139190307016755e-01   2.3533719757552774e+01
   298   1.1520999242318011e+00   2.3797511768797769e+01
   299   1.9505172006913829e+00   2.5515310276561710e+01
   300  -3.4149972665754240e+00   2.1804688291828111e+01
   301  -1.8844140680387773e+00   2.4354614278934864e+01
   302  -3.2183814198441048e+00  -2.4508480477186193e+01
   303  -1.2680020965222376e+00  -2.3496163920522335e+01
   304   1.3173624114835178e+00  -2.4142555760221938e+01
   305   2.4439850752773627e-02   2.4143119439909647e+01
   306   5.7254113514871052e-01   2.3749015517342094e+01
   307   9.4178683936407348e-01  -2.5540879602988852e+01
   308   1.9057704762036227e+00  -2.4228868048526497e+01
   309  -3.3001995980723171e+00   2.4430451425937957e+01
   310   3.2601407547457297e+00   2.4109518951967029e+01
   311  -5.2910067634849922e-01  -2.5944673456112717e+01
   312   4.1097389608561157e+00  -2.5421553117496689e+01
   313  -8.8317081487656213e-01   2.5584437495747309e+01
   314   2.1414475442858646e-01  -2.3676024751625327e+01
   315  -3.1557897164210571e+00   2.4453866301445483e+01
   316  -1.1440993488156217e+00  -2.3824404303894838e+01
   317   2.0207700441578513e+00  -2.4810726428637846e+01
   318   3.8266118850818831e+00  -2.5434862125346545e+01
   319   1.8618662494582403e+00  -2.5018630904397003e+01
   320   2.1959174780020221e+00   2.5040785645812637e+01
   321   1.6954171220725984e+00   2.5416308630769578e+01
   322   5.2098376457632189e-01  -2.6573343229256718e+01
   323  -1.4327111832999377e+00  -2.6681772495169003e+01
   324   4.2685215437191584e+00   2.6074446847251135e+01
   325   3.0101201665356285e+00  -2.5454292325903211e+01
   326  -4.4320982863569913e-01   2.5306805308063385e+01
   327  -2.7858716576576725e+00   2.6175907816701539e+01
   328   1.7608333712509432e+00   2.6769519931071592e+01
   329   2.3091806021081773e-01   2.5439181821560805e+01
   330   3.6379862528583251e-01   2.3124819660816399e+01
   331   4.9583673199140499e-01  -2.5456318494065780e+01
   332  -4.2741132466085341e-01  -2.5889101294314571e+01
   333  -7.4183260139201590e-01  -2.7039248619708673e+01
   334  -1.9745648714854847e+00  -2.6622950725213997e+01
   335   4.3016556979616966e-01  -2.6826387303741640e+01
   336  -4.3673229381334728e+00   2.6805532741731238e+01
   337  -9.1099218802901727e-01  -2.5077857827266808e+01
   338   4.4870728845162384e+00   2.3551967164254172e+01
   339   4.5632459846730761e-01  -2.6784035983858498e+01
   340  -2.0594287355179794e-01   2.4010888994238833e+01
   341  -2.9425847362240909e-01  -2.8132480763667360e+01
   342   1.1618228120583189e+00   2.7766780008517991e+01
   343   1.3166009293512443e-01   2.7705567395342193e+01
   344   1.3647018161912847e+00  -2.7490401286128456e+01
   345  -1.5132798965763700e-01  -2.5655304377839158e+01
   346  -2.1217947261258180e-01   2.7025060079799861e+01
   347   2.0165696128882638e+00  -2.6359961280337629e+01
   348  -5.6647849870724276e-01   2.5795936853223772e+01
   349  -8.6590233901223612e-01   2.6272746151884096e+01
   350  -7.1814891637792244e-01  -2.7654981306827597e+01
   351   5.2728977164224111e-01   2.6806307712923164e+01
   352   2.0479136291653157e+00  -2.7863605426364622e+01
   353   1.4052918492016793e+00  -2.6957201844797090e+01
   354   1.1487770815016307e+00  -2.7932316005119095e+01
   355  -1.5660480000518154e-01  -2.6579473472372857e+01
   356   4.7754554827681095e-02   2.6916157987004901e+01
   357  -1.2909256088170236e+00   2.7131673117277984e+01
   358   1.4344379511602492e+00   2.6785283135182400e+01
   359  -2.5408128313648488e+00   2.6768389888228011e+01
   360  -9.6610048233046797e-01   2.5391869481866845e+01
   361  -1.5047877828493970e+00  -2.7396411531399135e+01
   362   1.6897009371450280e+00   2.6099301365510037e+01
   363   8.3766058404931421e-01   2.6156591173547390e+01
   364  -7.1555102682935656e-01   2.7764353707397984e+01
   365   1.2376865828127444e+00   2.6184583063522616e+01
   366  -2.5361625271538748e+00   3.0534608444385000e+01
   367  -3.5245605517353762e+00  -2.6839766671666826e+01
   368   1.9718068701086844e-01   2.8190737771106093e+01
   369  -2.5659923507390343e+00   2.6795589490249743e+01
   370   7.2559405755781070e-01  -2.6507592004963534e+01
   371   2.6015595629979310e-01   2.8196740588745261e+01
   372   9.2824959229681347e-01  -2.7224379135096569e+01
   373  -1.8457526159674176e+00  -2.5546807652290813e+01
   374   1.7234004751659340e+00  -2.5894230015871511e+01
   375   3.4074436855461947e+00   2.7154603511725295e+01
   376   1.0989616213623055e+00  -2.8161070519801378e+01
   377   1.7389515253195522e+00   2.7305385134942274e+01
   378  -7.8395485789680353e-01   2.6688359547162460e+01
   379   1.9420362965811073e+00  -2.7876832978192756e+01
   380  -1.9052565848186143e+00  -2.8474131083764391e+01
   381   1.0153184018331558e+00   2.7535891641079335e+01
   382   2.7875620591882018e+00   2.8494127478364124e+01
   383  -5.3965305510860406e-01   2.7704406254459627e+01
   384  -1.2158762586538363e+00   2.7424263921310434e+01
   385  -1.4193409064192428e+00   2.8265486007137667e+01
   386  -3.1336252787054768e+00  -2.8988407044783369e+01
   387  -7.6003799463371491e-01   2.7072980573568088e+01
   388  -1.2832971108409197e-01  -2.7025944448369074e+01
   389   1.5050018106768723e+00   2.8420010443159285e+01
   390  -1.1565160053995310e-02  -2.7703212988253565e+01
   391  -1.7630655453344739e+00   2.8421564479393439e+01
   392   8.0842974566702086e-02   2.9467508074209167e+01
   393  -1.3018332600323606e+00   2.8131590806700402e+01
   394  -9.8253865218217584e-01   2.8395507448610449e+01
   395  -1.9632076223127108e+00   2.9681538203325282e+01
   396  -2.2376564568259578e+00  -2.8155564748846956e+01
   397   2.9870354262544723e+00   2.9047891093926598e+01
   398  -6.3983273584720957e+00  -2.8010835521948874e+01
   399   1.3751795529838553e+00   2.7831391570896081e+01
   400  -1.7438013330772941e+00   2.8123311838758202e+01
   401   1.5354242490344525e-01  -2.9148819097820788e+01
   402  -9.2733651902642456e-01   2.8029605560519066e+01
   403  -4.1390484231525342e+00  -3.1144713998275080e+01
   404  -1.8474817092987201e+00  -2.7647679733847042e+01
   405   2.9127864184303891e+00  -2.8913257784416420e+01
   406   4.5325165639803116e+00   2.7505781081816210e+01
   407   1.1112271461017993e+00   2.8829316774570955e+01
   408  -2.9197112715213662e+00  -2.7934068786680363e+01
   409   3.0942076685581987e-01   2.9574053510069231e+01
   410  -3.1561842603432250e-01  -2.8625463653008662e+01
   411  -1.6343794040553632e+00  -2.9171308870171501e+01
   412  -4.1900677697874462e+00  -2.7725714673210579e+01
   413   1.4026750876650490e-01  -2.8029200245144697e+01
   414  -1.5573448747386964e+00  -2.8261205843857311e+01
   415   1.7340101011445850e+00  -2.8415804130561597e+01
   416   2.4882614449535292e+00  -2.8839270237649867e+01
   417  -2.4626401420187638e+00  -2.8690415608732952e+01
   418  -1.5827575696572660e+00  -2.9318045467350260e+01
   419  -3.3832574645726008e+00  -2.9549908152850577e+01
   420  -4.9800316376759959e+00  -2.7633133530003423e+01
   421   2.7790663968856535e+00   2.8589152802988277e+01
   422  -2.0504786716899117e+00   2.8830681584655796e+01
   423  -1.9790689715275565e+00   2.9941372200316394e+01
   424  -2.7961262548880166e+00   3.0000012664353438e+01
   425  -9.8189131725985113e-01   2.9512170680888392e+01
   426   1.4097125078830661e-01   2.9564378101915676e+01
   427  -2.7752314605332615e+00  -3.0511898596189663e+01
   428  -2.4017024490997847e+00  -2.9431657830157970e+01
   429  -2.4532096221088193e+00  -2.9556121654529118e+01
   430  -1.9016342168522704e+00   2.9424955107179059e+01
   431  -1.2731996638873890e+00   2.7474894569499224e+01
   432   1.5978697627507393e-01  -3.0325827990044854e+01
   433  -2.9812859492576189e+00   3.0910933831078701e+01
   434  -3.1238712970621108e+00   3.1257442020952997e+01
   435   3.5772561174479811e-01  -2.8938447266417292e+01
   436   3.0214179361840565e-01   2.9259055446215314e+01
   437   1.6711109282435015e+00   2.9260543696332235e+01
   438  -8.2922646749793327e-01   2.9527679419168592e+01
   439   2.1676921681389665e+00  -3.0015776491989008e+01
   440  -2.0901192612619388e+00  -2.9173220731937192e+01
   441   1.8876738682190173e+00   2.7481731351146401e+01
   442   1.9933943290582140e-01  -3.0884052786708551e+01
   443   2.1123852492763868e+00   2.9345952394066725e+01
   444  -2.7819941976754348e+00  -2.9617570269280872e+01
   445   3.3078914872922547e+00   2.9908233935785947e+01
   446  -3.2144452217541802e-01   2.9539937648818213e+01
   447   4.4906004477314854e-01   3.1388739456127009e+01
   448  -5.4264218062192504e-01  -3.0935885695298001e+01
   449  -2.7424133736905598e-01   3.0620698825516310e+01
   450  -9.1196206755855591e-01  -2.9744630381096716e+01
   451  -1.9488569485153984e+00  -3.0102663953400782e+01
   452   3.1135220885584891e-01   2.8262473195650415e+01
   453   2.8585363509893482e+00  -3.1128727795404270e+01
   454   1.4559930232647913e+00  -3.0655584079526140e+01
   455   2.9576687172794420e+00   3.1596453743840900e+01
   456   2.0622695334204471e+00   3.0088631159959764e+01
   457   1.7521895013109441e+00  -2.9782905474810917e+01
   458  -3.5315748889057588e+00   2.9057358422294246e+01
   459  -3.6394949932399689e+00   3.1805302637613067e+01
   460   2.2823872639134803e+00  -3.0634130988295059e+01
   461  -1.1758773403431617e-01   3.0769539038174930e+01
   462  -8.2681043756865868e-01   2.9800883950366853e+01
   463   1.3179009920529510e+00   3.1258763339811424e+01
   464  -3.2668939767908718e+00   3.0525131397123186e+01
   465  -3.1293996119946904e-01   3.0220103494714561e+01
   466   2.9390325045814705e+00  -3.0065162007265258e+01
   467   1.6769706583209911e+00   3.1222514572385712e+01
   468   2.0860405463389800e+00  -2.7854565700987706e+01
   469   2.2535147465202163e+00   3.2352236884991342e+01
   470   2.3805060663451765e+00  -3.1112773651641188e+01
   471  -2.0281297045232365e+00  -3.2966845815762930e+01
   472  -1.2604935954455654e+00   2.9928093631174473e+01
   473   6.8195183375040352e-02   3.1052487349414076e+01
   474  -2.5909482887842392e+00  -3.1278952337176250e+01
   475   1.3245861749864107e+00   3.3499163714106842e+01
   476  -1.1200677194661332e-01   3.2092625936274935e+01
   477   1.6077084232304861e+00   2.8685951892909159e+01
   478  -1.9521481447096101e+00  -3.0173154488207292e+01
   479  -2.5695547180344480e-01  -3.1113551888192255e+01
   480   1.2702710959071064e+00  -2.9978803054288996e+01
   481   1.0927707453364324e+00   3.0708641459404461e+01
   482   1.1613517227915608e+00   3.0757128938410830e+01
   483  -1.7304254395223744e+00   3.1979190797268263e+01
   484  -1.1513106014278538e+00   2.9193104980559323e+01
   485  -2.6763570753925561e+00  -3.0606895242561279e+01
   486  -3.3843201752780301e+00  -3.1212681159772888e+01
   487  -3.7415779536243488e-01   3.1466774299326335e+01
   488   1.2451546906861428e+00  -3.1112232516781400e+01
   489   2.9948096370934496e-01  -3.0766330541210113e+01
   490   1.9260430448173731e+00   3.1696706849019755e+01
   491  -1.6463951615824561e+00  -3.0810630656226895e+01
   492   1.7627767967923984e+00   3.1562995951768645e+01
   493  -2.0272960508877182e+00   3.0587716136642438e+01
   494  -9.0110149620666213e-01  -3.1414988243803666e+01
   495  -1.5855817675523356e+00  -3.1851850756775445e+01
   496  -7.3811908181249408e-01  -3.0843019143704957e+01
   497   2.0083507794586879e+00  -3.0479165777460082e+01
   498  -2.9429533740534488e+00   3.0270846753896354e+01
   499   2.2547387118796114e+00   3.1419185227348279e+01
   500  -3.2347591619574412e+00   3.3412323864370130e+01
   501   3.8080839419343953e+00   3.2446518586382538e+01
   502   7.3218228911603345e-01   3.1707698389610460e+01
   503   1.1841500232096459e-01  -3.3140185616340773e+01
   504  -5.4694444698055311e-01  -3.1985188188088372e+01
   505   3.2384229749459043e-01  -3.1540570339592321e+01
   506   3.4519875021466566e+00  -3.1414915551677581e+01
   507  -1.5712066888018223e+00  -3.3643040517489148e+01
   508  -6.6567312971070314e-01  -3.2529038467872489e+01
   509   2.8647856278850706e-02   3.2705972304904869e+01
   510  -1.6258385016593184e+00   3.1461072013650259e+01
   511  -4.7684388399981401e+00   3.2077017971771092e+01
   512   8.4140776171034271e-01   3.3393419418067730e+01
   513   2.0903292852982425e+00  -3.2649216595895133e+01
   514   2.2735896716707558e+00  -3.2165299852178627e+01
   515   2.7883815631611384e+00  -3.1893108170669276e+01
   516   8.1295919657820104e-01  -3.2555508110797952e+01
   517   1.3902480540816891e+00  -3.1595715408185892e+01
   518   6.7775585102949876e-01   3.1718362254862459e+01
   519  -1.8210186922605223e+00   3.2767773313407062e+01
   520  -2.3853225465411501e+00  -3.2241369170995625e+01
   521   1.3062209326149203e+00   3.4910021991025204e+01
   522  -1.9391119989677561e+00  -3.1713615824339886e+01
   523  -2.7591890021311039e-01   3.1464151163177430e+01
   524  -1.3064154426065535e+00   3.3983940330796557e+01
   525  -1.2072596134504194e+00   3.1900511083566400e+01
   526  -2.6120391997954386e+00   3.2589972593222186e+01
   527  -1.4580844006196194e+00  -3.1665611905948705e+01
   528   4.1750158388374098e-01   3.2974536884036574e+01
   529   3.7324291777124250e+00  -3.3139782387065146e+01
   530   1.0977139156079969e+00  -3.2949507180686247e+01
   531  -6.0450157886156974e-01   3.2840863716199422e+01
   532  -1.2453746321372430e+00  -3.1449674280674419e+01
   533   1.6240909211850156e+00  -3.2234501768779239e+01
   534   5.0876950464662885e-01   3.1118677116211359e+01
   535   9.8438108281360337e-01  -3.0938873028261874e+01
   536   2.3839421625539465e+00   3.2239023812453247e+01
   537   3.1270891395511274e-01   3.3459824565764919e+01
   538   5.2950174142666988e+00   3.2408724077709081e+01
   539   6.2318812286445679e-01   3.3436279484947271e+01
   540  -1.2476129138546994e+00  -2.8876212125960958e+01
   541  -2.4697173043881571e-01   3.3800758441599598e+01
   542  -9.8274254329900745e-01   3.2847511870310363e+01
   543   7.0026349164165169e-01   3.1306005183713296e+01
   544  -2.7356296383956260e+00   3.3362728551581078e+01
   545  -1.1901702320635927e+00   3.1488879106119771e+01
   546   7.3530660968405959e-01  -3.1663415212769234e+01
   547   6.4258934041142290e-01  -3.3696656688194906e+01
   548   4.7685720946535959e-01  -3.3254556709970245e+01
   549  -1.6071406696526613e+00  -3.3317369453388167e+01
   550  -6.1385302404684028e-01   3.4535136705249286e+01
   551  -1.6416962485866851e+00   3.3063157248839438e+01
   552   3.4432794891385266e-01   3.4702061331691063e+01
   553   2.3982863393080209e-01   3.1255007045323939e+01
   554   1.1001325485259488e+00   3.4494047291068377e+01
   555  -6.3706295256349199e-01  -3.2307850086112175e+01
   556  -1.8213123924127306e+00   3.3258082547650574e+01
   557   1.2364774442163371e+00   3.3033829427535714e+01
   558  -1.3000070947935913e+00   3.3281589157316205e+01
   559  -1.7715062938946669e+00   3.3779578281082962e+01
   560  -5.1806844751663239e-01   3.2523486505559447e+01
   561   7.0770651990832933e-01  -3.2712478421569621e+01
   562  -3.2863677150283301e+00  -3.3479688887700256e+01
   563  -3.0895344251479342e+00   3.4455503087475272e+01
   564   2.5589807920859124e+00  -3.2414676803975716e+01
   565   7.3013206875250625e-01   3.2431891880336089e+01
   566   1.9120979251781876e+00   3.3116380412813804e+01
   567  -1.1997274114025873e+00  -3.4134275730566166e+01
   568   5.1951365127072724e-01   3.3923666872369850e+01
   569   1.7068209815597946e+00   3.4933705954979189e+01
   570   1.3738562782261421e-01   3.4761117383274708e+01
   571  -1.7144434155653534e+00  -3.4395719487025573e+01
   572   1.9063439998631466e+00  -3.2741519549355104e+01
   573   1.1402062339527994e+00   3.2372882698525302e+01
   574  -3.2927819203530366e+00  -3.3480774932615702e+01
   575   2.0205552125820745e+00   3.4047713371955275e+01
   576   5.2649781676541740e-01   3.4101978355466237e+01
   577   2.3340649922209287e+00   3.3811256362079135e+01
   578  -6.8873244923191454e-02  -3.5382532421821821e+01
   579   1.0798271043042630e-01   3.4037057229575019e+01
   580   1.1048150969912798e+00  -3.3680773653439317e+01
   581  -5.5874619800085346e-01  -3.3574695810113802e+01
   582  -6.5907282343690876e-01   3.5334597656570757e+01
   583   1.0744855016950083e+00  -3.1498157004382005e+01
   584   6.7074949705617115e-01  -3.3621052651011674e+01
   585   1.1998994321997729e+00  -3.3453710331556650e+01
   586  -1.4340089337602520e+00   3.3244103451979477e+01
   587   2.5085526449929247e+00   3.3631221193587777e+01
   588   2.7016795046579238e+00   3.5147316926811214e+01
   589  -2.6208254570193168e-01   3.5676639156689014e+01
   590  -9.8827816375988942e-01   3.3507745510055699e+01
   591   2.2083240222528833e+00  -3.4181493629075042e+01
   592   3.5768981442925121e+00   3.5171293683212546e+01
   593  -2.0121610786168613e+00   3.3756554384163074e+01
   594   2.9178243163350923e+00   3.4528670292301875e+01
   595  -6.6532474859270829e-01   3.4529919634293897e+01
   596   1.8219684798384137e+00   3.3066763998443882e+01
   597   1.5444594666537999e+00  -3.5078790876495987e+01
   598  -1.5871500759174435e+00   3.5426611814774802e+01
   599  -3.2257413448445975e+00   3.5130935003175189e+01
   600  -1.9571156029448147e+00  -3.6098732896928539e+01
   601  -2.9935835151366930e+00   3.4760600042138805e+01
   602  -4.8976156624051530e+00   3.5412621631521880e+01
   603   1.7939422788132873e+00   3.4834111324299286e+01
   604   1.7695030673014243e+00   3.2534290936925601e+01
   605  -9.3973972746844006e-02  -3.4150560955203822e+01
   606   2.6928083766295767e+00  -3.4690170716310938e+01
   607  -1.2420956960282545e+00  -3.4770195386466746e+01
   608   1.1209130207671976e+00  -3.5375567646240846e+01
   609  -5.7313333024927244e+00   3.5438869638411752e+01
   610  -5.6693154392970513e-01  -3.3709058825388126e+01
   611   2.0976654592775831e-01   3.3873681801632550e+01
   612   1.2822626566803281e+00  -3.4648167550693522e+01
   613   5.2287100540997855e-01   3.4983547250909339e+01
   614  -2.4947501479954942e-01  -3.3760645665854398e+01
   615   1.2971443342013085e+00  -3.5924469277692339e+01
   616   1.7854350279767219e+00  -3.4295202442866632e+01
   617   1.5036726898644737e-01  -3.4866755609919167e+01
   618   1.0218262659234245e-01  -3.4411393208804625e+01
   619   1.9710926285556385e+00  -3.5304884405065820e+01
   620  -1.5648896030597925e-01   3.4607507002824683e+01
   621   3.4978582000879563e+00   3.4817298606691288e+01
   622   1.6135223260889817e+00   3.4836074074882845e+01
   623   3.4826377669190500e-01   3.5337387395355563e+01
   624  -1.3569797228929745e+00   3.5782024374268516e+01
   625   8.6517106768086216e-02  -3.4081832626225932e+01
   626   4.5541393044836692e-01  -3.5515936434866930e+01
   627   1.7448653649953498e+00  -3.5682918241361882e+01
   628   1.0326251188984876e+00  -3.5515684380216904e+01
   629  -5.6374048260031850e-01  -3.5004199930846369e+01
   630   1.0566571118030406e+00  -3.4517135528747190e+01
   631   8.4486342641357029e-02   3.4086965126041186e+01
   632   1.5149245207674673e+00  -3.7642439155361387e+01
   633  -2.5865019440581141e+00  -3.5603422379244172e+01
   634  -5.6533338436874525e-01  -3.5581711613918856e+01
   635   3.9101607995518865e-02   3.4571136854724102e+01
   636  -4.5820932673494017e+00  -3.6736409695948730e+01
   637  -8.9918908780267537e-01   3.4229022890129322e+01
   638  -3.8062024425499448e-02  -3.4024252858394874e+01
   639   2.0129759443041779e+00   3.6252081591752209e+01
   640  -5.2622411537560032e-01   3.6101656037131256e+01
   641  -5.8329160976051964e-01   3.6327336677432463e+01
   642   1.8607128244267499e+00  -3.7935826808080861e+01
   643  -4.2944060581314965e+00   3.5076357456207347e+01
   644  -2.7801200789193601e+00   3.4358866091063099e+01
   645   2.4006768333232023e+00  -3.6733216997589402e+01
   646  -2.0985719898190767e+00  -3.6424817241418346e+01
   647  -1.8993756407588291e+00  -3.4716590770178954e+01
   648   1.8375564562505815e+00   3.5491916639958255e+01
   649  -4.8369405307373592e+00  -3.3746979209400614e+01
   650  -1.9551415960094547e+00   3.4983698791676431e+01
   651   7.3172306865195802e-01   3.3948828388407776e+01
   652   4.0775608957199969e+00   3.5562871971518348e+01
   653  -5.7582300993539626e-01   3.5551958464510008e+01
   654   1.4131797325822741e+00   3.8477407702727795e+01
   655   5.5970946405146427e-01  -3.7222685396219831e+01
   656  -3.5776976617553802e-01  -3.5400963237177450e+01
   657   8.4596588149988028e-01   3.6834915410392249e+01
   658   2.0990128779563348e+00   3.5343357653535826e+01
   659  -3.3576081955641932e+00   3.5280578209205636e+01
   660  -3.1462069603857747e+00   3.6653343801102068e+01
   661   3.6291187240094871e+00   3.5886210314115523e+01
   662  -1.3441473641021884e+00  -3.4520412035993616e+01
   663   3.3299371484494422e+00   3.8093888201782569e+01
   664   1.2283730078403641e+00   3.6821178708381652e+01
   665  -2.4764302416438694e-01   3.7727405653661165e+01
   666  -1.1519687144886885e+00  -3.4305331406809394e+01
   667  -1.8076089777211919e+00   3.6741451089571392e+01
   668   4.3371953167158193e+00   3.5544342808266229e+01
   669  -6.3499440928509931e-01  -3.6701585066369994e+01
   670  -5.8240142304660958e-01  -3.7279722674462946e+01
   671  -1.5339843424192368e+00  -3.5983890921084488e+01
   672  -1.2148851985195259e+00  -3.7779443420503362e+01
   673   1.9975857867227862e+00   3.7040502714716105e+01
   674  -1.5786249637727376e+00   3.6511993100438310e+01
   675   9.4499549171190245e-02   3.5835697986666403e+01
   676  -1.3944588782340670e+00  -3.6870759115366823e+01
   677   1.4904196838456780e+00  -3.6487701005921778e+01
   678  -2.3425564424744208e-01  -3.7977583112902863e+01
   679  -4.6554589949857594e-01   3.8362768797341268e+01
   680   3.9530679808174445e+00   3.7192280090876153e+01
   681   2.9305055070435624e+00  -3.6907753886043153e+01
   682   8.6119019455761858e-01  -3.8270797519639288e+01
   683   1.0196760742521738e-01   3.9193157035947266e+01
   684   3.5735373662147376e+00   3.7304409822424837e+01
   685   3.7460050037441492e+00   3.7456992397111883e+01
   686   1.5407149794775470e+00   3.7468131272985417e+01
   687   4.5787727529897043e-01   3.6206190127027014e+01
   688  -1.4673604160396014e+00  -3.5741141988962227e+01
   689   1.9367347082894637e-01   3.5813879190853761e+01
   690   3.7563921702011421e-01  -3.6843780065411373e+01
   691   2.4871177381830809e+00  -3.6903131758485408e+01
   692   6.6460656149845132e-01   3.8836536875593701e+01
   693  -5.7086320607889658e-02  -3.6871352964517392e+01
   694  -1.8413058884235367e+00   3.8160453277931865e+01
   695   1.0454568324786304e+00   3.7775258132236516e+01
   696  -4.3397108157284636e-01   3.7667954639599486e+01
   697   1.6753239668593465e+00   3.7323758984288517e+01
   698  -1.5347375278083231e+00  -3.8416881661318783e+01
   699  -1.1686821266958007e+00   3.8876786387476017e+01
   700   8.1102585799961080e-01  -3.7475329636126652e+01
   701   1.5540118018473779e+00   3.6976352296138451e+01
   702   2.6088694989832234e-01   3.7961547744945683e+01
   703  -1.2534434882353240e+00   3.9717693698275639e+01
   704   3.0468638434508311e+00   3.7743913973730734e+01
   705  -1.6230965833924016e-01   3.7597454155676047e+01
   706  -8.0794377522930250e-01  -3.6066152411880879e+01
   707   3.1526128779794660e-01  -3.8867998369498032e+01
   708  -1.5093718791051731e+00   3.6239702561898625e+01
   709  -2.4139475256432514e+00  -3.7481915080297817e+01
   710  -2.8279221970523372e+00   3.6632726530496576e+01
   711   8.0160336408835720e-01   3.8081332506756191e+01
   712  -2.7293954514838488e+00  -3.8305871624549290e+01
   713   2.2846720205381579e+00   3.6371230271137186e+01
   714  -2.1118052324217787e-01   3.7530557880810221e+01
   715   5.4848955670917710e-01  -3.8528342783662673e+01
   716  -1.0444093204761535e+00   3.9061160179554562e+01
   717  -1.1773129697670448e+00   3.7908602861197437e+01
   718  -2.3176207723732045e-01   3.8131666523315786e+01
   719   3.7465864212378164e+00  -3.7862300861636399e+01
   720   3.3137386869911838e+00  -3.6737712632861538e+01
   721   2.7800187188851897e+00   3.9080705575809212e+01
   722   1.0239175103774332e+00   3.8954153611375816e+01
   723   9.1482893700852197e-01   3.6956365103892615e+01
   724   6.8169375474390548e-01   3.9671772528914715e+01
   725  -2.0569122399197695e+00   3.7785548316988539e+01
   726   8.1596128887271357e-01   3.9124813400049149e+01
   727  -4.3277735373526376e+00   3.9372965772221711e+01
   728   2.1166905169543462e+00   3.9967644198364745e+01
   729   8.2465869916244339e-01  -3.6860454997207071e+01
   730  -2.3262857281345033e+00   3.7403341676808274e+01
   731   1.9685886228829141e-01  -3.8711742018692540e+01
   732  -2.4314717553141834e+00   3.8228438463078810e+01
   733  -1.7146211366481536e+00   3.8196138780618263e+01
   734   9.2669797181429669e-01  -3.7432605980532799e+01
   735   6.2064386728122556e-01  -3.6961827790362143e+01
   736  -1.2374840400682566e-01   3.9129339252846940e+01
   737  -4.7610576144667011e-01  -3.7176769566404900e+01
   738  -6.0458269330033143e-01   3.7727463168814026e+01
   739  -1.9165684930905313e+00   3.9349165835430483e+01
   740   1.3133077709015240e+00  -3.8098611107892978e+01
   741   4.6434211425724514e-02  -3.8442721873677371e+01
   742  -2.8491007119656864e-01  -3.8380861657150753e+01
   743   5.8949866526227590e-01   3.7803950947214368e+01
   744   1.2676201068426773e+00   3.8495430640072172e+01
   745  -2.8228178745678325e+00   3.8769344002626127e+01
   746  -1.2116636857131344e+00  -4.0345879174806349e+01
   747  -1.2671315170504466e-01   3.8021603490920072e+01
   748   1.3493886553107961e+00   3.7458856009963640e+01
   749  -2.8941731468108980e+00  -3.8804675506365747e+01
   750   1.7601809654574357e-01  -3.8584217469216064e+01
   751   4.3663703835868189e-01   3.9408000734310846e+01
   752   2.7742284860551741e-01  -3.8543726025082904e+01
   753   1.7065410737580502e+00   3.9860905199710039e+01
   754  -1.7805765637298099e-01  -3.7874223130605117e+01
   755  -1.3834931009047531e+00   3.9830230609737406e+01
   756  -1.0394364362983852e+00   3.8440258559347342e+01
   757  -2.0977394899018722e+00   3.8477023858846003e+01
   758  -3.1708714177757114e+00   3.8451903416314870e+01
   759  -1.0559831160304468e-01   3.6431551497519152e+01
   760   4.5590152890300422e+00   3.9376621302305082e+01
   761  -1.9546510335233591e-01  -3.7881388733783552e+01
   762  -3.4342269045580407e+00   3.9623975065360973e+01
   763   2.8916687966329935e+00   3.9337316044027794e+01
   764  -3.3276635355118755e-01  -3.9914744338851236e+01
   765   2.5249109076934215e+00   3.9856243807903539e+01
   766  -1.0995719438470899e-02   3.8585410146725998e+01
   767  -8.2646456353812447e-01   3.8002634572207462e+01
   768  -2.0984721066558483e+00   3.7016946715480842e+01
   769  -1.4693117404171312e+00   3.9224161677536337e+01
   770   1.4385966371042322e-01   3.9995136269235815e+01
   771  -4.0723799520507118e+00  -3.8458604382816162e+01
   772   3.0891519843538866e+00  -3.9262424697726033e+01
   773  -1.3479638849439337e+00   4.0439617315789924e+01
   774   6.3604522546220144e-01   3.8058764928799619e+01
   775  -8.0686977033899721e-01   3.6994630513095366e+01
   776  -5.5437100448561138e-01   3.9500031629964575e+01
   777  -2.4417096162837770e-01  -3.7534123421457103e+01
   778  -2.9946303378796113e+00  -4.0384778677030354e+01
   779   1.0116028057078850e+00  -3.8999414651463276e+01
   780  -2.9085562858667025e-01  -3.9755262569492885e+01
   781   2.5671620137927302e+00   3.9506171823624399e+01
   782   5.4420578142873310e-01  -3.7226189257670718e+01
   783   1.1630527564173796e+00  -3.8253997572383597e+01
   784   2.6674056632939074e+00  -3.9434453320652921e+01
   785  -8.4018384363641785e-01   4.0213190765991868e+01
   786  -8.1374048654494680e-01  -4.0892021720642639e+01
   787   1.6169936070398310e+00   3.9500775604828384e+01
   788  -3.4911227935463960e+00   3.8349261979882456e+01
   789  -1.7926339429572078e+00   3.8690025148411138e+01
   790  -5.5303939082222053e-01   4.1700163203755004e+01
   791   2.3463448551821693e+00   3.9199480926686512e+01
   792   2.1845356276563983e+00   4.1265666050849099e+01
   793  -2.7802757441615427e+00  -4.0620791327924316e+01
   794  -2.2390195657507164e+00   3.8795743116201123e+01
   795   1.2047650297757057e-01  -3.9906647693722860e+01
   796   8.5819221804069468e-01  -4.0635564901479448e+01
   797   2.0016341903827568e+00   4.0802032057384537e+01
   798   1.2233411871736728e+00  -3.8078401997436494e+01
   799   3.0865262473727659e+00  -3.9370839174677755e+01
   800   1.6149219547793146e+00   4.0135608495843236e+01
   801   7.0243182669115767e-01  -4.0059687337634486e+01
   802  -9.1864543271645138e-01  -3.8402466896981920e+01
   803  -7.8676480409577942e-01  -3.9454941357885957e+01
   804   4.2032390886756132e-01   3.9595231648532724e+01
   805  -2.2269901632311560e+00  -4.0186001343557763e+01
   806   1.3977130470207595e+00  -4.0027315072882402e+01
   807   2.8976022980979721e+00  -3.9934658879926346e+01
   808  -2.1621455211369165e+00   4.0822768127291276e+01
   809   1.1719678269743403e+00   3.8884329929176289e+01
   810  -1.3874791501524535e+00  -4.0178094509015835e+01
   811  -2.1180933035675524e+00  -3.9678223272752291e+01
   812   1.2274981292950435e+00   4.0451629359783539e+01
   813  -1.8033210736711207e+00   4.0200339826752547e+01
   814   7.5989021242838413e-03   4.1791060754155346e+01
   815  -1.9577312652702763e+00  -3.8899086290283499e+01
   816  -3.3167611927137658e-01  -4.0863984235569518e+01
   817  -1.9257024841406178e+00  -4.0827908513509904e+01
   818  -5.4497878200193073e-01   4.1694380811784058e+01
   819   7.5592947371882246e-01  -4.0215294774303068e+01
   820   2.8964628827862482e+00   4.2640248097275951e+01
   821  -8.7189038104188632e-01   4.1671372080939172e+01
   822   1.7430029016750928e+00   4.0242202720472946e+01
   823  -3.9635989165920060e-01  -4.2502656566590893e+01
   824   1.5827081576479329e+00  -4.0803266281003559e+01
   825   2.3522043175426641e+00   3.9717348875646223e+01
   826   5.7044849847588770e+00  -4.1465656091342176e+01
   827  -1.3155214379049029e+00  -4.2103216439583676e+01
   828  -5.1899964824074774e-01   4.1292441361458351e+01
   829   2.7001807503132130e-01   4.0229722636759739e+01
   830   1.2375459645996778e+00  -4.0370499526350031e+01
   831  -1.8527000099412467e+00   4.0600392778430070e+01
   832  -3.8053024177634014e+00   4.0863434323628610e+01
   833  -2.2177989345596685e+00  -3.8660556964649182e+01
   834  -3.1660479571149464e-01  -3.9948209449371916e+01
   835   1.6254444811646043e+00   3.9060244026097863e+01
   836  -1.5794788865312217e+00   4.0845095341179189e+01
   837  -1.4643005716441992e+00   4.0494222380501604e+01
   838   1.1543906338803547e+00  -4.1354707973238483e+01
   839  -4.1681974489659840e-01   3.9680100697498730e+01
   840  -3.5923383212802085e-02   4.0990035435720671e+01
   841  -2.7396986979964884e+00  -4.1119235129633275e+01
   842   2.0550249365163995e+00  -3.9859495113752004e+01
   843   2.0040663563731735e+00   4.0781990665403931e+01
   844  -1.2903461545527217e-01   4.2864237261152155e+01
   845   9.8377738861151476e-02  -4.1734832750988581e+01
   846   1.5986908647126497e+00   4.0690024685177903e+01
   847   2.4105373870586893e+00   4.0224857923054628e+01
   848   1.2138528212786777e+00   4.1988518789977022e+01
   849  -2.5404944201638648e+00   4.0146127760416782e+01
   850  -2.0075089655816076e+00   4.0232176222499014e+01
   851   1.5486467498235283e+00  -4.1103142079863289e+01
   852  -6.7844037048657713e-01  -4.3012040930302938e+01
   853  -2.6210928583254365e+00  -4.1893622577901560e+01
   854   3.2694707310750151e-02   4.2218054922998029e+01
   855  -3.2558505326773668e-01  -4.0424274519536411e+01
   856   1.1693809668223847e+00  -4.1666490949975135e+01
   857  -2.5785905002763685e+00   4.0266296119734257e+01
   858   1.5154805068097246e+00  -4.2782866396705160e+01
   859  -1.3360733558875793e+00   3.9961026676343650e+01
   860   9.9788468085121063e-01   4.1810488201279107e+01
   861   4.1451254083601947e+00   4.1043553156035692e+01
   862   2.8460322439066021e+00  -4.1249999532079393e+01
   863   2.0363335969107195e+00   4.2122518523497170e+01
   864   1.3987120897655378e+00  -4.2340447647947016e+01
   865  -2.0308490303849522e+00  -4.0006102148315250e+01
   866  -2.5430706341516493e-02   4.2448266168420957e+01
   867   7.1945940620833926e-01   4.2360229831141780e+01
   868   3.1215511806779954e+00  -4.0376609571087151e+01
   869  -1.6391535788158378e+00   4.1187693522471164e+01
   870  -5.9460185111518926e-01   4.2711749398458387e+01
   871  -2.3482137817311388e-01  -4.1821404202852797e+01
   872   8.2432987095839505e-01   4.1449465557222595e+01
   873  -2.3210303728417854e+00   4.1964616112862615e+01
   874  -7.6405694819884840e-01   4.0715718691000099e+01
   875   1.0231217979000351e+00  -4.1269871296640552e+01
   876   2.1667020975949622e+00   4.3778302400948057e+01
   877  -2.7337444859901621e+00  -4.0413753573585694e+01
   878   1.2772055746328328e+00   4.2508213101370934e+01
   879  -2.4215974221305241e+00   3.9866209678600498e+01
   880   4.3585236217988514e+00  -3.9557623774925048e+01
   881  -3.8573913979285890e+00   4.0320939674897069e+01
   882   2.0158028632917548e+00   4.1880227222686457e+01
   883  -5.2905032793337181e-01  -4.2533278181923706e+01
   884  -1.0774966408720652e+00  -4.1903044088506896e+01
   885   4.6366143095062995e-01  -4.1960198014186787e+01
   886  -1.7976233116892177e+00   4.1854564081158045e+01
   887   1.6359057181493604e+00   4.1429570649885413e+01
   888   1.6500936494545710e+00  -4.2949472340084789e+01
   889   7.6274814464511542e-01   4.1723669435258365e+01
   890  -3.0255083406798633e+00  -4.2623268761913522e+01
   891  -1.3965296853169857e+00   4.3412525177661614e+01
   892  -2.7506461326174456e+00  -4.3381924216474907e+01
   893  -3.8528620914187295e+00  -4.3599359566480558e+01
   894  -3.0998401474097563e+00  -4.2347054211657543e+01
   895   8.2485867134400548e-01  -4.2196545384345590e+01
   896   1.6137533489929887e+00   4.2205382922998005e+01
   897  -2.2401342530548307e+00   4.1840277767921854e+01
   898  -5.5041108925376703e-01  -4.2752084960313745e+01
   899   2.7122057441165337e-01  -4.3975016715895563e+01
   900   1.1357104873265675e+00   4.4280930996723001e+01
   901  -2.0466136535644988e+00   4.2550854115652257e+01
   902   1.1675067323880486e+00   4.2866469328241635e+01
   903  -6.6284775198981860e-01  -4.0852906243970551e+01
   904  -1.0407341913386157e+00  -4.2839277809699816e+01
   905   6.9166556394314616e-01  -4.2203257217602392e+01
   906   5.4958355325277530e-01   3.9979736149620074e+01
   907  -4.7103129961581534e+00   4.2391223480601042e+01
   908   3.7820440708899752e+00  -4.4602467369758166e+01
   909  -4.2527666997817254e-01   4.0434284471272527e+01
   910   9.8652014885508732e-01  -4.1704728180652609e+01
   911   5.3793377226127537e-01  -4.2255441783191131e+01
   912   3.2626275071123030e+00  -4.3268141654027708e+01
   913  -6.9108788039194191e-01   4.1824608969520519e+01
   914   2.7281051425482654e+00  -4.3243671659029758e+01
   915   6.9740533156346551e-01  -4.1716095786575060e+01
   916   7.5946794844549004e-01  -4.2909414609612789e+01
   917  -2.4453805597905620e-01  -4.3606528955994513e+01
   918  -8.0301835799476862e-01  -4.2582168230102525e+01
   919   7.0371903866172791e-01   4.3132083860459801e+01
   920   3.3090753862704321e+00   4.4020772398998986e+01
   921  -5.4430190132910150e-01  -4.2799150297201784e+01
   922  -4.4145765230447404e-01  -4.3060920057007266e+01
   923  -1.6952584893352013e-01  -4.1677193670640946e+01
   924   5.6128179510861909e-01  -4.3383312212342361e+01
   925   1.2731529210123900e+00   4.1856858165306285e+01
   926  -2.8360441117830986e+00   4.2130474191637433e+01
   927  -5.0237900203744124e-01  -4.2657763736822567e+01
   928   3.3025928289215173e-01   4.3591981259568868e+01
   929   2.2728046622543427e+00  -4.3592757825718756e+01
   930  -5.9311008237262521e-02   4.1521915250770995e+01
   931  -4.5640537589402665e+00  -4.4227920591831769e+01
   932  -1.0865539379396310e+00  -4.3317198485744221e+01
   933   1.2920920347798510e+00   4.1096353944701903e+01
   934  -2.4335305974834336e+00   4.3990269001336387e+01
   935  -2.6605560504835051e+00   4.2427894033982199e+01
   936  -1.7123359865782983e-01   4.4380200896712630e+01
   937   2.1310733878367429e+00  -4.2629027175969540e+01
   938  -5.9836471101863797e-01  -4.3543585027901933e+01
   939   8.9069197107048936e-01   4.4833813526934961e+01
   940   2.2045553945066723e+00   4.2108074067264937e+01
   941   1.9040840590586781e+00   4.2700722038292923e+01
   942  -1.0499161069224785e+00  -4.1583569640619338e+01
   943   2.5190351734803600e+00   4.2147174695467818e+01
   944   1.6846554313555433e+00  -4.2660319132161789e+01
   945  -6.4986013446697140e+00   4.3957297992420386e+01
   946   1.9888057219904809e+00   4.2851780255465123e+01
   947   3.9949724237182038e+00  -4.1526567010966801e+01
   948  -6.3134634619281538e-02  -4.3650145973145051e+01
   949  -2.0830588311923859e+00   4.2526368319051834e+01
   950   2.7748741286320349e+00   4.2164037718593136e+01
   951  -1.4144532922095159e+00  -4.4094674029791662e+01
   952   3.3150175958301653e-01   4.4991030291005742e+01
   953  -3.3838806182864800e-01  -4.3425908532541769e+01
   954  -3.1420591118081442e+00  -4.3382454027012308e+01
   955   7.8690878121620833e-01  -4.3826728236550466e+01
   956   1.7733960921556400e+00   4.3234382760067923e+01
   957  -1.8303590437575123e+00   4.5030864614693826e+01
   958   4.9806921536918338e+00  -4.1827092144064956e+01
   959   1.9895778391155627e+00  -4.2692876123821435e+01
   960  -3.8640476357964686e+00   4.3411465996294446e+01
   961   1.8116775929944082e+00  -4.3721495765727973e+01
   962  -1.7309694456970335e+00  -4.3676592550859205e+01
   963   3.5937387720102981e-01  -4.4889254985369533e+01
   964   2.3057139103460544e-01   4.4434450364871125e+01
   965   5.1674067659362451e-02  -4.2429252808686321e+01
   966  -2.7297058205641533e-01   4.5527770012946178e+01
   967  -1.2877703957382360e+00   4.2901708176934058e+01
   968  -8.3914796479384712e-01   4.2353412933236619e+01
   969  -2.6993123524809564e+00  -4.5009142887114550e+01
   970   2.8836377257784673e-01  -4.4311531094210274e+01
   971   3.2829739866459075e-02   4.3443682894195021e+01
   972   3.5799883120936080e+00  -4.3266274276698240e+01
   973  -1.7215642461838407e+00   4.3819491112060327e+01
   974  -1.5721948261921332e+00  -4.2618672120842092e+01
   975   1.9299463483486745e-01   4.4893041681429644e+01
   976  -5.0812427169341023e-01  -4.4098191106913951e+01
   977   8.8958432377822783e-01   4.4452793123910084e+01
   978   3.7999213675179702e+00   4.6162538552759038e+01
   979   1.1476198925229686e+00  -4.2338553294462379e+01
   980   3.6012712040072586e-01   4.3291942068212798e+01
   981  -7.2640404125576952e-01  -4.3181331047277780e+01
   982   3.8687183518062618e+00  -4.3398365989069539e+01
   983   1.3930689486286552e+00  -4.3974979848040469e+01
   984  -2.4851020624840994e-01   4.2308549076943279e+01
   985   8.1514123170000929e-01  -4.4808274011994918e+01
   986   1.9658798923883787e+00   4.2933577224935661e+01
   987   5.0230653004373849e-01  -4.3854513279950936e+01
   988  -3.1564412781777940e-01   4.3623569376864545e+01
   989   9.5144700193502985e-01   4.4437302953527421e+01
   990  -2.8933505536829571e+00  -4.3285377244541294e+01
   991   1.0520863794480797e+00   4.4223325712807565e+01
   992   3.4401094055942116e-01   4.4934776385418587e+01
   993  -4.1919322345282950e+00   4.4254744207717486e+01
   994   1.4484663100864656e+00   4.5193366152993221e+01
   995  -4.3966660046468103e-01   4.4626941529643240e+01
   996  -1.3269485179804674e+00  -4.4784409710487495e+01
   997   8.1579986425643336e-01  -4.5467492598632752e+01
   998   1.6043071583884871e+00  -4.4090989685999403e+01
   999   6.1653132345790740e-01   4.5631498209756288e+01
  1000  -2.1133158341635436e+00   0.0000000000000000e+00
