  1250
     1   5.4572554505017612e-01   2.2027769432497863e+00
     2  -1.2262350718591448e+00   1.9994778600293048e+00
     3  -8.4374675355559342e-02  -2.6332875157503968e+00
     4  -2.0360323489122281e+00  -3.4500766950403472e+00
     5  -1.9258008941863309e+00  -2.4929116935579976e+00
     6   1.9134224254758485e+00  -3.8327429641986859e+00
     7  -4.7438360882992665e+00  -3.1139250533478835e+00
     8  -4.6774550427064518e+00   3.7346756445491494e+00
     9  -1.6193212142493725e+00   3.7215282537715297e+00
    10   1.1264783677858374e+00   4.1144202991570591e+00
    11   3.7751680198063093e+00   3.6579630567918793e+00
    12   1.7880202200771238e+00   5.7562023490335887e+00
    13  -1.0109678842268990e+00   6.0108611058742278e+00
    14   5.9806692983342113e-01  -5.7178853904514702e+00
    15   2.3874578116953131e+00  -7.4255283197721198e+00
    16   3.7023131580168650e-01  -5.3008254340213012e+00
    17  -9.4940666599754964e-01  -4.3722623774184797e+00
    18  -3.3165400744613394e-01  -6.6025159735909815e+00
    19  -2.0313573541379757e+00   6.1815872464812065e+00
    20  -3.0722708261350378e+00  -6.5836003213092660e+00
    21   8.1091072678779441e-01  -6.1627765370816467e+00
    22   9.2372767611416662e-02   8.8934254302998710e+00
    23   9.6848224883661316e-01   6.5033103427083345e+00
    24   7.4287061231450680e-01  -7.4993733196091057e+00
    25  -3.6049703986587994e-01   6.2164043566120037e+00
    26   3.9339692701284288e+00  -6.9001391955500226e+00
    27   1.5057933187015899e+00  -6.4464701269932361e+00
    28  -7.8618328389664549e-01  -7.6657935155377928e+00
    29   3.0255938498476480e+00   6.9604870614484700e+00
    30   9.2782696965412881e-01   9.2785330136803541e+00
    31  -6.7321168552011124e-01  -6.3719792188074749e+00
    32  -3.6153932007390382e-01  -8.1383643836438626e+00
    33  -1.1598077395683899e+00   1.0193269090702533e+01
    34  -2.5688250978434719e+00  -8.8778489228304753e+00
    35   4.9606007289003497e-03  -8.8741487315570708e+00
    36   2.2624792439103097e-01   6.7565971985058750e+00
    37  -7.3419666499772340e-01   7.8649629971140058e+00
    38  -1.1080778275513841e+00   9.7275404123755873e+00
    39  -6.8585606629312246e-01  -9.5190627397837915e+00
    40  -1.7538786066527725e+00  -9.6646576304023650e+00
    41   3.2650398974976907e-01   8.3336117057128387e+00
    42  -3.2852382333796770e+00  -8.8087321944401644e+00
    43   2.2232066433722939e+00   9.1778333661413409e+00
    44   3.3143566141759435e+00  -9.9774211457663071e+00
    45  -1.2978913761245767e+00   7.9055309924977806e+00
    46  -1.0413223015634654e+00   7.6563747831244200e+00
    47  -4.7203681489611754e-01  -9.2880573197823928e+00
    48  -6.2747033015356968e-01   9.5640489409498564e+00
    49  -2.6608977501591241e-01   1.0369833888605234e+01
    50  -2.2011009611588361e-01   1.1331150952118000e+01
    51   1.7389552752855277e+00  -1.1508957526377797e+01
    52   2.6407531615634090e+00  -9.4909105804941198e+00
    53  -1.4209850242675712e+00  -1.0875808266251518e+01
    54   2.5745504839572977e+00  -1.1415576362620557e+01
    55   2.6494969131349859e+00   9.6656246487729529e+00
    56  -2.6964643653981555e+00   9.2750382098743920e+00
    57   7.6790774162731645e-01   1.0612893833103803e+01
    58  -1.5458058146328146e-01  -1.3372843176026542e+01
    59   1.5697564823986891e+00  -1.1603950645355381e+01
    60  -2.3299463886036498e+00  -1.0871907242047863e+01
    61   1.9940767311918579e+00   1.0937759869775347e+01
    62   3.2860397294618342e+00  -1.1362595980519517e+01
    63   1.1169622770352043e+00   1.1390261444509719e+01
    64   3.9436740164170345e+00  -1.0208354331700008e+01
    65   2.1866193396577933e+00  -1.1568627563525284e+01
    66   1.6704638442082671e+00   1.1257107441469890e+01
    67  -4.4799356844233778e+00   1.1354004768763804e+01
    68  -1.6394398166793451e+00  -1.0693657700085820e+01
    69  -1.8541212733195089e+00   1.1293704651676697e+01
    70   1.8448954082601756e+00  -1.0730205863309081e+01
    71   3.5335915847536543e-02  -1.1465379215280519e+01
    72  -7.4043041415496014e-01  -1.3370319005270803e+01
    73  -1.9530735434967090e+00  -1.3001817527088807e+01
    74   4.1132485859725811e+00   1.2434036030287924e+01
    75   9.3147017308158842e-01   1.2545046961627767e+01
    76   1.3257858153106004e+00   1.1914000683706512e+01
    77  -1.2094974777207304e+00  -1.2963307830133649e+01
    78   4.6633604975342955e+00  -1.2806013340260071e+01
    79   1.7021548419008203e+00   1.1399665621338796e+01
    80  -2.3151480034256058e+00   1.2701682133608953e+01
    81   8.8094998842061478e-01  -1.1587493482606282e+01
    82   2.7547630657338673e-02  -1.4116643253004399e+01
    83   4.6646480412514606e+00  -1.3243644134186120e+01
    84  -2.7749125014049345e+00  -1.4522648247895331e+01
    85  -1.4938099413530181e+00   1.2487129961974558e+01
    86  -3.4384947606588856e-01  -1.2818481955436269e+01
    87   1.9656747555525651e+00   1.2265743913316678e+01
    88  -6.2680664165141609e-01  -1.2160479201220584e+01
    89  -8.3082851832218374e-01   1.4185684580284198e+01
    90  -1.4641909511578355e+00   1.3495864847621323e+01
    91   8.2890716959146782e-01  -1.2424442575841105e+01
    92  -1.6289870885761155e+00   1.4123693131742945e+01
    93  -3.3280725115049199e+00  -1.4377819901869643e+01
    94  -1.8673320956159043e+00  -1.2532713465026241e+01
    95   6.6957960991181564e-01  -1.2990437861335318e+01
    96  -1.3161414921503400e+00  -1.4730144247430843e+01
    97   1.8536347981603278e+00   1.4527746399307215e+01
    98  -7.1183085995854589e-01  -1.4336948109698625e+01
    99   7.1927678798359784e-01  -1.4225809660544494e+01
   100  -3.2780975519530351e+00   1.4078920441835862e+01
   101  -6.7070143751872946e-01   1.5610929840434594e+01
   102  -5.8950704650447938e-01   1.3811484005852011e+01
   103  -1.1062278182857630e+00   1.4210515671056974e+01
   104  -1.8252582095919925e+00   1.4945508634532127e+01
   105  -3.3826993726415857e+00  -1.2396409663277256e+01
   106  -1.8815647596668744e-01  -1.3158458310401940e+01
   107   1.6218764718525294e+00  -1.3800803132411122e+01
   108   3.0758001519799323e+00   1.3907247222184377e+01
   109   1.4593654416480268e+00  -1.3780982450336177e+01
   110  -3.4199224516805307e-02  -1.5136933298259452e+01
   111  -1.2940845054076249e+00  -1.4268355113543075e+01
   112   9.8568977832935489e-01  -1.4044603989700796e+01
   113  -6.0529723279235270e-01  -1.4342891301339597e+01
   114   2.4716353864610920e+00   1.4181933219272352e+01
   115   8.9891965621097927e-02   1.6783637456244570e+01
   116  -8.8924343958165708e-01   1.5374130434724636e+01
   117   4.2219071679882427e+00   1.4083086871390860e+01
   118  -5.7707834084327736e-01   1.5501267271840012e+01
   119  -5.7396836356016374e+00  -1.6600420454820707e+01
   120  -1.8262599461439906e+00   1.3698034012555704e+01
   121  -5.9643852324803859e-01  -1.3110391998421168e+01
   122   4.8622123783393016e+00   1.5691828019000768e+01
   123   1.6691299020490724e+00  -1.5043326980698250e+01
   124   2.1558202177107786e+00   1.6723865516626365e+01
   125   1.2951091332514628e+00  -1.5765806335710250e+01
   126   2.2994791099100556e+00   1.6453245755494326e+01
   127  -2.4205162170465688e+00   1.4790296621815910e+01
   128   1.3288097197092439e+00   1.5911044659660787e+01
   129  -3.2598713473885232e-01   1.6178081237178713e+01
   130   3.3712844346095361e-01  -1.6183038391957815e+01
   131   3.4639955565806884e+00   1.7214578168697056e+01
   132   1.7836999878391031e+00  -1.4149051409827612e+01
   133  -2.2028665130292033e+00   1.5182953216843421e+01
   134  -1.9174081180944123e+00   1.6470091867914423e+01
   135  -8.8359832044637221e-01   1.5727798671293147e+01
   136   1.9755336167673441e+00  -1.6101297945582051e+01
   137   1.4214844483933604e+00   1.5574856726039917e+01
   138   1.6851455419564167e+00  -1.7863907433337847e+01
   139   1.8348732512607224e+00   1.5649862375410276e+01
   140   1.5430456218409279e+00  -1.7390982139101173e+01
   141  -1.4735411310895035e+00   1.7922689873426073e+01
   142  -8.0907906074289027e-01  -1.7759382155059509e+01
   143   1.2325350590086828e+00   1.6364688501404412e+01
   144  -9.5125258982623839e-01  -1.7293109242542908e+01
   145  -3.8008972733192938e+00  -1.6380023551329735e+01
   146  -2.3745154534968242e+00   1.7885076416115240e+01
   147   2.2523620579041874e+00  -1.6281921449151554e+01
   148   3.8203628156282914e+00  -1.7401389515563363e+01
   149  -1.1222475392768116e+00   1.8220515996231455e+01
   150   3.1347808474413990e+00  -1.7889232132506219e+01
   151   2.7214867061605261e+00   1.7455718980161343e+01
   152  -1.3779510982696892e+00  -1.6728351881841430e+01
   153  -1.9349606588175823e+00   1.6869198321663333e+01
   154   1.3891101603701248e+00  -1.6883738633183000e+01
   155   6.9495668370494734e-01  -1.8062544363836224e+01
   156  -4.7422305393342130e+00   1.6486027839624683e+01
   157  -7.9612398609306589e-01   1.6822733438045137e+01
   158  -1.1892250596510785e+00   1.6744127527308223e+01
   159  -2.2362010173546802e+00  -1.8535945257036545e+01
   160   1.1893116385819971e+00   1.7059222714730669e+01
   161   3.9210339579913169e+00   1.8932913771044358e+01
   162  -8.0619404485959256e-01   1.7216001262314190e+01
   163   3.5428054613899622e+00   1.8740679964839494e+01
   164   5.1813611242820679e-01  -1.7893123957186699e+01
   165   1.9543451742148485e+00   1.8117892725972187e+01
   166  -2.0399632599101686e-01   1.8385725180495832e+01
   167   4.0095460501355857e+00   1.7353917892599121e+01
   168  -1.5616718228633444e+00   1.8227939765900022e+01
   169   1.7977559735314064e+00  -1.8911592217569890e+01
   170  -9.6501908011470361e-01   1.8778726676414244e+01
   171  -3.8855733231508172e+00   1.9536809089864040e+01
   172   2.0860826650647608e+00  -1.9678781049711731e+01
   173   2.3391180752202660e+00  -1.7777966656351527e+01
   174   2.3815239098828203e+00  -1.9325888616918963e+01
   175  -4.9482061753909018e-01   1.7467179601225652e+01
   176   4.8604168200890321e-02   1.7305494869020219e+01
   177   1.3213040268465365e-01   1.8305173631665870e+01
   178   1.2532757074343797e+00   1.9016230025463699e+01
   179  -3.0768445539580465e+00   1.7677562854597216e+01
   180  -9.2117595496037852e-01  -1.8734398238798576e+01
   181  -1.3248111130215370e-01  -2.0235785419239807e+01
   182  -5.3795825000497466e-01  -1.9794655750063335e+01
   183  -1.0987846618713100e+00  -1.9634656473686491e+01
   184   9.5187356539642198e-01   1.9520324744436820e+01
   185   4.9724805235924469e-01  -1.9083413169612818e+01
   186  -8.5967321279934872e-01  -1.9449715729084527e+01
   187  -6.8963627343379252e-01   1.9006232504123908e+01
   188   3.5695056502505111e+00   1.8456398815330235e+01
   189   2.9631426051366176e+00   1.9202208893028271e+01
   190  -9.9297832133526054e-02   1.8705825331229917e+01
   191  -3.1695339310721966e+00   1.9044502400734046e+01
   192   2.6948027467343456e+00   2.0935626828731042e+01
   193   3.6274733054854291e-02   1.8853364312794426e+01
   194   1.8338288706192087e+00   1.7870019088490945e+01
   195   1.5199410892949485e+00  -2.0690733861679078e+01
   196  -3.1414356282235198e+00  -1.8133806002184922e+01
   197   6.7359205600028504e-01  -1.9400625110285329e+01
   198   1.7853609528473249e-01  -2.1070274777341943e+01
   199  -7.9389124326029192e-01   2.0281582213151911e+01
   200   1.2646229148929222e+00   1.8385230444077401e+01
   201  -6.9686836071453551e-01   1.9353059053784360e+01
   202   3.0466757547435681e+00  -2.0912498241865183e+01
   203   8.3237405844185997e-01   2.1202447087204309e+01
   204  -1.0419754821929945e+00   1.9879517739154547e+01
   205  -1.7994265971327728e+00  -2.1500544758145484e+01
   206  -9.1381404552668366e-01   1.9538812409602588e+01
   207   3.3917937428060565e+00  -2.0254222412428394e+01
   208  -2.8542781475531673e+00   1.9511722172669785e+01
   209   6.7613480015649530e-01   2.1207255099678232e+01
   210   2.4441786447590719e-01  -2.1666485725432409e+01
   211  -2.8081883812283204e-01   2.0198115074065523e+01
   212   9.2176001613971481e-01   2.1124090533244715e+01
   213  -1.9058209930357966e+00  -2.0516840553481696e+01
   214   4.4947642203725886e+00   1.9172962346705535e+01
   215   2.8858040482245522e+00   2.1462292882051631e+01
   216  -5.9420693598207364e-01   2.0741489771381200e+01
   217   8.0714493413753408e-01  -2.0229837463707629e+01
   218  -1.2472272758963991e+00  -2.0937550773714879e+01
   219  -1.5178995035983973e+00  -2.2021797097984638e+01
   220  -2.7684169041110052e-04   2.2140000811175028e+01
   221  -1.3734112748048879e-01   2.2203196730839089e+01
   222  -1.9027536845100990e+00   2.1499922495023920e+01
   223   8.7563841310761426e-01   2.1171696625789295e+01
   224  -2.7043795441074678e+00   2.0200202775641248e+01
   225  -1.2241324751976701e+00  -2.0798248308630768e+01
   226  -9.9457826488674894e-01  -2.2849308436059371e+01
   227  -7.6234068839237223e-01  -2.0820443876890039e+01
   228  -1.5820305416664702e+00  -2.2026138869338990e+01
   229  -1.7447739547450032e+00  -2.2368780808421647e+01
   230   5.6777603851486669e-02  -1.9789773363850756e+01
   231   4.0603139307834564e+00  -2.2786736066946588e+01
   232  -3.0782398034562726e+00   2.0816786440085522e+01
   233   1.8229161393245426e+00   2.1102689355349327e+01
   234  -1.9614701076640245e-01  -2.1402610907628560e+01
   235   4.4196700168476505e-01  -2.2027320438933735e+01
   236   4.0662826039602651e-01   2.0223455722288371e+01
   237   9.5929293369636603e-01   2.1647714049834615e+01
   238  -3.0697772926380269e+00  -2.1443392096437794e+01
   239  -2.4681922453945297e+00  -2.1586314928420652e+01
   240   2.3539329810121590e+00  -2.1554961159506391e+01
   241  -2.4247130088810287e-01   2.2211796169184069e+01
   242  -1.3459785816329622e-01  -2.2279095611974679e+01
   243   3.2968728438746281e-01   2.2216426772040659e+01
   244   3.9383313575653269e+00  -2.1495504086347907e+01
   245   2.2044973506310499e+00  -2.0713089649714128e+01
   246   2.5353954877169044e-01  -2.2153648799961076e+01
   247  -3.3326915204717640e+00  -2.1762274963854185e+01
   248  -3.3419340977147445e+00  -2.3510747496774453e+01
   249   9.2981598823491951e-01  -2.2518951300015377e+01
   250  -2.2815451944163306e-01   2.2187183703992758e+01
   251  -2.2706583636052500e+00   2.2233288518614444e+01
   252  -2.0721606920337080e-01  -2.1353503023057520e+01
   253  -4.9463323393134817e-01   2.2540836754027946e+01
   254  -2.1317154972158447e-01   2.1524714365128581e+01
   255  -2.6388733442407890e+00   2.0740598530301227e+01
   256   1.1416771426065204e+00  -2.2726558577821315e+01
   257  -8.8682050597658590e-01  -2.1723508299045292e+01
   258  -3.6773397461404200e-01   2.3113032466353726e+01
   259   1.3174982145493290e+00  -2.3152923062182200e+01
   260  -1.1064715008275035e-01   2.3957401730698578e+01
   261  -3.0336521131183307e+00   2.2557326071227735e+01
   262  -3.6992783711459549e+00   2.3337722423965051e+01
   263  -1.5430991949215783e-01   2.2670956705169587e+01
   264   3.4984619033219913e+00  -2.0036014476027106e+01
   265   2.3715785818202981e+00   2.0477779278516209e+01
   266   5.9978304870348953e-01  -2.2653447666782103e+01
   267  -2.9027781405785054e+00  -2.3110035010716686e+01
   268   5.9028388030446266e-01  -2.3940092365281643e+01
   269  -1.4367310892907057e+00  -2.3773464922190712e+01
   270  -1.3508843438170208e+00   2.4481495563575976e+01
   271  -3.5503444316509869e+00  -2.2969782951254317e+01
   272   7.3267485911418823e-02   2.3586827815962931e+01
   273  -2.6916025751033179e+00  -2.3074031227073636e+01
   274  -1.6123583335116038e+00  -2.1940731906185921e+01
   275  -2.8274262616997619e+00  -2.2817457943912856e+01
   276  -2.2581849088288436e-01   2.2692751023362653e+01
   277   1.5053440014031030e+00  -2.2858900539121453e+01
   278  -1.7650546922153334e+00  -2.4013854579374723e+01
   279  -1.0192449450012411e+00   2.4222022455409267e+01
   280  -2.5799301646084056e+00  -2.2428959362233936e+01
   281  -2.1752627860812312e-01  -2.4878225066408191e+01
   282   2.6816468713848503e+00   2.3560434701577471e+01
   283   6.3791467264192503e-01   2.4227971626908261e+01
   284  -2.2930237890720848e+00   2.4000783815077000e+01
   285  -1.7727809445372593e+00   2.3799752318322362e+01
   286   5.8329171479208486e-01   2.3979377401768904e+01
   287   2.5775148111942237e+00  -2.3719946552338808e+01
   288   1.0227130797157340e+00  -2.2370768183212359e+01
   289  -1.5460752239557340e-01  -2.3424484889959750e+01
   290  -1.7069286905785712e+00  -2.4098152114422508e+01
   291   1.0301598589615950e+00   2.4586442178833295e+01
   292  -8.3067359884099565e-02  -2.2749374920851093e+01
   293  -6.7321625632084925e-01  -2.4365273761316363e+01
   294   3.0160541545278807e-01   2.5465997139831369e+01
   295   1.9092535413439060e+00   2.3688510311053545e+01
   296   5.8224231843242658e-01  -2.3874346333775605e+01
   297  -5.6226477230798363e-02   2.3701120447340365e+01
   298   4.2727558831884416e-01   2.4408181573115836e+01
   299   2.7566011191413224e+00  -2.5353048462924640e+01
   300   2.4089343597695176e+00   2.4543629132571844e+01
   301  -1.0002897740012351e+00  -2.3739431859622137e+01
   302   1.7960099667047175e-01  -2.3561871035602600e+01
   303  -3.3617474002504144e+00  -2.6467451022293865e+01
   304  -3.0808058129491611e-01   2.5500709334887368e+01
   305  -1.8180395992865093e+00  -2.3720363980492316e+01
   306  -8.3935447199032742e-01   2.5583119435745836e+01
   307  -6.4342814641825050e-02  -2.6272042624055882e+01
   308   2.6896259552374813e-01  -2.4730729397568169e+01
   309   1.2300368941506616e+00  -2.5699663759119812e+01
   310  -5.4356845894194405e-01   2.6444241886076384e+01
   311   2.1414832413202824e+00  -2.3086255925582162e+01
   312  -2.0951199375356058e-01   2.3305121012938280e+01
   313   1.1119901778964718e-03   2.5795607667323345e+01
   314  -2.7553715002754018e+00   2.6090438509532593e+01
   315   3.2952841388103922e+00   2.5305947809104918e+01
   316   7.9527209583612013e-01   2.4047271010771034e+01
   317   4.0107484629516410e+00   2.5332830910982143e+01
   318  -4.6330645456124726e+00  -2.6138369232933780e+01
   319   5.8665080154603522e-01   2.5674544659489548e+01
   320  -2.3523371683939169e+00  -2.5443952400827484e+01
   321  -1.4385101513207288e+00   2.3248705084612965e+01
   322  -5.1823536519133662e-01   2.4184989981423776e+01
   323  -2.5677817118455959e+00  -2.4916873442765304e+01
   324  -3.2849065268270863e+00  -2.8028244001804083e+01
   325  -2.4846662152817500e+00  -2.5791374098304573e+01
   326   5.4677627322139995e-02  -2.6718579251485938e+01
   327   1.2974942345747289e+00  -2.5002571319888933e+01
   328  -2.3944277265694862e+00  -2.5577130452907085e+01
   329   1.4909126182524697e+00   2.4848929618028169e+01
   330  -2.5503078048994769e+00   2.5552139208754866e+01
   331   8.0965637408178326e-01   2.4614210156585006e+01
   332  -2.6568792476792251e+00  -2.7944400950439920e+01
   333  -1.2273339235373304e+00  -2.5404129444399945e+01
   334  -1.0105273691258296e+00   2.5732631766599042e+01
   335   3.9562557857460873e-01  -2.5690618215989414e+01
   336   5.0164363803068546e-01   2.6389794449834028e+01
   337  -1.1479368757713544e+00   2.7462007560928061e+01
   338   1.3585456802496987e+00   2.6900197758481376e+01
   339  -1.6685012403111682e-01   2.6619268395369055e+01
   340  -2.4830862789209771e+00   2.4340826996114696e+01
   341   4.1776838421279749e-01  -2.9108471049851318e+01
   342  -1.4927821384427287e-01  -2.4443493885644131e+01
   343   5.2597710823183941e-01  -2.5156723093130722e+01
   344  -1.7763817862999109e+00   2.6567356882928099e+01
   345   1.4709260909586790e+00  -2.5653127772575782e+01
   346  -2.1941625542901506e+00   2.8176172056346090e+01
   347   1.5504712378160417e+00  -2.7043196858923139e+01
   348  -2.0177182768662751e+00  -2.6075040987038253e+01
   349  -1.0858521756361850e-01   2.4858511474572730e+01
   350   3.0019719753638006e+00  -2.6648867708104376e+01
   351  -3.6836869545566397e-01  -2.8812302171373897e+01
   352   3.1983911011903459e+00  -2.8871942395586277e+01
   353  -2.6240178928039102e+00  -2.5491387964586153e+01
   354  -1.6675806325788751e+00  -2.5932305525773184e+01
   355   1.7469025007460053e+00   2.6318062826215268e+01
   356   8.4877507986252854e-01   2.6999234872250298e+01
   357   4.1014714136171753e+00   2.5739676549950172e+01
   358  -2.6452853235850924e+00  -2.5738024535910995e+01
   359   9.6002171279113568e-01  -2.7422667457299987e+01
   360  -2.5266555756082977e-02  -2.6175113178198597e+01
   361   3.8656864969196660e+00   2.6942457150592414e+01
   362  -8.4033907544709618e-01  -2.7505164952207512e+01
   363  -5.0617468182696035e-01  -2.6907450344751609e+01
   364   9.4828292253094648e-01   2.7736448720398233e+01
   365   1.0259567019332045e+00   2.7342111064298283e+01
   366  -1.6745674528432106e+00  -2.6633132131403038e+01
   367   1.5223427688733004e+00   2.6572178025273605e+01
   368   5.4449399111705288e-01   2.7773342651691987e+01
   369   4.2627169003862009e-01   2.8287478745169594e+01
   370  -1.3341685458262202e+00   2.9268857586368323e+01
   371  -1.9685514158080606e+00   2.8098484280970297e+01
   372  -2.1315368812841609e+00   2.7802350130695910e+01
   373   3.2984772494902859e+00   2.6091929899822276e+01
   374   2.7185931707050375e+00   2.5790791735221948e+01
   375   2.6794369974408530e+00   2.7145149384011830e+01
   376   3.2284085112879340e-01   2.7268527421373431e+01
   377   1.0003796170130552e+00  -2.8002349299895307e+01
   378  -1.7260374127104738e-02   2.6870981289065103e+01
   379  -2.5783529748033138e+00   2.9006054237589460e+01
   380  -4.1917495858872922e-01   2.8458401885379157e+01
   381  -4.8149945432560939e+00   2.7378251743286338e+01
   382  -7.4833604998451708e-01  -2.7866632723351426e+01
   383   7.7560541535206240e-01  -2.6414605762749776e+01
   384   1.0710731686998247e+00  -2.7790616066884525e+01
   385   1.8438924169934250e+00  -2.8422126294482030e+01
   386  -7.4471070802430717e-01  -2.8102560683912703e+01
   387  -2.1274143825795098e+00  -2.8460274134046621e+01
   388   2.1913027897376365e+00   2.6651165709187556e+01
   389   2.8736832543104445e+00   2.7410112997740306e+01
   390   2.1238788395030622e-01   2.8014812128419123e+01
   391   1.9978918062651538e+00  -2.7576279491009970e+01
   392   2.3600760899002289e+00  -2.7834513187285641e+01
   393   3.3908004227147286e+00   2.7470241313216071e+01
   394   8.8409488389526647e-01  -2.8094000250754711e+01
   395   2.2446198297774340e+00   2.6674803758284412e+01
   396   7.8705310983395382e-01   2.8215010889163764e+01
   397   3.5488982214392406e-04   2.7723261651193607e+01
   398   1.6029738653312335e+00  -2.8740919424919905e+01
   399  -4.6374624268524950e-01  -2.8734626411270465e+01
   400  -2.4643006396204199e+00  -2.9245231053743222e+01
   401   3.7710981412824482e+00  -2.8328649492689941e+01
   402   1.7210482448860485e+00   2.8605796692182384e+01
   403  -2.0951851036647930e+00   2.6729234348398226e+01
   404  -7.4853241366002266e-01  -2.8527617960901733e+01
   405  -1.7324245645891320e-01   2.8734634515142588e+01
   406  -9.4524874915788892e-01  -2.8637784830943243e+01
   407  -6.2295459030416639e-02   2.9147076528776577e+01
   408   1.0196952761646414e+00   2.7090508151553827e+01
   409   2.4254185971496955e+00   2.6966625509131195e+01
   410   4.1478767725680604e-01  -2.8046164021035612e+01
   411   4.1090602924428182e-01  -2.9676843958667703e+01
   412  -3.7198862930518628e-01  -2.8775237877140626e+01
   413  -3.2763652030316548e-01   3.0182096523448088e+01
   414  -1.2552908577846297e-01   2.8380287928725473e+01
   415   2.6350402172021861e+00   2.9390539215706283e+01
   416   5.5913334002344162e-01   2.7374144104784342e+01
   417  -2.6425981924887694e+00  -3.0544951628529866e+01
   418  -2.7530118978433427e+00   3.0924984757794252e+01
   419   6.1667903664084756e-01   2.8717097541041205e+01
   420   7.1043492320576207e-01  -2.9327809372470199e+01
   421  -2.6715726144563257e-01  -2.8963085268519990e+01
   422   2.5818600117553148e+00   2.7564783807816493e+01
   423   1.3776953067947519e+00   3.0247826361384213e+01
   424   1.6097286896722811e+00  -2.9456737644126626e+01
   425  -2.0594532758054123e+00  -2.9447773831152951e+01
   426   1.0508149760083367e+00  -2.8686056577171225e+01
   427   6.4365379859125182e-01   2.9665699799110261e+01
   428  -1.2518003145374017e+00   2.8991555832415806e+01
   429  -1.0689726249609337e+00  -2.9805798905767819e+01
   430  -9.2403160535492213e-01  -3.0127728569043615e+01
   431   3.6372618522688172e-01   2.8724853795711550e+01
   432  -2.7783725767982341e+00  -2.9389649486064894e+01
   433   6.9109928856882985e-01  -2.9023974833927600e+01
   434   3.2609306443916974e+00   2.8590107420058310e+01
   435  -7.4678682402964802e-01  -3.0921593766025698e+01
   436   1.8206197972641938e+00  -2.9923041340639497e+01
   437   5.1935418014668966e-01  -3.0132685235724257e+01
   438  -9.8880914814427634e-01   3.0211232823899341e+01
   439   1.8342294967434032e+00   2.9841162139729761e+01
   440   2.8529799928962678e+00  -2.8761257497173162e+01
   441   1.8706763777445690e+00  -2.9275174655279780e+01
   442  -1.0433180808957037e+00  -2.9046208829508153e+01
   443   1.7105259654626579e+00  -3.1535170349461055e+01
   444   6.5432693162120603e-01  -2.9677961195385127e+01
   445  -4.1878391043991154e+00   3.1382682571676675e+01
   446   5.7483929609276585e-01   2.9087738907545450e+01
   447  -2.8102372060613989e+00   3.0592147199304438e+01
   448   1.1432873091716127e+00  -2.8154532846113952e+01
   449  -6.8275076561917525e-01  -3.0372471770552352e+01
   450   2.5456482041563242e+00  -3.0076474748464065e+01
   451  -1.7855178088248097e-01   3.1271108618905654e+01
   452  -1.4648197659052968e+00  -2.7927852195564537e+01
   453  -2.1818218049051792e+00   3.0574814256488271e+01
   454  -4.7545217606022872e-01   3.1758696343766637e+01
   455   1.6144190068601350e+00   2.9886021673520386e+01
   456   1.2192289884876506e+00   2.8763216475703633e+01
   457   3.0601865086159461e+00  -3.0575544679397034e+01
   458  -4.1212038731776754e+00   3.1159459025935622e+01
   459  -1.9210225141927475e+00  -3.0773875676211070e+01
   460   1.6076144496389491e+00   2.9508237167361823e+01
   461  -2.1150615011239942e+00   3.0490326434036792e+01
   462  -1.1161764701272692e+00   3.0190823156227204e+01
   463  -2.3272004239289487e-01   3.0559714274857964e+01
   464   3.5401735119584616e+00  -3.0954660919766066e+01
   465   6.3066004970011436e-01   2.8772698773112015e+01
   466   7.0410598751485132e-01  -3.1873706301725122e+01
   467   1.9659727790733781e+00   2.9005042601920799e+01
   468  -1.1733162357930578e+00  -3.0491485924696789e+01
   469  -3.0531811940010284e-01   3.1728775331602250e+01
   470   1.4634515600470199e+00   3.1790983676015820e+01
   471  -1.7527707665540309e+00  -2.9563821770861775e+01
   472   3.5079887057190473e-01   3.3206207444261203e+01
   473   1.6264186155646427e+00   3.1199073232885471e+01
   474   2.2263827490614014e+00   3.1306407602315154e+01
   475  -2.0651209011064440e+00   3.1477676032795554e+01
   476   3.4250544300510297e+00  -3.2652880422863021e+01
   477   9.7532173835003289e-01  -3.2367394952903283e+01
   478   3.5939758207831938e+00   3.0489672942995661e+01
   479   1.6399193704570132e+00  -3.2346842310560625e+01
   480  -7.9047317236424675e-01  -3.0377060031769542e+01
   481  -1.7629445149280691e+00  -3.0686401213172307e+01
   482  -1.1799125894412230e+00  -3.0236680088296001e+01
   483   3.3487621188131877e-01   3.3429072893920583e+01
   484   3.0431650528981637e+00  -3.0021624879172425e+01
   485  -1.2366125019441507e+00  -3.1537512590437316e+01
   486  -1.2099939916144113e+00  -3.1547532736927181e+01
   487  -1.8957037617091097e+00   3.2984784513164819e+01
   488   3.9269575443721840e+00  -2.9982372225428325e+01
   489  -7.6996147819620320e-01   3.1433370009080910e+01
   490   1.2610741858550278e+00   3.0342655370817582e+01
   491   1.6859640907907061e-01   3.1006817420124118e+01
   492  -9.7838728763729044e-01  -3.2670226624750853e+01
   493   1.1561871885188357e+00  -3.2127591837807699e+01
   494   3.3693141152087130e-01  -3.0716173146245733e+01
   495  -2.4639397350137555e+00   3.2470602221735241e+01
   496   2.1839813889908859e+00  -3.1465141108391688e+01
   497  -2.6687878106891958e+00  -3.1138260233908714e+01
   498  -1.3520074208460153e+00   3.1162612250067834e+01
   499  -2.7531004159263097e+00  -3.2083273789110592e+01
   500   1.8503603475399870e+00  -3.2788461010282532e+01
   501  -1.6542050791191389e+00  -3.3065120710050557e+01
   502  -2.7410061176459406e+00  -3.1090258015883265e+01
   503  -1.5663525681185146e+00   3.1385507739801007e+01
   504   1.7478326605214725e+00  -3.2048787379495359e+01
   505  -1.9386918643472928e+00   3.1484660474073621e+01
   506   6.6873594313376472e-01  -3.2438714123603205e+01
   507   5.5030632247303457e-01   3.0675553423868038e+01
   508   3.3585816792415870e+00   3.2519615893545073e+01
   509   5.3710632871092401e-01  -3.0116536334046931e+01
   510   1.4035008819549279e+00   3.1995402931591883e+01
   511  -1.2278329488549860e+00  -3.0506671491269451e+01
   512   8.9574967043791220e-01   3.1733815206137930e+01
   513   2.6768597564685823e+00   3.1529870730743777e+01
   514   8.1483952412206251e-01  -3.0235746219443481e+01
   515  -1.6519523758647843e+00  -3.2720736684507770e+01
   516   9.5228419342529880e-01   3.2185568543172060e+01
   517  -1.3286201000413909e+00  -3.1558360619434850e+01
   518   2.0204320189543012e+00   3.3156106150422900e+01
   519   9.9094207995151518e-01  -3.3559515863660472e+01
   520   6.2450122573770317e-01   3.1354897482624555e+01
   521  -7.6545946013053290e-01   3.2746538385326495e+01
   522   1.5054605981473979e+00   3.3074918596381139e+01
   523  -9.2138571586061424e-01  -3.2020093859843008e+01
   524   1.8021190337443536e+00   3.1300466473427992e+01
   525   1.3892028208754231e-01  -3.2599225589207727e+01
   526  -2.7980582776114500e+00  -3.1612311925766182e+01
   527   2.4531715283176205e+00   3.2587855769722147e+01
   528   2.9435901046541224e-01  -3.2818230819638138e+01
   529   4.9262189533524410e+00   3.2198104152332576e+01
   530  -1.2385643375819577e+00   3.1752711389083736e+01
   531   1.7125552988067816e-01   3.2486591533660025e+01
   532  -1.2830712720173287e+00  -3.2343140988242034e+01
   533  -2.2643276489566260e+00  -3.2206865162013216e+01
   534   6.4677857190040910e-01   3.3658058429743285e+01
   535  -2.4177966193767682e+00   3.2128653370335428e+01
   536   2.5126992517842200e-01   3.3819372344885473e+01
   537  -5.1710165787517699e+00  -3.1280752865998682e+01
   538   1.4003912787540411e+00   3.2839720500023077e+01
   539   6.7693830744329930e-01   3.3691437367914403e+01
   540   1.9842683072656546e+00  -3.3365316575314175e+01
   541  -2.1326182345461357e+00   3.3565325499374481e+01
   542  -2.7378307271060498e-01   3.2039632041273890e+01
   543   7.6183548046650462e-01  -3.2197277185253171e+01
   544   3.1727136611226445e+00   3.2884164157133462e+01
   545   1.3261305171998488e+00   3.3857465515140731e+01
   546   2.0970392952288402e-01   3.1761657852815208e+01
   547   4.4474640659588252e+00   3.4268930642266625e+01
   548  -5.7830132772230272e+00   3.2231481850875063e+01
   549   2.6006895933885255e+00  -3.2442777191734720e+01
   550   2.9850032424394191e+00  -3.2878540415532896e+01
   551  -2.8912395131817794e+00  -3.3267688987871452e+01
   552   5.0863669732149539e+00  -3.3794914231009194e+01
   553  -3.6533330256352015e+00   3.2647544805092188e+01
   554   6.2410344073255786e-01   3.2793977958925339e+01
   555  -1.4188494327533261e+00  -3.5162085511978411e+01
   556   6.0986320647448767e-04  -3.3677901846191780e+01
   557   1.7553595599035374e+00   3.4629634769256860e+01
   558   1.0643338723660338e+00   3.4598809829306852e+01
   559   6.5220965127251329e-01   3.4687374165357809e+01
   560   1.3377279136196134e+00   3.2793819233215935e+01
   561  -3.1738363550233415e+00  -3.4326631068777992e+01
   562  -7.2114094178289190e-01   3.1744588680663067e+01
   563  -5.0846985001052225e-01  -3.2575612957845046e+01
   564   1.8651675811420008e+00  -3.4089499787051210e+01
   565   2.1384654602419428e+00  -3.4845681876398729e+01
   566   1.2833359109366775e+00   3.2291830122579555e+01
   567  -3.1046528351864083e-01  -3.4530851378305762e+01
   568  -8.9308239558660363e-01   3.2596418280085864e+01
   569   2.1266262059614864e+00  -3.2314025068416520e+01
   570   2.6633184271228707e+00  -3.1607884215026601e+01
   571  -5.3323969180778974e-01  -3.4136980007993991e+01
   572   3.7460031160734708e-01  -3.3440772040991334e+01
   573  -3.5980746999564928e+00  -3.5388925233841796e+01
   574   1.2433446147419658e-01  -3.4928463449795927e+01
   575  -2.9889452817469202e+00  -3.3897538938517258e+01
   576   1.6209358428197054e+00  -3.4715112852469119e+01
   577  -2.3531824862019040e+00   3.3503974119297354e+01
   578  -5.2759211295054209e+00  -3.5521351301029483e+01
   579  -1.8050753149061014e+00  -3.5787090814861941e+01
   580   3.7445490724564183e+00  -3.4333901971498925e+01
   581  -4.6466171931217177e+00  -3.3894005908236238e+01
   582  -9.8511964418204134e-01  -3.4175584337990571e+01
   583  -1.8201306215535626e+00   3.4668356913716138e+01
   584  -2.0348534572238073e+00  -3.5842859337638181e+01
   585  -1.9315103113331966e+00  -3.4517687620165603e+01
   586   8.2558987819796592e-02  -3.2525682564136439e+01
   587  -2.6326996186899487e-01   3.4202076102115342e+01
   588   1.4387799426638710e+00  -3.2247771798669703e+01
   589  -1.3377263778483359e-01  -3.3485272064734346e+01
   590   5.6966874498219566e-01  -3.5320902109040105e+01
   591   2.3341879743642782e+00  -3.4246230266932997e+01
   592   2.5945098893840566e+00  -3.4010011110664557e+01
   593   1.0156784956605598e+00  -3.3514233015814014e+01
   594  -2.1235033839366468e-01   3.4567111650623495e+01
   595   1.1179762176181272e+00  -3.5540938532746452e+01
   596  -7.5143542192193202e-01   3.3055348884311030e+01
   597   7.2714182629637381e-01  -3.3626687981050246e+01
   598   1.3743372226286690e+00  -3.5487100625806541e+01
   599  -3.6294167065064555e+00   3.4605634307776661e+01
   600  -4.4030674097772202e+00   3.4057522189019629e+01
   601  -2.8357297120980811e+00   3.2923710946398110e+01
   602  -9.4769484124792136e-01  -3.4507999785199367e+01
   603  -1.0746454342643572e+00   3.5186913066485744e+01
   604  -1.4827702347635765e+00  -3.2571705205541939e+01
   605   1.9458064052413375e+00  -3.4286967236850302e+01
   606   1.8502935472433635e+00   3.5223726352075687e+01
   607   6.1136985897465260e-02  -3.5489426975912288e+01
   608  -1.9469177518781580e+00   3.5290716607467004e+01
   609  -2.0243912028446167e+00  -3.4973620437901445e+01
   610  -1.0611159509038335e+00   3.5132884047559408e+01
   611   2.4685755958542606e+00  -3.4462838537539170e+01
   612   2.3939194131550110e+00   3.2825492076966867e+01
   613  -4.7371897587700545e-01  -3.5802279594820121e+01
   614  -1.4891678267886019e+00  -3.4393192793156942e+01
   615  -1.1578446266206786e+00  -3.5339578037737844e+01
   616   5.1651862076879296e-01   3.5883566980575175e+01
   617   1.3037969178474534e-02   3.4266272642456507e+01
   618  -4.4711252662072836e+00   3.5983331713397746e+01
   619  -7.1204496821916674e-01  -3.4434296624229177e+01
   620  -2.1931940422667145e-01  -3.3414071274141243e+01
   621  -1.7627910006767484e+00  -3.4624904474705588e+01
   622  -2.3267688121155410e+00   3.4787548277178310e+01
   623   4.0254399451290963e+00   3.5927572554855139e+01
   624   2.1925359165369169e+00   3.5203239379009268e+01
   625   5.7036323380756271e-01  -3.4731172928892185e+01
   626  -2.3444507849911306e-01  -3.3776143508852471e+01
   627  -3.0598463421913862e+00   3.6898928500252808e+01
   628   3.3016479348602510e+00   3.5723404973285241e+01
   629   1.6656022645325401e+00  -3.3467718903489086e+01
   630  -6.9807419161453999e-01  -3.5223415231362672e+01
   631   3.9767940057894668e-01   3.6445905047330513e+01
   632   2.8472401086060493e+00  -3.3818687743916520e+01
   633   1.8583633656223247e-01   3.5591468790478864e+01
   634   2.5936523023726803e+00  -3.5904771374171624e+01
   635  -2.3570542568651947e+00  -3.4991181488243299e+01
   636   1.6995318705492417e+00   3.5311398998163369e+01
   637   5.3010523790055064e-01  -3.7216822001265420e+01
   638  -8.6106217115486983e-01   3.5368032416333961e+01
   639   2.1406409381603568e+00  -3.5187729437723533e+01
   640  -2.2017532481041600e+00  -3.6583736708466752e+01
   641  -4.5408406288239700e-01  -3.5856154855554074e+01
   642  -1.4938394712489329e+00  -3.6548974384090371e+01
   643   9.2445384813429898e-02  -3.5016330446009292e+01
   644   9.3805000385716797e-01  -3.6122555311233540e+01
   645  -1.0027473414022223e+00  -3.6098644330695613e+01
   646   2.6243009001912099e+00   3.8083916008781934e+01
   647  -1.7241134468207925e-01   3.5830117907749866e+01
   648  -1.6773538997939803e+00  -3.4972950631808203e+01
   649   4.7902814862244583e-02  -3.4176169297133718e+01
   650  -2.5751479333641392e+00  -3.5926643694735823e+01
   651   1.5221255384524099e+00  -3.7772132941365641e+01
   652   1.0745425374924285e+00  -3.3961559674587612e+01
   653   3.3764688310284297e+00   3.5178727087957554e+01
   654  -7.2602317409988154e-02  -3.2682594179475174e+01
   655  -2.4188735496039167e+00  -3.5589233922243700e+01
   656   2.2399385168423758e-01  -3.5395124434562796e+01
   657   4.4624734466352978e-01  -3.6457777092157045e+01
   658   1.5170465085526685e+00   3.5413779648548797e+01
   659   2.1375172009990666e+00   3.5904234446515936e+01
   660  -7.5276659780206934e-01  -3.5993989576233034e+01
   661  -1.8270992817767184e-01   3.6008042139322725e+01
   662  -6.4463618678354551e-01  -3.6902994110690585e+01
   663  -2.6688050308941674e-01  -3.6823615887277327e+01
   664  -1.4076425357845475e+00  -3.6735953521846234e+01
   665  -6.0351161377456264e-01   3.5344282020179563e+01
   666   9.5957526019015438e-01   3.5903381260959200e+01
   667  -1.8169199190580305e+00  -3.5784271098207313e+01
   668  -4.2748632244685392e-02  -3.7010356840934868e+01
   669  -7.5228219473362545e-01   3.6715352826441610e+01
   670   1.8258486775224165e+00  -3.5703177156619624e+01
   671   7.8323331037802091e-01   3.7159081020620476e+01
   672   4.3162183737148876e+00   3.5696762605717637e+01
   673  -6.1122714352883634e-01  -3.8000133945680936e+01
   674   3.5220419048757696e+00   3.7983872267207630e+01
   675   1.0799542067583394e+00  -3.5883212264218002e+01
   676  -3.2833233579406498e+00   3.6636531408574015e+01
   677  -2.3768110240546281e+00  -3.6962847484909950e+01
   678  -1.3489276373134457e-01   3.7151918756247284e+01
   679  -7.4755703289847220e-01  -3.5666406777698164e+01
   680   1.1128615329423921e+00   3.7517424727750281e+01
   681   4.1019937895904839e+00   3.8354747956444882e+01
   682  -2.6096276237139664e+00  -3.6459203880532314e+01
   683  -7.1806474894389727e-01  -3.7613609115838990e+01
   684   1.4839197954309635e+00  -3.6034902682615758e+01
   685  -1.8168370791072450e+00  -3.7398382122712455e+01
   686  -1.8131210562724769e+00  -3.7979552334704863e+01
   687   5.6361924848233547e-01   3.7439609101171051e+01
   688   1.6878622012781719e+00   3.6178435261702944e+01
   689  -5.5236529109641519e-01   3.7628878199483822e+01
   690  -1.0004381851560304e+00   3.5661103030932090e+01
   691   1.1792860145766217e+00   3.6398864208455230e+01
   692  -1.0885400281166180e+00  -3.5956168698563857e+01
   693  -6.3554478231843536e-01   3.6451674325594766e+01
   694  -2.3141899817392542e+00   3.6984435399441203e+01
   695   3.3693491813810024e+00  -3.6459533638262691e+01
   696   7.6379531055287775e-01  -3.7645195814343232e+01
   697  -2.2812024666000070e+00  -3.7220779111124230e+01
   698   5.0843136464840988e-01   3.6855333229546162e+01
   699   1.2582700933119373e+00  -3.6915683786526060e+01
   700   1.8272767692369848e-01   3.7128856781882270e+01
   701   7.5327061860232539e-02   3.7751846188632413e+01
   702  -1.6096878799089858e+00   3.7801451600520373e+01
   703   6.1507388238669941e-02  -3.6894399608187264e+01
   704   1.9742849042457680e+00  -3.5899889608011641e+01
   705  -1.1675835644747754e+00   3.9120186855066514e+01
   706  -1.6947380764601450e+00   3.7396449495448621e+01
   707  -2.3138223302517713e-01   3.7474133277096811e+01
   708  -1.7771832191257788e+00  -3.8948741219824321e+01
   709  -2.8670583724077652e+00  -3.6901895419803594e+01
   710   3.5219376205200255e+00   3.9481038886461278e+01
   711  -1.0157018639619186e+00  -3.5945535266718622e+01
   712  -1.9917955040600399e+00  -3.5270039531948861e+01
   713   9.2710444162832517e-01   3.7049721162079372e+01
   714  -4.5634427147183141e+00   3.6900152596808873e+01
   715   7.3928007539401130e-01  -3.7877951904616936e+01
   716   5.1940904712714486e-01  -3.8820575002704800e+01
   717   9.4178429479481007e-01   3.8120161108362474e+01
   718  -7.7860062193260959e-01  -3.7864141234459098e+01
   719   1.2078663937513507e+00  -3.6000897070245692e+01
   720  -9.5772005883619882e-01  -3.8202055958587181e+01
   721   8.6466001550158811e-01   3.9840943702669030e+01
   722   4.4774655658466816e-01  -3.9148686726264415e+01
   723  -1.2583449081787577e+00   3.6427618724313412e+01
   724  -3.8444943557721150e+00  -3.7634671261724954e+01
   725  -5.3942541755702444e-01   4.0064821511205054e+01
   726   6.2104566096560321e-01  -3.9674522641070411e+01
   727  -2.2837609010091660e+00   3.8993228643374501e+01
   728  -1.0123828392725422e+00  -3.8476868157116790e+01
   729  -1.4687648514517277e+00  -3.7298477901501066e+01
   730   4.4904700455962061e+00   3.7108644934406833e+01
   731   1.2122940884806233e+00  -3.7971097123151424e+01
   732  -3.0871210262669148e-03   3.7949539638567437e+01
   733  -3.5789310586873530e-01  -3.7575286715708188e+01
   734   2.0174970008601845e+00  -3.7947079274551768e+01
   735  -3.2429059617009937e-01  -3.8058534933996910e+01
   736  -1.3425389995532593e+00   3.9565145112235328e+01
   737  -1.1624381590571162e+00   3.8851462958494039e+01
   738   3.3996538441708291e+00  -3.7371620787134461e+01
   739  -1.5363494091017142e+00   3.8600186122737036e+01
   740   5.3267170546369336e-01  -3.8032611186016226e+01
   741  -3.5444423506375431e+00   3.8605864998139744e+01
   742  -2.9214946900762845e-01   3.8020690643441348e+01
   743   1.4496761878416413e+00  -3.9513048339730751e+01
   744  -1.5550672865602402e+00   3.6384156811556927e+01
   745  -1.8997138296208731e+00  -3.9196128689809541e+01
   746  -4.4949759446130416e-02  -3.9683378982751073e+01
   747   2.8098344439603067e+00   3.8661909947568837e+01
   748  -9.2199749009255827e-01  -3.8938355198526281e+01
   749  -9.7485327682213507e-01  -3.8653003866588882e+01
   750  -3.2075816525616208e-01   3.8245370051774657e+01
   751   7.0489622361614601e-01  -3.8155669324184323e+01
   752  -2.1301499017893408e+00  -3.8677886866629827e+01
   753   1.2056280966421002e+00   3.8029602421486764e+01
   754  -8.4783444051320134e-01   3.7696036654560039e+01
   755  -1.6303308053954479e-01  -3.8610095580546755e+01
   756   1.8078541255930034e+00  -3.9753613356635107e+01
   757  -1.0348769578331078e+00   3.9833509298172096e+01
   758   9.5648597964115878e-01   3.9147147823456748e+01
   759   2.8978670488642005e-01  -3.6517463160713412e+01
   760   2.4469227877626896e+00  -3.9235568890925862e+01
   761   1.9256722153746442e+00   3.9599606476962578e+01
   762  -1.3982084892015165e+00   3.7975866226594121e+01
   763   1.1204658473246247e+00   3.8279843733319701e+01
   764   1.0127998169547898e+00  -4.0057293982303079e+01
   765  -2.0789371928215230e+00  -3.9916665154778748e+01
   766  -2.2445462442089044e+00  -4.0136621755356671e+01
   767   8.6147437470551136e-01  -3.9264320207185058e+01
   768  -2.3406737645213460e+00   4.0092863798540293e+01
   769  -2.7273825634127480e+00   3.8717157698423172e+01
   770   1.0157626457168201e+00  -3.8277830551789918e+01
   771  -8.6004930549940650e-01   3.7624247839741088e+01
   772   6.7055016059306993e-01   4.1360232272763028e+01
   773   1.2361577386755536e+00   4.1094477566474453e+01
   774   3.2017020928880537e+00  -3.9440474268262157e+01
   775   5.4173085646291943e+00  -3.9553708180120076e+01
   776   3.3742986447251173e+00  -3.8892181548445407e+01
   777   2.3189626386339590e+00   3.9350036071194175e+01
   778  -5.1955665477036861e-01  -3.9296705090805538e+01
   779   2.3006692067836472e+00  -3.8554987359296284e+01
   780  -2.0301001801465643e+00  -3.7654804803442865e+01
   781  -1.7915901147829860e+00  -3.7833393760035399e+01
   782   2.0309256156156721e+00   3.8825478844850473e+01
   783  -3.2889840988924723e-01   3.9853882467185130e+01
   784   2.0527432242015400e+00  -3.9434872084641704e+01
   785  -8.4408357272624202e-01   3.9530323237647252e+01
   786  -2.5607503833320622e+00   4.1159767829144386e+01
   787   2.8317344687926234e+00   3.9903778481373401e+01
   788   1.6352445675431939e+00  -3.9793376856919402e+01
   789  -2.8962365221361077e+00  -4.0292191176410356e+01
   790  -9.0194705729856262e-01  -3.7862568079332064e+01
   791   1.6829985047956195e+00   3.9591765118168532e+01
   792   2.5123178222428302e+00  -3.8459515617639816e+01
   793   5.6033834299058860e-01  -3.9733993523841463e+01
   794   4.1726573444179591e+00  -4.1022369507562374e+01
   795   1.8499862492582839e-01   3.8568966574721827e+01
   796   1.1004141469564896e+00  -3.9325781192539083e+01
   797   1.1047384284778117e+00  -3.9867643272441171e+01
   798   3.2543503708256631e+00   3.9293431452664898e+01
   799  -2.1246776913879324e+00  -4.0598199017087325e+01
   800  -2.2149418685511000e+00  -3.7139747571516843e+01
   801   1.7399184891083053e-02   3.8589696733031936e+01
   802  -1.8038700678612019e-03   3.9263295816279260e+01
   803  -5.9355578152821853e-01   3.9009141988607801e+01
   804  -2.8520285411675759e+00   4.0346408863972023e+01
   805  -1.3366416174446465e+00  -4.0265199772615816e+01
   806   1.6844660514417125e+00   3.9334528528783316e+01
   807   2.0775217226274112e+00   3.9804392101918630e+01
   808  -1.0589614796257023e+00  -4.1063070754212582e+01
   809   3.6845875929808103e+00   3.9757286167302965e+01
   810  -3.5101834906121004e-01   3.7464564235252780e+01
   811  -1.0700979471590306e+00   3.8834088793893827e+01
   812  -1.5889570918734492e+00   3.8762472783585089e+01
   813  -6.9761645553758855e-01  -4.0894968664174357e+01
   814  -3.2577738794903344e-01  -4.0810963000898674e+01
   815  -5.6581728416613020e-02   3.8941986989158316e+01
   816  -8.2482163616191551e-01   4.0289024571250216e+01
   817  -8.8149786123496321e-01  -4.1027560476684499e+01
   818  -2.9079217363057355e+00   3.9762156058904907e+01
   819   1.9413472245884481e-02  -4.3198648800096116e+01
   820   1.8896155416933995e+00  -4.0126711278162624e+01
   821  -7.2144432959762417e-01  -4.0861648702593619e+01
   822  -8.5577730155367093e-01   4.2171583821003878e+01
   823  -1.2787648166722421e+00  -4.0373988745342423e+01
   824  -4.1344910627233986e+00  -4.2168601340714673e+01
   825  -1.8606986846275126e+00  -4.0650879622212663e+01
   826  -1.4051396811873054e+00   4.0957495032387691e+01
   827   3.9591247131988578e+00  -3.9427243864351539e+01
   828   1.8941700631849183e+00   4.1085373241377710e+01
   829  -2.4815339270006484e-01   4.0976652439418118e+01
   830   1.2565902962960971e+00   4.0571519100370921e+01
   831   1.9472644724954724e+00  -4.1809662922952938e+01
   832   2.2088521541259634e+00  -4.1899723169913294e+01
   833   3.3233572247397065e+00  -4.0364045171457434e+01
   834  -2.2688496298829048e+00   4.0988548442501191e+01
   835   5.9010127936340417e-01  -3.9648833868574236e+01
   836  -5.9087753450388736e-01   3.9230315481292983e+01
   837  -1.7364378979624593e+00  -4.0917754546897541e+01
   838  -1.0208134506540369e+00  -4.1977957164666002e+01
   839   1.8574786291104026e+00  -4.0025958973845320e+01
   840   3.2013337265475910e+00   4.0007886590023531e+01
   841   9.8604335384455100e-01   3.9934604109606944e+01
   842  -1.8178371094449237e+00   4.2177487545544551e+01
   843   1.5800354230519378e+00  -4.0412060332659443e+01
   844   2.6640160126512833e+00   4.2113022547141192e+01
   845  -9.2646411296993170e-01  -4.0438142754174059e+01
   846  -6.5852103865918521e-01   4.0286047254817696e+01
   847  -1.2954850908189952e+00  -4.0205584843233794e+01
   848  -3.8920915943459333e-01   4.1849655028964953e+01
   849  -1.8756883636669259e+00   4.3401152161326308e+01
   850   1.5492687135898457e+00   4.0463400465006295e+01
   851  -3.5978708206021413e+00   3.9299930354981512e+01
   852  -4.4711130790243221e+00  -4.1980850149796574e+01
   853   1.6650388908779659e+00  -4.2829011285037780e+01
   854  -2.8189035546906021e+00  -4.0027974568856628e+01
   855  -3.3919631061252736e-01  -4.0294705596327795e+01
   856  -8.6445752842942103e-01   4.0068257290353657e+01
   857  -2.3220932805116767e+00   4.1267299949194232e+01
   858   1.9536814656828802e-01  -4.0862268000708177e+01
   859  -9.2225022897022932e-02   4.2076949712506945e+01
   860  -2.8134662599833886e+00   4.2550235950077337e+01
   861  -3.8269477070422324e+00   3.8957347312284789e+01
   862   4.7685915981386146e-01  -4.2072484870031566e+01
   863   1.3482893110533063e+00   4.2256477702318499e+01
   864  -1.2031659832215635e+00   4.2197582076727493e+01
   865  -1.9285574196675541e+00   4.0586876431178567e+01
   866   9.2314827386553477e-01  -4.1081827386953137e+01
   867  -7.0089284590179690e-01   4.1510713130809556e+01
   868   3.7835801824010168e-01  -3.9934785772343041e+01
   869   7.3178532755058312e-01  -4.4141494919577625e+01
   870  -1.8184131557481634e-01   4.0825638821109429e+01
   871  -1.1476350464100635e+00  -4.3695613258756453e+01
   872  -8.8400494227454929e-01  -4.0384424189775856e+01
   873   3.2480315413844916e+00  -4.2879127556764423e+01
   874   2.5830488490480430e-01  -4.3404005810105396e+01
   875   2.1277852963684842e+00   4.1934658641648447e+01
   876  -5.1434991935170018e+00  -4.1327616975347098e+01
   877  -7.9993168266461023e-01   4.0213316796181061e+01
   878   3.2126101094054843e-01  -4.1989703209175843e+01
   879   1.7401109395361556e+00  -4.1398545307140971e+01
   880   4.0569504388939892e+00  -4.0141631263224347e+01
   881   5.7333482390820789e-01  -4.2139983857953425e+01
   882   1.8623699381792205e+00  -4.2213363162556554e+01
   883  -2.0448963803709135e+00  -4.1711016694698905e+01
   884  -3.0758211593715594e+00   4.1904254914484063e+01
   885  -4.5581658918710808e+00   4.0917015424512172e+01
   886  -1.0679488725017372e+00  -4.1467565216008637e+01
   887  -1.1416619327029445e+00  -4.1534081262731640e+01
   888  -2.7693594066129607e-01  -4.1421657926232150e+01
   889   4.1795800040061037e-01   4.1144682721022072e+01
   890   1.4614295854039894e+00   4.1866457262320722e+01
   891  -3.6830434100473282e+00   4.1678017248398447e+01
   892  -2.1690649607915606e+00   4.3044908665831308e+01
   893  -4.4732756362724158e-01   4.1688854692827931e+01
   894   4.2912838893885352e-01   4.2236292610901032e+01
   895  -1.9176436508842074e+00   4.2340066138027055e+01
   896   4.0948589257074497e-01  -4.1268704042532292e+01
   897  -1.5741536417973923e-01  -4.2013867802811099e+01
   898   2.2312654891789796e+00  -4.3933830760013002e+01
   899  -1.4565140951722437e+00  -4.2633459624620194e+01
   900  -1.9416977089335183e+00   4.2961128714552210e+01
   901  -2.8565588508880704e+00  -4.2710002266734378e+01
   902  -1.6896225731519627e+00   4.1474403667329362e+01
   903   2.3078176175363034e+00  -4.4026365636843408e+01
   904  -4.1264920453869602e-01  -4.2860630500524245e+01
   905   1.5639504032565315e+00   4.1929767323460069e+01
   906   2.5034700995115600e+00   4.2079841989564279e+01
   907  -5.4608092245550433e-01   3.9125898981286042e+01
   908   1.9648017012456580e+00  -4.1952288626774724e+01
   909   5.3372685819850014e+00  -4.4150646410754497e+01
   910   2.9876243146526988e+00   4.2513351515006349e+01
   911   5.9534014454730178e-01  -4.0665650821250019e+01
   912   1.5792592043514875e-01   4.2490178945806896e+01
   913  -1.2149067017626070e+00   4.2662778242242631e+01
   914   2.8405274395425595e+00   4.1956110573057380e+01
   915   1.7864574858489426e+00  -4.3148496565956364e+01
   916   7.8075445800531040e-01  -4.2486109996842799e+01
   917  -7.4246245058290217e-01   4.4068373723570836e+01
   918   5.8962100881493673e-01  -4.5729132759716357e+01
   919   7.5981496564793938e-01   4.2146361227475140e+01
   920   2.4419899858841290e+00   4.2174795768099600e+01
   921  -1.9413401228500895e+00  -4.4236333093647815e+01
   922  -1.3901716909818285e+00   4.2691807361302295e+01
   923  -1.2111760632320250e+00   4.6021706818750474e+01
   924   2.7811329590327921e-01   4.3313818448533112e+01
   925   1.8673273116323241e+00   4.3652622008650951e+01
   926  -3.0563044531992407e+00   4.1372765950950239e+01
   927   1.5934004398457786e+00   4.1996411597575730e+01
   928  -3.8130101819470728e+00  -4.2548891445464058e+01
   929  -3.1184264932068952e+00  -4.2040139869348998e+01
   930   1.0976767591240475e+00  -4.5385972995960273e+01
   931  -3.1265835003087342e-02   4.3355171676786533e+01
   932  -2.3451042237723394e+00  -4.2079761550092371e+01
   933   8.7796612700161036e-01  -4.3608403836373178e+01
   934  -2.1689696356847499e+00  -4.3071938998409564e+01
   935   2.0454147779603185e+00   4.2792279733448034e+01
   936  -2.3285873670927408e+00  -4.3566296487074311e+01
   937  -3.8634540228737518e-01  -4.3220379793396596e+01
   938   1.3699273628293094e+00  -4.3688302878536966e+01
   939   5.2636425512328078e+00   4.2599996455487059e+01
   940   3.4503410115175120e-01  -4.4144986169100875e+01
   941  -3.3348538231865583e+00  -4.3219565115557607e+01
   942  -3.6184536397495783e+00   4.2847926663491776e+01
   943   7.3777470891885910e-01   4.2797825585193991e+01
   944   2.0331448992070475e-01   4.3825837689160188e+01
   945   7.7183422394688772e-01   4.2582911134105366e+01
   946  -1.5944697627787825e+00  -4.2020468231110158e+01
   947   1.6943874684254938e+00   4.4132796496139072e+01
   948   2.4349388463123942e+00  -4.4275549838276703e+01
   949   1.1122426164858366e+00  -4.5539793137664354e+01
   950  -8.0892723082026441e-02   4.6425478713788202e+01
   951  -3.7008248092026891e-01   4.3452244407556108e+01
   952   4.8717707085029129e+00  -4.3200223874644408e+01
   953   4.6059007161759524e+00  -4.3571437158421219e+01
   954   1.2050371830037179e+00   4.4464557249986342e+01
   955  -1.3192752139570239e+00  -4.2324243006888061e+01
   956   1.1660160397047103e+00   4.3272759933636571e+01
   957   3.7486158587338356e+00  -4.4951124964806368e+01
   958  -3.7834785544318832e+00   4.5403758564950380e+01
   959   1.9563532984546093e+00   4.3650532678789432e+01
   960   6.1822333926147544e-01   4.3848739747897120e+01
   961  -4.0482759323878739e+00  -4.3923058921011183e+01
   962   4.8222542836400151e-02   4.4764213820508004e+01
   963  -1.8256537855120816e+00  -4.5332701809330729e+01
   964  -1.6460575058532623e+00  -4.5110038340499429e+01
   965  -1.5956757421615024e+00  -4.3407978274722673e+01
   966  -6.9687830799110950e-01  -4.5772495608622442e+01
   967   3.2468531931847746e+00  -4.6992740016607733e+01
   968  -3.0492654056228750e+00   4.4828186480159566e+01
   969   9.1084383417899006e-01  -4.2318699423223940e+01
   970  -9.6854174349808020e-01  -4.5596393517854892e+01
   971   3.2215963584017633e+00   4.3744294812538506e+01
   972   1.9883341205774978e+00   4.2426944824257056e+01
   973  -1.5884896198344370e-01   4.4940745978061841e+01
   974   3.1361350683475397e-01   4.4585343685680598e+01
   975  -3.1215612776513119e-01  -4.4055997700548758e+01
   976  -5.9623829233397641e-01  -4.4987824686808210e+01
   977   3.0268309756533046e-01  -4.5651271180262860e+01
   978  -2.0019437416882160e+00   4.4129955453238765e+01
   979  -5.2548751688827844e-01   4.3541429301026440e+01
   980  -4.4221464080547740e-01  -4.4049445242785339e+01
   981   7.4276178930429115e-01   4.4271462593615205e+01
   982   3.2504842898209567e+00   4.3423379569191205e+01
   983  -2.2408492562796529e+00  -4.4563186573808018e+01
   984   1.6801549011576342e+00   4.4666145215662389e+01
   985   2.7820441103645104e+00  -4.1798648949465672e+01
   986   2.9358340574348235e-01  -4.3561062332923591e+01
   987   2.5690214164101102e+00   4.4245780935645413e+01
   988   1.6395180858527481e+00   4.5461867316744481e+01
   989   5.4221916296012773e-01  -4.3625307716828509e+01
   990  -5.2565321310824675e-01   4.1737049545590850e+01
   991  -2.7591797023919602e+00   4.2961945768794685e+01
   992  -1.3206284691467332e+00  -4.2477080329128270e+01
   993  -3.4365344113607588e-01   4.4870733825836481e+01
   994   1.2545331087459317e+00  -4.6625561484560890e+01
   995  -3.7609994785451467e-01   4.4964542065945835e+01
   996  -3.9015991021790204e+00   4.5224816848697913e+01
   997  -6.3153417715477200e-01  -4.3732656576389537e+01
   998   3.9654145337717046e+00  -4.5058605718605307e+01
   999   1.4594668713837742e+00   4.4057830822215564e+01
  1000  -2.3823345404571987e+00   4.4932933472752545e+01
  1001   1.4218436727788273e+00  -4.3549652056935045e+01
  1002  -2.2598871094980337e+00  -4.4711737372669113e+01
  1003  -2.9082904744806437e+00  -4.5995763716116208e+01
  1004  -1.0861138245591353e+00  -4.4204155100725259e+01
  1005  -3.3041486306735508e+00   4.5283359610107311e+01
  1006   2.0195929287204550e+00   4.5448922022126837e+01
  1007  -2.1750302952429572e+00   4.5153298097505861e+01
  1008  -2.1416130541534613e+00   4.5116099522664982e+01
  1009  -1.7556844710668742e+00  -4.5457057711275255e+01
  1010  -2.5472128841430015e+00  -4.6602689737331119e+01
  1011  -2.3158767613315123e+00  -4.4349933657331199e+01
  1012   1.1325472742743168e+00  -4.7154670151899808e+01
  1013  -1.8153884575479848e+00   4.5007480897067019e+01
  1014  -9.1483349727904539e-01   4.4612749065626588e+01
  1015  -1.0757628798452128e+00   4.6192793138611371e+01
  1016  -1.6677783727438826e+00  -4.4075995189244018e+01
  1017  -1.7617917400894976e+00   4.4087771320207779e+01
  1018   1.3110055085298162e+00   4.5536172966465877e+01
  1019  -2.9322718114645006e+00  -4.4813122554385892e+01
  1020   1.5028088398736958e+00  -4.5734751292960361e+01
  1021  -7.0023266391124317e-01  -4.4482521323304688e+01
  1022  -7.2822104692449763e-01  -4.4194458017743329e+01
  1023   1.2314713749220403e+00  -4.5949530809859581e+01
  1024  -3.9369408219449148e-01  -4.4822386519193692e+01
  1025  -5.5228463530278429e+00   4.4444064204763627e+01
  1026   3.9333984786726628e+00   4.5982970247517983e+01
  1027  -9.4830043620931437e-01   4.6412019127499576e+01
  1028   2.7092458012509972e+00  -4.5274129661983224e+01
  1029   6.9653037055575096e-01   4.5268126506028054e+01
  1030  -5.1547984002448388e-01  -4.5026631172397046e+01
  1031   3.8021417760581455e+00  -4.4870260095941362e+01
  1032   2.4062874079328971e+00  -4.5202271457136135e+01
  1033  -3.2467923716781630e+00  -4.5213766330763704e+01
  1034   5.8752505877645322e-01  -4.6959327685853147e+01
  1035  -4.0051745663517373e+00  -4.2960702718982041e+01
  1036   9.4747040093115809e-01  -4.5542956810008263e+01
  1037  -6.8324251157549842e-01   4.5986519918868602e+01
  1038  -2.3594666368917441e+00  -4.6457947764121933e+01
  1039  -6.2022736264600489e-02   4.5914731496362826e+01
  1040  -1.1638792658570483e+00   4.4614838128419308e+01
  1041   3.7397188070383247e-01  -4.6891460325551257e+01
  1042  -2.6771225789887692e+00  -4.5594722757360827e+01
  1043  -1.4329318124341168e+00   4.6847232187991750e+01
  1044  -1.1573778791721756e+00   4.5323957178040814e+01
  1045   2.2682876401329377e+00   4.3969633156150515e+01
  1046   4.9345744966470138e+00  -4.5983678768729852e+01
  1047   2.9168177608329633e+00  -4.4526504766341283e+01
  1048   1.0461980814996616e-01  -4.5744956904623130e+01
  1049   2.0436446550715686e+00  -4.6829039896086172e+01
  1050   2.4007702784582770e+00   4.5807861334957074e+01
  1051   2.8727675999008979e+00  -4.6362014625920139e+01
  1052   2.0284673045268264e+00   4.4859666363857173e+01
  1053   3.1050309119839086e+00  -4.6601464327792897e+01
  1054   2.1153703282336407e+00   4.6296440392081223e+01
  1055   3.3995914372127829e+00   4.4564779299293853e+01
  1056  -1.1730885782437797e+00  -4.5267540450836940e+01
  1057   1.4352821058945033e+00   4.5309268646255006e+01
  1058  -3.2742430708581183e-02  -4.5795151219591126e+01
  1059   1.9076657457661170e+00  -4.7446009260905640e+01
  1060   2.4346661085102386e+00  -4.6026558256263620e+01
  1061  -3.5914675680118857e+00  -4.3295218592624217e+01
  1062   1.9534052436491134e-01   4.7064026203300507e+01
  1063   3.5235852868160684e+00   4.5716742385360654e+01
  1064  -5.9432758752192161e-01  -4.6557296951440797e+01
  1065  -2.8078852518705461e-01   4.6075775785725938e+01
  1066   7.0491121894085162e-01  -4.6183720017465106e+01
  1067  -9.8393864176240103e-02  -4.6576856939526699e+01
  1068  -3.6778083661851952e+00  -4.6587839225168167e+01
  1069  -2.2098614299756170e-01  -4.6451186336757111e+01
  1070  -1.8409995951179228e+00  -4.5487851282404897e+01
  1071  -1.6807995170161303e+00   4.6281669817698436e+01
  1072  -4.9355104631844054e-01  -4.7564890615237914e+01
  1073   2.8647196563876260e+00  -4.6706545699321111e+01
  1074  -1.4956846309623839e-01  -4.6430092238670468e+01
  1075   1.0296093502193426e+00  -4.4716673856074621e+01
  1076   2.1055770808595500e-01  -4.6809586575544799e+01
  1077   6.6523706090083556e-01   4.7155288020604040e+01
  1078   1.9092232716713831e-01  -4.7150952149370795e+01
  1079  -6.3441405408692064e-01  -4.7336698326452954e+01
  1080  -2.8105663976549335e+00  -4.5411277861805047e+01
  1081  -7.7818879090692317e-01  -4.6533099054916441e+01
  1082   1.3432850676543551e+00  -4.4541061759350541e+01
  1083  -2.2241060504415184e+00   4.4651218596449965e+01
  1084   5.1352911372946386e-01  -4.7322889885292000e+01
  1085  -2.0477249231493344e+00   4.6819558417733774e+01
  1086  -8.0892336866007497e-03   4.4296334419842935e+01
  1087  -1.4189991204002061e-01  -4.7452223678437655e+01
  1088   2.0592295024601301e+00  -4.7939914920930228e+01
  1089   1.9870502617999026e+00   4.6785845754924438e+01
  1090  -5.3170670602860670e-01  -4.8665434169733508e+01
  1091   1.3640272889343925e+00  -4.7393738435721836e+01
  1092  -1.6932828725223985e+00   4.5676144836204543e+01
  1093  -1.4558151546001803e+00   4.6979875287955025e+01
  1094   1.7302783264696695e+00  -4.7300541327768755e+01
  1095  -7.1814251233083348e-01   4.4132529409678455e+01
  1096   1.5612411852491495e+00   4.6771393329837387e+01
  1097   5.5697880290155410e-01  -4.9243975926783101e+01
  1098  -2.4455910053437369e+00   4.7004561962478917e+01
  1099  -5.3093501520547270e-01  -4.6441448372069829e+01
  1100   1.0237188143648834e-01   4.7753824666275676e+01
  1101   8.5841160798116667e-01   4.7596041126565517e+01
  1102  -8.7955172116778069e-01  -4.8713455825593634e+01
  1103  -2.5346718315611760e-02   4.5985640311071926e+01
  1104  -1.3174488452539639e+00  -4.7023474919287679e+01
  1105   5.7776015842032025e-01  -4.8943686324780685e+01
  1106  -2.1303663528330370e+00   4.6730158723430620e+01
  1107  -3.2699368685787027e+00  -4.5601330943018326e+01
  1108   7.3694771481494092e-01  -4.7013175529896003e+01
  1109   1.2099480461408594e+00  -4.6744123953252156e+01
  1110   1.1078292744391216e-01   4.7462016498276775e+01
  1111   6.8367006563061183e-01   4.8407082137885396e+01
  1112   4.3995325368715594e+00   4.6139627310030285e+01
  1113  -8.3805539850126887e-01  -4.8457253494147530e+01
  1114  -2.5353906967808632e-01   4.7143368408292964e+01
  1115   2.2421492379547030e+00  -4.7696798047551596e+01
  1116  -4.2968707911889350e+00  -4.6537062005948727e+01
  1117   1.5714559192313269e+00  -4.8648035799011723e+01
  1118  -2.4985576244546426e-01  -4.7155088691297429e+01
  1119   1.0698027529985794e+00  -4.6108998491559788e+01
  1120  -5.6640734189778241e-01   4.5067761171373292e+01
  1121  -4.5656495352410831e-01   4.7322191613105993e+01
  1122   9.8095631037995012e-02  -4.6316157827409562e+01
  1123  -6.8434108900730606e-01  -4.7569584077312797e+01
  1124   1.8941978989613395e+00  -4.6036832708461937e+01
  1125   1.5343615438147038e+00  -4.8774803537634114e+01
  1126  -1.3039620662725704e+00  -4.8595112085344688e+01
  1127   2.0985750767940927e+00   4.7194031839934233e+01
  1128   1.4561314857826990e+00  -4.5612174541684389e+01
  1129   1.3488448041427510e+00   4.8904111272124879e+01
  1130  -6.6836433781485494e-01  -4.7708958051279929e+01
  1131  -1.2565906011241053e+00  -4.9886448882472699e+01
  1132  -1.9890670274750526e+00  -4.8415674815659273e+01
  1133   1.0741861379997943e+00   4.8500082353314774e+01
  1134  -7.2343604171767023e-02  -4.7797074357952518e+01
  1135  -1.4012639380605800e+00   4.6082893401094545e+01
  1136  -3.2268232587112471e+00   4.7101750649186442e+01
  1137  -1.5414180317284230e+00   4.9032643210373521e+01
  1138  -1.4394484462186630e+00   4.7677813650681607e+01
  1139   7.3685362698952916e-01   4.6833900120385863e+01
  1140   3.7059997129912530e+00  -4.8825184941668766e+01
  1141  -1.9514404657147233e+00   4.8885579829962367e+01
  1142   3.9557241056906709e+00  -4.6356760690096785e+01
  1143   5.1526222117755893e-01   4.6693401709720384e+01
  1144   2.1278193996816217e+00   4.9589060128868098e+01
  1145  -9.8473037906035354e-01   4.8627893127559879e+01
  1146   6.3743437972484118e-01   4.9458113564302543e+01
  1147   1.9503902895392424e+00   4.9901369283147631e+01
  1148  -1.7570678658200696e+00  -4.8467130147620317e+01
  1149   7.2043818367645285e-01   4.8714325390122092e+01
  1150   1.6730484151193172e+00   4.8679026212496076e+01
  1151   1.8879474202245734e+00  -4.8185799362715265e+01
  1152  -3.4400656507639984e+00   4.8907208414932335e+01
  1153   3.6374094065818768e-01   4.8030450982905251e+01
  1154  -2.8711558778587434e+00  -4.7563461698784437e+01
  1155  -1.3017203353818103e+00  -4.7774892504092925e+01
  1156  -2.8945419063707374e+00   4.7826414634610586e+01
  1157   9.2540812521550242e-01   4.6946517472181995e+01
  1158   6.3756896474635494e-01   4.6484897950658393e+01
  1159   8.0583635579799234e-03  -4.7376096905194956e+01
  1160  -9.4861665846138377e-01   4.8192540366434564e+01
  1161  -2.9461201540907127e+00  -4.7930408011307172e+01
  1162   3.0466384909800288e+00   4.8923211106916881e+01
  1163  -2.9385381417890080e+00   4.8395474698859516e+01
  1164  -1.7768397113135153e+00   4.7312880315491938e+01
  1165   3.2410909717710434e-01   4.9750499298454358e+01
  1166  -7.0274082010649042e-01   4.8973714526235149e+01
  1167  -6.6191338662161070e-01   4.8635716471251889e+01
  1168  -2.8225380167318614e+00  -4.8860646267411681e+01
  1169   4.0211544456782171e+00  -4.8268454105375717e+01
  1170   3.8104715387349755e+00   4.8100513635578729e+01
  1171  -5.5228783365909617e-01  -4.7460293846728753e+01
  1172   1.3676812882983309e+00   4.8298221462648449e+01
  1173  -2.1867650771972311e+00  -5.0094567848587452e+01
  1174  -1.4148417793296053e+00   4.9248882953826239e+01
  1175  -1.9930838057964502e+00   4.9002731970277978e+01
  1176  -2.1670887582680880e+00   5.0012214058080339e+01
  1177  -1.2949400900784518e+00  -4.8079308021000053e+01
  1178   2.8552802623469020e+00   4.8582959654962224e+01
  1179   5.2518401003840698e-01   4.9379328715835491e+01
  1180  -1.1258663622404841e+00  -4.8657596765333963e+01
  1181   3.0927903600468416e+00   4.7267519980979117e+01
  1182   3.1899648125023674e+00   4.8754166304845675e+01
  1183   5.8670495862320964e+00  -4.9389215615514999e+01
  1184  -2.1930133538582579e+00  -4.8968627072234902e+01
  1185   3.3508365610741073e+00   4.9240003042881987e+01
  1186  -1.8939564016300883e+00  -4.9086779181631137e+01
  1187  -3.0832625261397664e+00   4.9362458507949846e+01
  1188   3.0182344000481254e-01   4.7920140272204279e+01
  1189   2.9174425964500239e+00  -4.8770662966093944e+01
  1190  -1.2313399215423342e+00   4.8094387183941592e+01
  1191  -3.3486209854395493e-01  -4.8585246289002129e+01
  1192  -1.5513723372859696e+00   5.0647736908864488e+01
  1193   6.2272294585784549e-01   4.9077991811182194e+01
  1194  -2.8463011522196430e-01   5.0462550673756844e+01
  1195   2.3417159351488381e+00  -4.8311691709224277e+01
  1196  -3.1744973825652218e+00  -4.9071178026857510e+01
  1197  -1.1691531116580239e-01   4.9832841334235916e+01
  1198   5.8593892794218938e-01  -4.8616223402217592e+01
  1199  -5.8191975893682864e-02   5.0601141206649544e+01
  1200   4.5747589170548097e-01  -4.7114161042406927e+01
  1201   1.3535239216544133e+00   4.8317510799993372e+01
  1202  -2.3153362886473907e+00   4.9722500944097774e+01
  1203  -1.7988423934497817e+00   4.9594261544563835e+01
  1204   3.4041256734036933e+00  -4.8795289426535241e+01
  1205   1.1777179286621287e+00   4.7209475519524752e+01
  1206  -1.3976396554849120e+00  -5.0694327219298849e+01
  1207  -5.3119916986449196e+00   4.9095057873880918e+01
  1208  -5.1471300699985245e-01   4.8073637325038902e+01
  1209  -4.1809917253498458e-01   4.9298795243652783e+01
  1210  -2.2016231094695500e+00   4.9692318869553667e+01
  1211   9.0579432543541860e-01   4.8498697873142817e+01
  1212   1.0575685895014368e+00  -4.9274270150511200e+01
  1213   2.1091120766632341e+00   4.9850252498652878e+01
  1214  -2.1371972690800445e-01  -4.8567238816437047e+01
  1215   2.0482265342608099e+00  -4.9493238552929725e+01
  1216   3.3233090364739226e-01   5.0345903512418268e+01
  1217   1.9886291911616518e+00   5.1261996462333990e+01
  1218   2.4752919296243685e+00   4.8981012637695265e+01
  1219   1.2485513357018105e+00   5.1226833653812122e+01
  1220  -6.2363695918901708e-03   5.0727269956268657e+01
  1221   2.3494222691634108e+00   4.9808793552456713e+01
  1222  -3.9614545713779603e+00   4.7706939530864517e+01
  1223  -1.8493589980848921e+00   4.9783913883276654e+01
  1224   3.4543563899527636e+00  -5.0238198075952539e+01
  1225  -6.3715296732099278e-03   5.1504537545976859e+01
  1226  -3.0577885844084975e+00   4.9198730721604228e+01
  1227   1.7127615266340232e-01   4.9859958752345456e+01
  1228   1.5421383574485339e+00   4.9909379709961257e+01
  1229   1.7898974383432824e+00   4.8366418605797534e+01
  1230   1.1797697079682812e+00  -5.0849047125921508e+01
  1231   8.1819022963788923e-01   5.0326877022760037e+01
  1232   3.0901341441278465e+00   4.8858745720604524e+01
  1233   1.6868404774775503e-01  -4.8701943536779389e+01
  1234   1.9007522433876849e+00   4.9892105569948434e+01
  1235  -2.0842610610803600e+00   4.9717177727696665e+01
  1236   3.9910239720286995e+00   5.0200169608108027e+01
  1237   1.7231926965931443e-01  -5.0988577999708689e+01
  1238   3.5537201956744267e+00   5.1014066115077235e+01
  1239   1.9428431162584441e+00  -5.0607246076676901e+01
  1240   9.5850972245216315e-01   4.9593171144630411e+01
  1241   1.1366251259781528e+00   4.8980018402896498e+01
  1242  -1.6290318595118913e+00   4.9832774150258302e+01
  1243   1.6306585839913819e+00   5.1127007961852698e+01
  1244  -1.1130266975924212e+00   4.8814833239301919e+01
  1245   4.5145051558364152e-01  -5.0110091822551354e+01
  1246   5.6435703138087001e-01   5.0642015670618953e+01
  1247  -2.4365584387503469e+00   5.1389393010317271e+01
  1248  -2.3350280872345794e+00  -5.0248940087549592e+01
  1249   1.8821784429136903e+00  -4.6933056650009355e+01
  1250   6.0173050816667384e-01   0.0000000000000000e+00
