  1500
     1  -9.9712046830351264e-01   6.8608337325301283e-01
     2  -1.4206721116116805e-01  -6.1212251735463363e-01
     3  -1.8327499416914617e-01   3.3799782331283940e-01
     4  -6.1306257717848600e-01   6.9950865364287829e-01
     5   7.7610902483458988e-01   7.5035899151889252e-01
     6   3.9896904256522947e-01  -1.2611606126036348e+00
     7   4.1977703802556610e-02   5.9321602418078656e-01
     8   1.6535423388157119e-01  -1.3578782320657574e+00
     9   2.5510347310559534e-01   1.0446740893973279e+00
    10  -4.8029628694343462e-02   1.2065008098005161e+00
    11   7.4563340535086697e-01  -1.6164529597125989e+00
    12  -1.4190623594688698e+00   1.4317572187153789e+00
    13   1.0398223174680754e-02  -1.4485064235050769e+00
    14   2.8550649081276702e-01  -1.7742825974535614e+00
    15   6.8559934783321819e-01   1.9336692566165279e+00
    16   8.4075372045494756e-01  -1.4640444359743590e+00
    17   5.3074484137984324e-01  -2.1008282003711516e+00
    18   4.1774859276564424e-01   1.8446780856960656e+00
    19   4.7653564322809527e-01   1.7840647737448931e+00
    20   2.9656169475559502e-01   1.7591041586663037e+00
    21   2.1937588175799161e-01   1.9061059129103397e+00
    22   1.4431344309517730e-01  -1.5773969673238564e+00
    23   1.1799109288539067e+00   1.9730933582806520e+00
    24   6.2904259841964505e-01   2.0052346108771251e+00
    25   1.0200427554831051e+00  -2.1442597913058359e+00
    26  -2.3478202650313040e-01   1.7881852891248047e+00
    27   5.8988878269619471e-01  -2.4665290018979271e+00
    28   4.6241268734387131e-01   1.9562865876977358e+00
    29   7.1468832320058173e-01  -2.0513404190917837e+00
    30   5.5763916542131942e-01  -2.5314220437164430e+00
    31   6.8939784465290221e-01  -1.7845100501491375e+00
    32  -3.8354945151089032e-01   2.2676356227903649e+00
    33   4.3423851444171385e-01  -2.2771848890717061e+00
    34  -1.2225161723786111e+00  -2.2194152007377976e+00
    35  -8.2723523628528514e-02   2.9662024752913436e+00
    36   7.3170772155982333e-02   2.6711034244909730e+00
    37  -7.2463727123521926e-01   2.4845288181772966e+00
    38  -2.6292573487868948e-01  -2.6373242004039095e+00
    39   1.7967639440418171e-01  -2.2462667677083958e+00
    40  -3.5232632718064644e-01  -3.4003293691165593e+00
    41  -2.2556607827391364e-01   2.6782526349927389e+00
    42  -6.2164162822162017e-01  -2.9643379321296206e+00
    43   4.9468935404149966e-01   2.0328279051263438e+00
    44  -5.2117817330605687e-01   2.5166312107762572e+00
    45   1.2952372474153657e+00   2.4868211917933225e+00
    46  -5.0246962185601241e-01  -2.4987205912683703e+00
    47  -6.2559731507514593e-01  -3.0586665326993323e+00
    48  -1.6570962901526917e-01  -2.4979951729804157e+00
    49   4.3502646015928348e-01   3.0473763547937613e+00
    50  -5.9099876570244003e-01  -3.2937674340208858e+00
    51  -5.8848797821766295e-02   2.8256242590966463e+00
    52  -8.1511398325162587e-01   3.0651078818523647e+00
    53  -5.5525334216932809e-01  -3.1916645472651988e+00
    54  -1.9936428017302282e-01   2.8109332446881017e+00
    55   5.0488799358429437e-01   3.2146461580550105e+00
    56  -2.6632334793909018e-01   2.9300969170533948e+00
    57  -8.1054765725233041e-02   3.0769779601007827e+00
    58  -1.5815811191651574e-01   3.4656165096106086e+00
    59   7.8205287156766445e-02  -2.5941367454191111e+00
    60  -3.6564826554309993e-01   3.5388837505041963e+00
    61   1.2262636355196817e-01  -3.3242644810731448e+00
    62   1.0138062739851250e-01   3.3118924796324518e+00
    63  -4.2610055496294086e-01   3.4436093490659774e+00
    64   1.1951729539148097e+00  -3.4089941311978587e+00
    65   1.1320879777675952e+00  -3.0870900471861109e+00
    66  -7.1765515402129243e-01  -3.2538560946642652e+00
    67   4.5505876605121887e-01  -3.8005899587548142e+00
    68   1.3435573095705064e-01   3.3320167030976964e+00
    69  -8.0288633347581884e-01   3.6933010864464295e+00
    70   7.0662583317585917e-02  -3.9395805670699748e+00
    71  -3.8717258143814037e-01  -3.4086867605623450e+00
    72   7.2460724793334541e-01  -3.1899559321379578e+00
    73  -2.2406580005469681e-01   3.3720287728996641e+00
    74  -8.0563599361724836e-01   4.1326758629823024e+00
    75  -6.0799622059033254e-01  -3.4566222076587092e+00
    76  -3.2991637423352732e-02   3.7311341460901835e+00
    77  -6.3840372138180712e-01  -3.1598216501485803e+00
    78  -2.5692792823580740e-01   3.5898235723228331e+00
    79   1.2513232744082911e-01   3.6619847855375154e+00
    80   1.8894286347959977e-01   4.0776480862686713e+00
    81   1.8640920290080959e-01  -4.1131988731060547e+00
    82   1.9851019536605244e-01   3.6260721139558179e+00
    83  -2.3627416161335560e-01  -3.9843194351197417e+00
    84   6.2310720349114035e-01   4.1357681038021816e+00
    85   5.5243361426395510e-01   3.6233872028237135e+00
    86   3.9637812471848854e-01  -3.5645811267417495e+00
    87  -8.7964739384505863e-01   4.0581894222427062e+00
    88  -5.7242008659884513e-01  -4.1929348188025477e+00
    89  -7.5673428968014145e-01  -4.2435467742785393e+00
    90   1.1679952372328746e-01  -3.8910003776988282e+00
    91   7.4809832214004623e-01   3.7376334084235947e+00
    92   7.5524394670781758e-02  -3.8016681528438077e+00
    93  -5.1325956486407731e-01   3.6912270934023041e+00
    94  -4.2567796914830808e-01   4.3242487062449744e+00
    95  -6.7375304395100710e-01   4.0286210193911351e+00
    96   1.9709155179766391e-01   3.6771005575497386e+00
    97   4.2280428306503376e-01   4.4309548125117928e+00
    98  -1.2728380369681207e-02   3.8451054787737409e+00
    99  -1.8114236047800027e-02   3.9396277698734070e+00
   100  -5.6450427737040121e-01  -3.7928744239219667e+00
   101  -1.3512956660967235e-01  -4.0667286915494527e+00
   102  -5.2240560206661268e-01   4.0982757667718257e+00
   103  -5.2387654142231077e-01  -3.9613698164472186e+00
   104   4.6619422476261535e-01  -4.4900810805619580e+00
   105  -7.6631180971971069e-01   4.2359792454065213e+00
   106   1.4076020656163424e-01  -4.3912929722653118e+00
   107  -6.4423623597495683e-01   3.8490889657885594e+00
   108  -4.5085262448491098e-01  -4.1123992556232336e+00
   109   3.1736585189644179e-01  -4.5943644130224204e+00
   110  -2.0409092610881815e-01   3.8400183597464288e+00
   111  -4.2180792072044765e-01  -4.7494247401057743e+00
   112   7.3726110772848830e-01   4.0453346449739689e+00
   113  -6.5487823049457194e-01   4.1194310088593298e+00
   114   7.6712523170574243e-01  -4.1200780569088140e+00
   115   8.8125268782387667e-01  -5.1562454439826162e+00
   116  -3.5235448267474523e-01  -4.5091885982490210e+00
   117  -6.7949249496864705e-02  -4.3482192500049157e+00
   118   1.9231253565084128e-01   4.4240975037352301e+00
   119   2.8180845559948575e-01   4.1571659329525215e+00
   120  -1.1751811289715441e-01  -4.4610011053701824e+00
   121  -6.4760658083445899e-01   4.3046035582760940e+00
   122  -8.2543324390501549e-02   4.6514360839459226e+00
   123   8.1450947918404903e-01   4.3688518421527549e+00
   124  -4.6769785797251773e-01   3.8629893027472830e+00
   125  -3.8084842395166907e-01  -4.8251947995955859e+00
   126   7.3366135688765111e-01   4.4551435564328807e+00
   127   6.1166529630050581e-01   4.3108694126737070e+00
   128  -8.9421825188756923e-03   4.8105514798581712e+00
   129   2.4734338710453063e-01  -4.7432853754022890e+00
   130  -6.4166749755081920e-01   4.6412863085666709e+00
   131   4.4960625710554480e-01   4.7355122275200792e+00
   132   5.1433658338265831e-01  -3.8380757607428344e+00
   133  -9.7622971923007185e-01   4.9503345516372006e+00
   134  -5.3561251659010423e-01  -4.9054572143181279e+00
   135  -7.0197552581572076e-01   4.6251569680033624e+00
   136   3.5876513569647611e-01   5.0346091020610437e+00
   137  -9.2626400850342971e-01  -4.6969139554353099e+00
   138   5.0291730646675648e-01  -4.5953109257973024e+00
   139  -5.2612512926592658e-01   4.8062139077574386e+00
   140   8.4058079745835124e-01  -4.7207715366028440e+00
   141  -4.0452518728811604e-01  -4.7954013615161930e+00
   142  -3.5087430882618720e-01   4.6948946436777703e+00
   143  -1.0877010145505444e+00   5.1416554296298909e+00
   144   6.2097475010630476e-01   4.9969014909263532e+00
   145   1.3637891940705393e-01  -4.8506574717767901e+00
   146   7.1549686315622063e-01  -4.6623725401815639e+00
   147   5.3100961883519260e-02   4.8072510819034298e+00
   148   6.6511622882430455e-01   5.0419409125976928e+00
   149   3.3204932231923134e-01  -5.0522195800354401e+00
   150   1.8913043814338726e-01   4.7483603684999478e+00
   151  -5.7971779212633467e-01  -4.7696895632099299e+00
   152  -5.4619654999225786e-01   5.2447858387130415e+00
   153   1.1020896970755074e+00   5.1958910907017186e+00
   154   6.7238707458197244e-01   5.5129063922431465e+00
   155   5.6142154953895929e-01   4.7660090684061247e+00
   156  -4.2342624979495158e-01  -4.8988211462577675e+00
   157  -1.2411575370101158e-01   5.1417565356435375e+00
   158   2.0752315068029795e-01  -5.5837679933400821e+00
   159  -4.1840501845582728e-01   4.9471757778103695e+00
   160  -1.6798231618005835e-01   5.9357159124403678e+00
   161  -7.3238714353083889e-01   4.9799158250701794e+00
   162   6.3423486246012140e-01  -6.0329664219455568e+00
   163   6.1434383155740768e-01   5.5585004124446797e+00
   164  -1.1933663394224192e-01   4.9468972660631358e+00
   165   5.5904094642096269e-01   5.0427538706536534e+00
   166   3.0579615413350836e-01   5.1170740860421251e+00
   167   1.3218317227821783e-01   5.0254026116502315e+00
   168   5.9970257332807286e-01   5.3410334927564955e+00
   169   5.9435925144904123e-01  -4.9219053868442071e+00
   170  -1.1032362110821046e+00   5.0555381007665892e+00
   171  -7.7058634958857536e-02  -4.9361272132028962e+00
   172   3.4404445861197425e-01  -5.3825657371250806e+00
   173  -7.1867368328148240e-01   5.5830931199594298e+00
   174   3.4382167653020784e-01  -5.3464561570721685e+00
   175   1.0625825181232398e-01  -4.8961451090813943e+00
   176   7.2344558521425517e-01   5.7956738867794240e+00
   177   3.2436334240349307e-01  -5.1649583909087173e+00
   178  -3.0427687871338704e-01   6.0565626166858344e+00
   179  -7.1189082600441389e-01   5.2164451321819083e+00
   180  -4.3424027991545482e-02  -4.8692692373788846e+00
   181  -5.8837814675003419e-01   5.7015337662194217e+00
   182  -1.1905090869933713e-01  -5.0624531866924238e+00
   183   1.9143600231224575e-01  -6.2003826910575457e+00
   184   6.3900635789902016e-02   5.6175890027430047e+00
   185  -4.8288898728202534e-01  -5.6472430002554370e+00
   186  -2.2615825316373600e-01   5.4897213035118613e+00
   187   3.1363881719632514e-01   5.6835737160044957e+00
   188  -7.2123814515745766e-01   5.7106578053593449e+00
   189  -7.3661812498810852e-01  -5.4766927304775868e+00
   190   6.9581854412030597e-01  -6.2853945913023122e+00
   191   9.2232556923160747e-01   5.3452826985902995e+00
   192   2.7528953401372919e-01  -5.9742257050154501e+00
   193  -4.6537341692825251e-02  -5.3926509459051202e+00
   194  -8.5014197629153754e-01  -5.5316611604569248e+00
   195   6.7210598950416933e-01   6.1902046585319246e+00
   196  -4.1905025369102394e-01  -5.7155706463588878e+00
   197  -3.2898932266168784e-01  -6.1925376523235096e+00
   198  -4.7077509372845272e-02   5.6643386680938805e+00
   199  -4.3747954206514728e-01  -5.1928435723569146e+00
   200   4.9809592147709048e-01   6.0159493748248192e+00
   201   6.7040916271900042e-01   5.8923436157750615e+00
   202  -1.2157969643120228e+00   5.9157832063732654e+00
   203   7.2604638134492427e-01   5.4719129273841451e+00
   204  -1.0147447148482935e+00  -6.3203569725745110e+00
   205   2.5497871687509804e-01   5.8656566923577094e+00
   206  -6.8456400797114333e-02  -6.4140319736041382e+00
   207  -2.2435259606041197e-01  -5.4113600179514414e+00
   208  -2.8402114711735260e-01  -6.1208898820459741e+00
   209   8.0683771297527063e-01  -5.9110559800305023e+00
   210  -1.1411187886940313e+00   6.0455552854492662e+00
   211  -5.4842767188108243e-01   6.5330292633130105e+00
   212  -1.5539791505106381e-02   6.1895909016497273e+00
   213   6.7535498290063967e-01   6.1783637248445311e+00
   214   4.2494745148713969e-01  -5.9405301681774789e+00
   215  -5.1024171060221535e-01  -6.0701831563553776e+00
   216  -6.2631956776858222e-01   5.9883055229518858e+00
   217   4.1194502472272809e-01  -5.9663440592923456e+00
   218   3.7388937555545138e-01  -6.3137026553272193e+00
   219   6.0650970764084255e-01   6.4038343814152414e+00
   220   6.1698008576423491e-03  -5.7595427790670364e+00
   221  -1.2511280503983130e-01   5.6216321157445170e+00
   222   4.4232575958344694e-01   6.3622654963856728e+00
   223  -1.8435061274738729e-01   6.0437754232271770e+00
   224   1.6959357394562777e-01   6.2318534088097417e+00
   225   2.2130681687751985e-01   6.4129481008030043e+00
   226  -3.5647273465294788e-01  -6.4014068247592144e+00
   227  -5.4896633399569061e-01  -6.4775394788018552e+00
   228  -4.9300615486574495e-02   5.8229389088536934e+00
   229  -6.8540512757575056e-01   6.4065199630445608e+00
   230   8.4414277996980458e-01  -6.3453930860343153e+00
   231   2.8956709512939431e-02  -5.6782398006128059e+00
   232  -4.6751133909550235e-01   5.7569328626902569e+00
   233   3.4376158181926397e-01  -6.2668117081986292e+00
   234  -4.0762768131810678e-01   6.3031336986947304e+00
   235   5.1388116419095575e-01  -6.4290204148790506e+00
   236  -2.1326719256964374e-01  -6.3243700822411348e+00
   237   9.6243682347777326e-01  -6.5230985803084822e+00
   238   1.2568731051180910e+00  -5.9056091008600831e+00
   239   3.1221898304595469e-01  -6.0087283155848867e+00
   240   8.1585471516049179e-01  -6.8400342468653044e+00
   241   1.2571441227712096e-01   6.6376541803546649e+00
   242  -1.6353666390293534e-01  -6.0998043519905227e+00
   243  -1.3924799535507645e-01  -6.7331284344236693e+00
   244  -4.4194600264669326e-01   6.4087480920695796e+00
   245  -1.6305966530612550e+00   6.3192838258483635e+00
   246  -5.9206242845110924e-01   6.8440590491260984e+00
   247  -6.0400483017203510e-01   6.4685714773285117e+00
   248   3.1652674606906450e-01  -6.7629434948224088e+00
   249   3.3494112401704940e-01  -6.8182663020840764e+00
   250  -7.2074865553454182e-01   6.2703592372462680e+00
   251   3.2827136355826303e-01  -6.7221333738535956e+00
   252   1.0055600156302202e+00  -6.3364599645448791e+00
   253  -6.0750660112439687e-02   6.8607649375277306e+00
   254   6.2710506990093604e-02   6.1858899244350356e+00
   255  -7.3901768015686620e-01  -6.7484276432864956e+00
   256  -4.9408185653480147e-01   6.3870021376169648e+00
   257  -2.4460052787051731e-01   6.1751933498631608e+00
   258   2.1498302390645113e-01   6.1705006666418063e+00
   259   6.1429712985281759e-01  -5.8913682362388755e+00
   260  -1.0570909126181494e+00   6.9320094346123193e+00
   261   2.0419641922823563e-02  -6.4780942040395946e+00
   262  -2.5383025129937764e-01   6.3556248115006779e+00
   263  -5.0860824203952837e-01   6.4768518105602224e+00
   264  -5.7868356258811637e-01   6.6285304675165708e+00
   265  -1.0315311114377876e+00   6.9183038846863303e+00
   266   2.8646971630218709e-01  -6.5394691073523150e+00
   267  -4.9462187892126708e-01  -6.6212941674839270e+00
   268   2.6334432490195209e-01  -6.9546574994427139e+00
   269  -4.1658127548277091e-01   6.7370799888742585e+00
   270  -1.0965704995085928e+00   6.4810102024415990e+00
   271   1.8844044320639550e-02   6.5701622152990815e+00
   272  -7.7621988657776997e-01  -6.9085768169852706e+00
   273  -1.8064225835700984e-01  -6.7787674804093223e+00
   274  -7.7181662795915285e-01   6.8257816179373334e+00
   275   1.0825194233842304e-01   6.8258859810720711e+00
   276   8.9430604296420801e-02   6.2622079140794220e+00
   277  -8.8261262963263953e-01  -6.6831013035458708e+00
   278   1.0401417617600547e-01   6.3499162715067676e+00
   279  -6.2405929634310686e-01   6.3654225806640365e+00
   280  -1.2691480015780072e+00  -7.0824646339945412e+00
   281  -8.0335348230101147e-02   6.3358850976117278e+00
   282  -4.9687801509476914e-01   6.2356579798429168e+00
   283   6.5275150429156481e-01   7.0084325594586154e+00
   284  -1.2814836930097090e-01  -6.8963785563990934e+00
   285  -4.4829225776452508e-01  -6.3664889904238153e+00
   286   1.9339423028239922e-01   6.7273578777277798e+00
   287   3.3876674826758901e-01  -7.0212903367365493e+00
   288   8.2025589866014037e-01   7.6365547512052867e+00
   289   8.4285813922270669e-01   6.6748398595677196e+00
   290  -4.9109627816880656e-02   6.6188105653047113e+00
   291  -8.4394486658885770e-01   7.2869898182539377e+00
   292  -2.6255986015726623e-01   6.9551519661123526e+00
   293  -2.8784097045040075e-01   6.7965533728134053e+00
   294   8.3299914812880860e-01  -6.8395120661824391e+00
   295  -1.1247533986785738e+00   6.7956961248733707e+00
   296  -1.5642848806340277e+00  -7.2915794923134065e+00
   297   2.0469955488069361e-01   6.8443883297408599e+00
   298  -3.9504782149949680e-01   6.5489023326046034e+00
   299  -4.1542636275024941e-01   7.2886706072553329e+00
   300  -4.6199537784062561e-01  -6.9480874180134276e+00
   301   1.5619907457140025e-01   7.5723341284634174e+00
   302  -3.2340862643510754e-01   6.8257586067812657e+00
   303   1.1124815267673229e-03  -7.0662091423408322e+00
   304  -2.1912624778836029e-01  -6.9286235249640020e+00
   305  -2.1079987858773086e-01  -7.2438629946314217e+00
   306   9.0760004807260408e-01  -7.3665474170967657e+00
   307   5.2804608656508412e-01   7.6254043365846558e+00
   308  -6.6789653297862706e-01   6.5292959839416893e+00
   309  -3.3486051305268510e-01  -7.4431346571633643e+00
   310   4.5318831388820258e-01   7.4119428211333629e+00
   311   4.4120081647628567e-02   7.2387484837584966e+00
   312   9.4863626855445382e-01   7.4984156945136702e+00
   313  -8.3476020967242304e-01   6.9906696264902068e+00
   314  -7.1608536182264315e-01   7.2297549353011314e+00
   315  -4.7222696477903853e-01  -7.3043789009697475e+00
   316  -4.1087142436229035e-01   6.9867507262002375e+00
   317   8.8320996824401615e-02  -6.5549014739822455e+00
   318  -4.5604040589684119e-01  -7.1050430160022078e+00
   319   8.3996354853705740e-02  -7.4532577535608979e+00
   320  -2.2019989244061372e-01   7.2575490503815070e+00
   321   1.6091303887468195e-01   7.2521324089034849e+00
   322   2.6622419746268638e-01  -7.3155675661143196e+00
   323   1.5484856134394212e-01  -6.8798893885083485e+00
   324   2.2862288016790255e-01  -7.3373811023855220e+00
   325  -6.3833176016160564e-01  -7.6648141506502236e+00
   326   3.9071838911772405e-01  -7.4959985181548738e+00
   327   3.2234422032882881e-01   7.4148591544449172e+00
   328   1.2970626689107903e-01   7.5181191298087757e+00
   329   7.5311074998144045e-01  -7.1962299198982542e+00
   330  -7.5632333755815995e-01  -7.7957503801214747e+00
   331   1.4913861026538991e-01  -7.4589505713082644e+00
   332  -4.4777206800229075e-01   7.2314876477750651e+00
   333   8.5595305265385224e-02  -7.6406221678134791e+00
   334   2.5763064784205886e-01   7.7238505277974019e+00
   335   4.4712696501336635e-01  -7.2287784699925206e+00
   336  -1.0338149005848121e+00   7.3789286507244034e+00
   337   5.0764771377370210e-01   7.7717555146918462e+00
   338   3.2133089188183384e-01  -7.3311556597303102e+00
   339   4.9084194495768907e-01   7.2101753171152305e+00
   340   5.2451446609168684e-01   7.5352654574587996e+00
   341   3.7992514316104919e-01  -7.3525699968099847e+00
   342  -1.3837141211175599e-02   7.7296399022625017e+00
   343   1.6522464400538742e-01  -7.8816708269493532e+00
   344  -7.9236521358260670e-01   7.6721416484321967e+00
   345  -6.9415874858917404e-01  -7.5034174454037252e+00
   346   7.2191929847522290e-02   7.9006083224323786e+00
   347  -1.0291646060925734e+00   7.2086990005149634e+00
   348   1.0082837431549603e+00  -7.6652221628229409e+00
   349   3.5438732970402481e-01  -7.5780321754678441e+00
   350   4.3174527129177354e-01  -7.3508594233615741e+00
   351   5.8167187431351330e-01  -7.7956698395446669e+00
   352  -4.4826823404143634e-01   7.8177980201659825e+00
   353   6.8754742624181497e-01   7.3728005612090000e+00
   354  -5.1976865572590089e-03   7.8753469686525479e+00
   355  -8.7703567647128322e-01  -7.9853053268810328e+00
   356  -9.6717498520137113e-02   7.7461875967812279e+00
   357   4.3131581156871063e-01   7.6700335871891472e+00
   358  -6.6161660808456169e-01   7.7262054538617537e+00
   359  -1.0907855299292741e+00  -7.9199907732489292e+00
   360  -1.7473390763396743e-01  -8.2202218579941952e+00
   361   1.0000203619104633e-01   7.5731165065501242e+00
   362   5.1633330905069630e-01  -7.9820804754215260e+00
   363   4.5646956008382839e-01  -8.4677443824623939e+00
   364   4.4531825238325157e-01   7.7150430880718774e+00
   365   1.1915674581032054e-01   8.5929047934402156e+00
   366  -4.7823946935934103e-01  -8.3242453855329366e+00
   367   6.0103014582643033e-01  -7.6261985679929660e+00
   368   1.0450587397290678e-01  -7.8925811952788614e+00
   369  -9.2201553633955199e-02   8.1035021356845860e+00
   370   5.4196723141105330e-01  -7.7972137661175696e+00
   371   3.2497042519876573e-01   7.3577244320976289e+00
   372   5.8625054680851107e-02  -7.9457797270196773e+00
   373  -5.5843404737872648e-01   8.1511734599202494e+00
   374  -1.1899602686841766e-01   7.8809366848588800e+00
   375  -7.1902999642047238e-01  -8.3821528439046737e+00
   376   5.4190195875471936e-01   8.2909621404825486e+00
   377  -2.3655838982943883e-01   7.9336076667373048e+00
   378  -1.3372211841629931e+00  -7.9184840684563911e+00
   379   6.4630493688340773e-01  -7.8379326778516463e+00
   380   3.4637004670378235e-01  -8.0801278234903151e+00
   381   2.0555657574184849e-01  -8.4547845657021234e+00
   382   6.5186006750771158e-02   7.8288132522848253e+00
   383  -3.6491103492295923e-01   8.5946087981971324e+00
   384   3.4932364233147567e-01   8.1620364361897408e+00
   385  -2.7552047838419907e-01  -8.0672179719278549e+00
   386   1.2334631966242520e+00  -7.9193694442797655e+00
   387  -1.0316930756116868e-01  -7.7328503539412230e+00
   388   2.5534169842042259e-01  -8.1574130429168648e+00
   389   3.7094154072022606e-01   7.8181044447918078e+00
   390   8.3728694711264851e-01   7.7802271698703365e+00
   391   2.2522923409062443e-01   7.9384225837011932e+00
   392   6.4053839237840648e-01   8.4102625585245043e+00
   393  -1.2303682539862277e+00  -8.2629764939139942e+00
   394   1.2978380662426334e+00  -7.8287238237398933e+00
   395  -2.4063556302016372e-03  -8.1692693455228422e+00
   396   4.9361973620486072e-01  -8.3738396748759634e+00
   397   3.7426868393501062e-01   8.3215674442023797e+00
   398   4.6360702938551146e-01  -7.8432777349811174e+00
   399   4.3750691821363707e-03  -8.3259425517515773e+00
   400  -4.8480064054722716e-01  -7.9817336951599716e+00
   401  -3.1413350616414182e-01   8.6635256893456916e+00
   402   2.3115976816792694e-01  -8.4079349626314972e+00
   403   1.2733773289776382e-01   7.9932332340140873e+00
   404  -6.0878651853888366e-01   8.4459170248305639e+00
   405   4.6265922761877978e-02   7.6428814892472303e+00
   406   3.8121702425271013e-02   8.2326063192585437e+00
   407  -1.9724670753824591e-01   7.7978597428017169e+00
   408  -1.2503650819252246e-01  -8.3597151367979965e+00
   409   1.4432749001393086e-01   8.0964917784847650e+00
   410   3.6473547282469432e-01  -7.7424059644293974e+00
   411   3.6792341687765928e-01   8.3730692909411228e+00
   412  -5.8641467671558242e-02  -8.4213219615265800e+00
   413   5.6668061408485604e-01  -8.5872007277730447e+00
   414   8.1686712100714831e-01  -8.1182246171733023e+00
   415  -1.1976879437816515e-01  -7.8290391371865660e+00
   416   1.3393878698765918e-01  -8.5728388124583752e+00
   417   3.3971954789418135e-01  -8.2252623063100696e+00
   418  -2.7300911203686168e-01  -7.9889994875901094e+00
   419  -3.5289872016030968e-02  -8.3775184934666047e+00
   420   9.8833363345024472e-01  -8.7885526806415175e+00
   421   5.6353801917313995e-01   8.4540094563260766e+00
   422  -5.7878139863404809e-01   8.3617043798509201e+00
   423  -3.6718020193092249e-01  -8.3616614817088948e+00
   424  -1.7530811167006038e-01  -8.4158397268443093e+00
   425   1.4811607207743060e-01  -8.1181695478166969e+00
   426   7.6923647970613504e-02  -8.8195434935295740e+00
   427  -2.0935354439913301e-01   8.5883470551309866e+00
   428  -2.5542847964176046e-01   8.2513873701313898e+00
   429   1.7190756652034581e-01   8.6183809078010896e+00
   430   2.5037934204456477e-03  -8.7178899287723528e+00
   431   6.4713412678015236e-01  -8.4111177012535308e+00
   432   7.4675566786582392e-01  -8.5446641399741701e+00
   433   3.0001589813275487e-01   8.4838521125150059e+00
   434  -1.3146873362924405e-01   8.5497878775792326e+00
   435  -7.7443683813583797e-01   7.8608128973506481e+00
   436   2.4625963933760103e-01  -8.4052920045503878e+00
   437  -2.2683500090721911e-01  -8.2441363353809116e+00
   438   4.2735201563974945e-01  -8.0605873601900040e+00
   439  -3.8434273164445976e-01   8.9335585008500882e+00
   440   3.3637439967200133e-01   8.8535648741802486e+00
   441   2.8420155545709669e-01   8.2627056458034165e+00
   442   8.9353731296164718e-01   8.5152275145144536e+00
   443   9.1392787548561916e-01  -8.4698527951321783e+00
   444   5.5185002566096308e-01   8.3024824032207238e+00
   445   3.6262139053369558e-01  -8.2276407573436448e+00
   446  -9.1454345062088871e-01   8.6761663728575833e+00
   447  -5.3938909135336721e-01  -8.5598034168347201e+00
   448   5.4525872583224522e-01   9.0176749024837104e+00
   449  -1.5782207600136258e+00   8.4236688803927393e+00
   450   5.0000564950017246e-01  -8.9314889106745809e+00
   451   1.7385199418180353e-01   9.0940972666283866e+00
   452   3.1924608502398172e-01   8.6629919475104789e+00
   453   9.2127194903024556e-01  -8.4137846387996991e+00
   454  -4.5491452760222528e-01  -8.7725866889704633e+00
   455  -1.7597341107937400e-01  -8.8883599017458241e+00
   456  -3.2326134774584042e-01  -8.6629640150386837e+00
   457   1.4615895463330140e+00   8.4185851151637490e+00
   458  -2.2033599883032795e-01  -8.2308854641650946e+00
   459  -1.3187639952996180e-01  -8.3101750172398603e+00
   460   5.5159990276212711e-01   8.6482326458433043e+00
   461   1.3498890459783968e+00  -8.1165668748413129e+00
   462  -7.5322653507019433e-01   8.5248101687831674e+00
   463  -5.1922728289526598e-01   8.6777508049535079e+00
   464  -8.3799675403308638e-01  -8.9908319149814631e+00
   465   6.7296891058622765e-01   9.1634398830807076e+00
   466   8.3765189497963677e-01  -8.4211928553378304e+00
   467  -5.4639679035493272e-01   8.6395194056936120e+00
   468   3.3436594649910134e-01   8.9764788594139482e+00
   469  -5.7775190298990253e-02  -9.2535325785229467e+00
   470  -1.7562682304846846e+00   9.0786234525582454e+00
   471   4.2527911906022883e-02  -8.6136892976010238e+00
   472   5.0399329380719149e-01  -9.3528724054297694e+00
   473  -2.3630707692600150e-01  -9.0693720033698781e+00
   474   5.7473939394476614e-01   9.3316690194021010e+00
   475   2.3939334416458924e-01   9.2029313412905847e+00
   476  -1.0975565553909969e-01  -8.8330771044409158e+00
   477   4.3081259125761484e-01   9.0008365229441285e+00
   478   1.3829256960434888e-01   8.3133042743126229e+00
   479   5.0050716194981826e-01  -8.9169661166863108e+00
   480  -1.8839974918698610e-01   9.1048483403057379e+00
   481   2.0696382898000076e-01   9.0985162230843439e+00
   482  -3.3223291180285075e-01   8.6850728442497349e+00
   483  -4.0170167254402522e-01   8.9458720799296625e+00
   484   2.1551787264284603e+00   8.7024290538427209e+00
   485  -9.5145066745174234e-01   9.0535647010770806e+00
   486  -3.2186567652034731e-01  -8.8185122672709557e+00
   487   7.1545489445091004e-01   9.2471974805036972e+00
   488  -2.0824338953594014e-02   8.6094052575168210e+00
   489   7.4330085669905754e-01   9.2193471220382950e+00
   490  -3.6757088503610652e-01  -8.9293189988304054e+00
   491  -2.3637434651229208e-01  -9.0910163333849976e+00
   492  -7.8847033128197985e-01  -8.8973160345886324e+00
   493  -6.3157625661736572e-01   8.1859016482011668e+00
   494  -2.9911414641656825e-01  -8.6514917193774235e+00
   495   5.7730414663725943e-02   9.1568559372598823e+00
   496   2.4005340522622892e-01   9.7225194743651766e+00
   497  -5.5910669984201311e-01   9.0588244879399191e+00
   498   2.7807455748116483e-01  -8.7211117352242784e+00
   499  -1.1502613111841536e-01  -8.6787148389359157e+00
   500   8.4456721598095919e-01   9.4484282835402329e+00
   501   9.4150834883095322e-02  -9.2133104840377076e+00
   502   1.0286150354896750e+00   9.0235234874494612e+00
   503  -1.0584774815000884e+00  -9.0117400509338310e+00
   504  -1.6678599834223296e-01  -9.4152916300341527e+00
   505  -1.5033178952787712e-01   9.0611828859854970e+00
   506  -3.9211798913366969e-01   9.3405134362584565e+00
   507  -5.9887893073624510e-01   9.8535184123083166e+00
   508   1.2349432510811509e-01   9.1848425980013157e+00
   509  -3.1818145051688264e-02  -8.8724418378387551e+00
   510  -2.0849096434057696e-01  -9.3115357455682517e+00
   511  -9.5954953093481132e-01  -9.2491521722718684e+00
   512   8.1674815678320911e-01  -9.0331689879404902e+00
   513  -1.0378727903462415e+00   9.5330737323898962e+00
   514   7.6063288353143729e-02   9.3513720105575722e+00
   515  -1.0280225811264891e+00   9.1498241254463686e+00
   516   2.6971183624473827e-01   9.5649472858750553e+00
   517  -3.6422178252340690e-02  -9.7809487052603004e+00
   518   4.7853910937190486e-01  -9.0865730900444888e+00
   519  -3.0056655409081823e-01   8.7478868295560233e+00
   520   1.0957176511297306e+00   8.7691728026129336e+00
   521  -8.6043107772163829e-01   9.1639713216661622e+00
   522  -4.5105018314226208e-01  -9.6792625340205412e+00
   523  -8.0047757092746941e-01   9.5337333969667402e+00
   524   2.5644770322451400e-02   1.0222208047967838e+01
   525  -8.7432987449628546e-02   9.2912394421824960e+00
   526  -1.4130534137301187e+00   9.3780502096521516e+00
   527  -3.0999919983622981e-01  -9.6100247516347856e+00
   528  -1.6117030710586224e+00   9.3573231895461380e+00
   529  -6.6361368069576998e-01  -9.4346169376810369e+00
   530  -7.0939846677377705e-01   9.4737850848850265e+00
   531  -1.9590900733198735e-01  -8.4834571127414833e+00
   532  -1.3474226335857437e-01   9.1400404984200403e+00
   533  -5.5026754050826028e-02  -9.8824637451189687e+00
   534  -1.2341377737983006e+00   9.1901499581622996e+00
   535  -3.9283311062400594e-01  -9.4479873169823687e+00
   536   1.5338672452670454e-01   9.6691522374775793e+00
   537  -1.0944737738088811e-01   9.5246740924833411e+00
   538  -3.0478205815619486e-01  -9.6319654240841235e+00
   539  -7.2847330208352112e-01  -9.5723561836780195e+00
   540  -5.1183604628882384e-02  -9.7333019799643328e+00
   541   4.4947993497851735e-01   9.7237390020658712e+00
   542  -4.0608607854726780e-01  -9.9527685171992033e+00
   543   2.0078656389770849e-01  -9.4011227997775286e+00
   544  -5.6542411944382820e-01   9.4223038856881818e+00
   545   3.5226930955748686e-01  -9.1575889525664245e+00
   546   4.2239037827454928e-01   9.5318690925114087e+00
   547  -4.3676009776301228e-01  -9.5005579042194004e+00
   548   7.4232129003338121e-01   9.3979839697116159e+00
   549   6.7575000490629111e-01  -9.2582386938781358e+00
   550  -5.1609820414127927e-01  -9.4187980466364873e+00
   551  -5.2597704836212467e-01  -9.2488990691461002e+00
   552  -5.3685193799078990e-01   9.4639500291933540e+00
   553   1.6832895193096348e-02  -9.8772662686004686e+00
   554   1.2053472387125794e-01  -9.0654019851676129e+00
   555  -2.1050543826605470e-01  -9.3398845110887514e+00
   556   4.6285369062301046e-01   9.4555977704042551e+00
   557  -8.3548762944047103e-02   9.7098997517062706e+00
   558  -6.5711644862315666e-01  -9.8216210198358258e+00
   559   1.0226530680051724e+00  -9.7041266476420880e+00
   560   1.0636677322620346e-01   9.3032428570014449e+00
   561   7.2408223779731851e-01  -1.0108500451288140e+01
   562  -4.6692475338122991e-01  -9.5414051250515399e+00
   563  -5.7983416713956282e-01   9.4067514156023453e+00
   564  -5.4717454964542611e-02  -1.0061007786047359e+01
   565   8.4477408048614777e-01  -1.0243702712132865e+01
   566   2.4714442340517581e-01   9.5861316821617866e+00
   567  -7.2421908217868314e-01   9.6844191442558127e+00
   568   3.3141651707542491e-01  -1.0077617647039524e+01
   569  -5.4015050062062264e-01   9.7189651439850753e+00
   570  -5.2215672152370096e-01   9.6696458610448595e+00
   571  -3.8360294582492227e-01   9.9713387158112035e+00
   572  -6.3330452571292728e-01   1.0260102652322809e+01
   573  -1.5265672857823551e+00  -1.0172745269458098e+01
   574  -3.5788654141622628e-01   9.4519575416679267e+00
   575   4.8032799841550727e-01  -9.8189769109044374e+00
   576   7.7116900695466251e-01   9.5037044485827753e+00
   577  -8.6116636380651229e-02  -9.9899087608285111e+00
   578   5.8076346709170801e-01  -9.9215418059661502e+00
   579   1.9617090283655150e-01  -9.6453889062235376e+00
   580   7.9876727220358335e-01   9.6308224237945055e+00
   581   4.7661924248402360e-01  -9.7164091395684835e+00
   582  -8.5304970467592023e-01  -9.4027419544158288e+00
   583   1.0089784239371796e-01   9.9909240808893909e+00
   584   2.1138547859727738e-01  -9.8904584830349016e+00
   585  -2.5041756813402594e-01  -9.7863768496390531e+00
   586  -4.3683227153071702e-01  -9.9553517298045815e+00
   587   2.4004406360421715e-01   9.7551928694481589e+00
   588  -4.9240273717196542e-01   9.7308002360307970e+00
   589  -2.4990077318839435e-01  -1.0010340113134498e+01
   590   2.5612208186356733e-01  -9.8128583801883966e+00
   591   1.0174791795047136e-01   1.0183646040866194e+01
   592   1.2172158504712467e+00  -1.0079018416258890e+01
   593  -8.0710638937636248e-01   9.9042109066653232e+00
   594   3.5274468519140567e-02  -9.7180928629025125e+00
   595   4.4516255583002149e-03   1.0142730939420835e+01
   596   8.5958997653087810e-01   9.5821335409075328e+00
   597   8.8491854375147477e-02  -1.0006245728733569e+01
   598  -1.6042826950122266e-01   9.7482258003822686e+00
   599  -8.2159454614701577e-01  -9.6011910892714347e+00
   600  -9.5055456048956710e-01   9.6997465648359267e+00
   601   5.7180749601211400e-01  -1.0171342789292451e+01
   602  -1.8957170248869445e-02  -9.6071074175246345e+00
   603   4.6987681362305256e-01   9.8213503168094274e+00
   604  -3.0149318295693184e-01   1.0220594906224425e+01
   605  -5.0304885345105621e-01  -1.0026286273124622e+01
   606   1.9954234903666443e-01   1.0426996383782232e+01
   607  -6.5787455980771944e-02   9.9499439699010299e+00
   608  -8.1964513989633125e-01  -1.0003366740991330e+01
   609   1.4487829069008761e-02   1.0541732920582023e+01
   610   6.1132958230979265e-02   9.7075548774921945e+00
   611  -5.4695257417076266e-02  -1.0282352578470375e+01
   612  -1.0779681306807598e-01   9.9741490308852061e+00
   613  -5.7311289912509267e-01  -1.0145125282367781e+01
   614   8.2011769939494675e-02  -1.0555196911993981e+01
   615  -4.6034541164817527e-01   9.8081831560198776e+00
   616   2.6757187859644843e-01  -1.0328160259338448e+01
   617   3.9709207362256749e-01  -1.0408970449215193e+01
   618  -8.8247071381241737e-01  -1.0003187933382794e+01
   619  -2.7615831737001661e-01   1.0047757340504241e+01
   620   9.0015943847793445e-01  -1.0315102757099536e+01
   621   8.3624691605086676e-01  -1.0238595250845348e+01
   622  -1.3032762239402432e-01  -1.0119209773310747e+01
   623   5.1399371015871398e-01  -1.0091586691357252e+01
   624   1.4127020898904921e-01  -1.0419608900209864e+01
   625   7.8315670784516411e-01   9.9934671792196959e+00
   626   1.8136289503703534e-01   1.0038576570121634e+01
   627   6.8557400265324575e-01  -1.0313285310039621e+01
   628  -8.0583198108713755e-02  -1.0155870013504344e+01
   629   6.7775432755236786e-02   9.7770953526100968e+00
   630  -1.0314509115248947e+00  -9.5897786673924248e+00
   631  -8.6374219507054581e-02  -1.0132931025215745e+01
   632  -3.6010804139719954e-01   1.0331310359584453e+01
   633  -8.7630852740242493e-01   1.0169138001126683e+01
   634   7.9138862973125768e-01  -1.0702489391279622e+01
   635   8.5925703890789351e-01   1.0489592482360806e+01
   636  -1.5030955175350341e-01  -9.9022876163267703e+00
   637  -4.8575096385709005e-01   1.0336034273353299e+01
   638   6.2065754908847071e-01  -1.0499002531762212e+01
   639  -1.3699540106277119e-01  -1.0573535879620371e+01
   640   4.7583144458938287e-01   1.0384231512801671e+01
   641   1.0677163879365776e+00  -1.0432857833120377e+01
   642   7.0652893194805433e-01  -9.7501952490721528e+00
   643   5.3997418167184519e-01   1.0538497370294968e+01
   644  -2.4861262634594483e-01  -1.0296856957675054e+01
   645  -9.9219651461430428e-02   1.0457523964232028e+01
   646   3.7089435812549754e-01  -1.0567444231058257e+01
   647  -6.4070079440349148e-02  -1.0234127634212621e+01
   648   2.8642164293139721e-01   9.7916746370778505e+00
   649   6.7892209087030864e-01  -1.0240613397794689e+01
   650   4.6842784927330428e-01   1.0451381196312935e+01
   651   6.5007045447199996e-01   1.0463666722725376e+01
   652  -6.1512124305768634e-01   1.0541228997629098e+01
   653  -3.7200687255993736e-01  -1.0172985509852969e+01
   654  -1.8210638040870714e-01  -1.0508754556727817e+01
   655  -4.4272672670144392e-01   1.0531249532331019e+01
   656   4.7259421775966470e-01   1.0257174343854983e+01
   657  -1.3501099162446839e-01   1.0095867276697343e+01
   658   7.0828616725202867e-02   1.0526383353457332e+01
   659  -5.8206500191241439e-01  -1.0885925601180828e+01
   660  -7.1634902502004418e-03  -1.1259605694299323e+01
   661   4.1847068386445085e-01  -1.0440224157538275e+01
   662  -5.2332089659208370e-01   1.0181477731750471e+01
   663  -9.4117359829731503e-02   1.0803480677820680e+01
   664  -3.5536385005246507e-01  -1.0578765163474243e+01
   665   2.0490533803956729e-01   1.0591705593249374e+01
   666   7.8683398630020518e-01   1.0294789051141745e+01
   667   1.0420374131733379e+00  -1.0565160439086105e+01
   668  -2.1597374829223437e-01   1.0446929795259569e+01
   669  -5.9685777112620431e-01   1.0428962567028440e+01
   670   9.3093832916895947e-01   1.0606514206025626e+01
   671  -4.1599893113437009e-01  -1.0229611764037978e+01
   672   5.9059983053564510e-02  -1.0947527735272454e+01
   673  -4.6752589197432504e-01  -1.0414566842026494e+01
   674  -6.5783546866055720e-01   1.0435093850613091e+01
   675   9.9566752850695758e-02  -1.0435213191851563e+01
   676   1.7888723099733342e-01   1.0395058217591291e+01
   677  -2.8494771336776352e-02   1.0341006784733375e+01
   678   4.0704079968611429e-01  -1.1268390373831027e+01
   679  -1.3957033182286394e-01   1.0500213444303409e+01
   680   2.1344586801278206e-01   1.0135550588921602e+01
   681   5.0429282852533985e-01   1.0743508691495249e+01
   682   4.0817630128996568e-01   1.0890290157223273e+01
   683   1.0663993265220746e+00   1.1180823276766844e+01
   684  -3.2937295596984842e-02  -1.0776852423299296e+01
   685  -5.6098781353164739e-01   1.0966063084738188e+01
   686   8.7970003897862081e-02   1.0846820795795566e+01
   687  -3.0125772318241223e-01   1.0468650358071159e+01
   688  -7.6093180388235448e-01   1.0438505411495539e+01
   689  -6.7351204729362601e-01  -1.0725245178761423e+01
   690  -9.3379189994001188e-02  -1.1063584301135386e+01
   691  -2.9412828073642727e-01   1.0870736532353686e+01
   692  -2.0579570809088739e-02  -1.0667329534527925e+01
   693  -5.2481313702848853e-01   1.0520524963926283e+01
   694  -4.0175539310426500e-01  -1.0703867109248012e+01
   695   9.4588527063695238e-01  -1.1071727872654735e+01
   696   6.1144970139713206e-03   1.0662111366489945e+01
   697   3.1181364774222237e-01   1.0917065530463411e+01
   698   4.6938337252325457e-01   1.0723721365125733e+01
   699   5.5514048195920807e-01   1.0798027391405606e+01
   700  -2.9187622511031458e-01   1.0901622406112761e+01
   701  -5.0112090983474289e-01  -1.0760659084342667e+01
   702   4.6878040607713561e-01   1.0742408036304031e+01
   703  -4.4296334043191588e-01  -1.0481760975675410e+01
   704   2.5258691889587626e-01  -1.0829997408308401e+01
   705   4.7776243404558189e-01  -1.0924207070782336e+01
   706  -5.7189501550435828e-01   1.0767572078182564e+01
   707  -1.4071402362789204e-01  -1.1308485900510913e+01
   708   7.4310448414540009e-01   1.1059262273648432e+01
   709   1.0131649865836421e+00   1.0894453256920880e+01
   710  -4.9725566230049878e-01  -1.1233839931835787e+01
   711  -3.8796842536782739e-01   1.0532132289929585e+01
   712   1.2967118323152180e+00  -1.0962209583714605e+01
   713  -6.7715371500508081e-01  -1.0489957201738619e+01
   714  -6.0747013287138239e-02  -1.0739342814406942e+01
   715   2.9920018775791352e-01  -1.0821288636050056e+01
   716  -8.4263977979658666e-01  -1.0998520335114348e+01
   717  -9.3849913490501313e-01   9.9349101732316658e+00
   718   3.4125458955271509e-01   1.1657445509301759e+01
   719   1.4050675734523413e-01  -1.1606193184101754e+01
   720  -7.1030755225021636e-01   1.1197449017878684e+01
   721   1.2660155421259456e-01  -1.0457682071755297e+01
   722   3.7678794917436026e-01   1.0919775971605027e+01
   723  -7.6565362239757118e-01   1.1016277583177407e+01
   724   1.3654321030993575e+00  -1.0848141912245618e+01
   725   1.2250820525654985e-01   1.0992824858642864e+01
   726  -4.6960480465766757e-01  -1.1748972131479290e+01
   727   1.2063662723741277e+00   1.1298359206144651e+01
   728  -2.7969321829175781e-01  -1.0825729892517854e+01
   729   2.9874817530147176e-03   1.1081897092633874e+01
   730  -3.5143519610118423e-01  -1.1167925219050035e+01
   731  -7.3493819726305987e-01  -1.1186192187527888e+01
   732  -3.5289896839493612e-01   1.0936528104359835e+01
   733  -6.6143134900583678e-01  -1.1131617576942022e+01
   734  -5.2132982759695590e-01   1.0866969503034499e+01
   735  -1.1996860101559779e-01  -1.1006505058748182e+01
   736   6.8314007778779079e-02   1.0928911216822787e+01
   737  -2.6986318898559458e-01   1.0828904006802947e+01
   738   9.4089610839759719e-01  -1.0853793734962204e+01
   739  -2.4138160660221727e-01   1.1206586531694699e+01
   740   4.5200828443229107e-01  -1.1596669938611278e+01
   741  -1.0449862810962298e+00   1.0992957658164062e+01
   742  -6.1049277082411857e-01  -1.1045679205537869e+01
   743   6.3145848042963693e-01   1.1496933752159325e+01
   744   5.1675610429278973e-01   1.0725737253660739e+01
   745   5.4134441390538979e-01  -1.0804294686795568e+01
   746   5.2412177605133517e-02   1.1040509958207890e+01
   747  -2.9774299712752855e-01  -1.1109808406753912e+01
   748  -1.1995085610747906e-02   1.0921058411261029e+01
   749   1.4255093003953379e-01   1.1058232737972235e+01
   750   3.4125717885005548e-02  -1.1484711309637591e+01
   751   6.0230145565113424e-01  -1.1387072122155987e+01
   752  -5.1576945398948004e-01   1.0968305088401191e+01
   753   4.5956530577384896e-01   1.0980187145514291e+01
   754  -1.6139032984061630e-01   1.1722396005850781e+01
   755   3.5954472374924762e-01  -1.1401114662979275e+01
   756  -3.2504059064708601e-01  -1.1587119925893125e+01
   757   3.3862965354921004e-01  -1.1173193523529939e+01
   758   8.9195822076497289e-02  -1.0888773765910846e+01
   759  -3.4211935108175617e-01  -1.1397855341781014e+01
   760  -1.6043241438153111e-01   1.1461375145048649e+01
   761   1.0568575102914045e-01   1.1600013261943804e+01
   762   3.6226278155421521e-01   1.1132441265444536e+01
   763  -5.8869118439433210e-02  -1.1828983041522596e+01
   764   2.2670212977164916e-01  -1.0937205633056394e+01
   765   4.1713681588395235e-01  -1.1011271400455769e+01
   766   6.5231862494766890e-01  -1.1930039725797172e+01
   767   3.2871808063525387e-01   1.1149389504379139e+01
   768   5.5290572710459285e-01   1.1783594411586725e+01
   769  -8.5530277630646556e-01  -1.0933584745442259e+01
   770   1.9497751499790186e-01   1.1020555835325800e+01
   771   1.9383631900136108e-01  -1.1978959857622860e+01
   772  -1.6801800706849557e-01   1.1094069917865742e+01
   773   1.2745814287526747e-01  -1.1282191735183702e+01
   774  -9.7790810348011448e-01  -1.1708809615535545e+01
   775   6.0892558352241721e-01   1.1550311028745019e+01
   776   6.7419554336101051e-01   1.1137028917063502e+01
   777  -5.2172382561219566e-01   1.1953614401308000e+01
   778   8.2048215320872808e-01  -1.0854150235634062e+01
   779  -1.0400718126756239e+00  -1.1897810994969175e+01
   780  -5.2897622830291990e-03  -1.1445772159712645e+01
   781  -1.6681131905237914e-01  -1.1746024122496719e+01
   782  -9.1830452522563455e-01  -1.1536750356290504e+01
   783   2.4473366680002784e-01  -1.1625657221897919e+01
   784   2.1540399199597315e-01   1.1580656954733618e+01
   785  -3.8439154465298764e-01   1.1495095010100913e+01
   786  -1.6207636221067852e-02  -1.1220886523105159e+01
   787   1.7456068210596107e-01   1.1980839536600165e+01
   788  -8.7801221865576415e-02  -1.1279720387565430e+01
   789  -2.8581502051596158e-01   1.1059646717209006e+01
   790   4.4104390861067261e-01  -1.1143589444551669e+01
   791   4.7028442915294932e-01  -1.1752400229713263e+01
   792   9.9128978557734138e-01   1.1345794257542300e+01
   793  -3.4840493799163019e-01  -1.1444630724413287e+01
   794  -3.0248573310922411e-01  -1.1154302221440961e+01
   795  -8.6360026231965359e-01  -1.1531108629652657e+01
   796   1.9452839195196492e-01  -1.1575494061084584e+01
   797  -4.7306840491327368e-01   1.1573372585707233e+01
   798   5.4553114079558118e-01  -1.1368581300658096e+01
   799  -1.5043007561063699e+00  -1.1289554690096042e+01
   800  -4.4140797423363209e-01   1.1407894782507986e+01
   801   6.0303525981018913e-01  -1.1343588559910678e+01
   802  -8.5732648926035937e-01  -1.1561515779295430e+01
   803  -1.5503657551581093e-01  -1.1302214627403831e+01
   804  -3.1943315265353561e-01   1.1345723268941313e+01
   805  -6.8383842041627729e-01   1.2205217753736070e+01
   806   1.0387715029091033e-01  -1.1517508571735991e+01
   807   4.2391157399055901e-01   1.1922575040709161e+01
   808   3.4699919711968764e-02  -1.1980758309720843e+01
   809  -5.1017921875583572e-01  -1.1857161525223706e+01
   810  -9.5745087043807320e-01  -1.1666659303958792e+01
   811  -4.6668572753506693e-02  -1.2284170644697657e+01
   812  -2.1574475707731489e-01  -1.1642038895456265e+01
   813  -1.8121551439741587e-01   1.1582865556180327e+01
   814  -1.3386386278491855e-01   1.1801516588650703e+01
   815   8.7825178771737844e-02  -1.1387840011485336e+01
   816  -1.5653063317457983e-01  -1.1476361588865069e+01
   817   1.5412401740497764e-01   1.1518300730982880e+01
   818   7.6409798213782321e-01  -1.1948906448428209e+01
   819   5.1317560205311197e-01   1.1807950004045235e+01
   820   5.6973761956195079e-01   1.1646367819505130e+01
   821  -1.6973101392863180e-01   1.1921488701839339e+01
   822  -2.0719769470678356e-01   1.1510733530699831e+01
   823  -9.2211962751308052e-02  -1.1801350692231697e+01
   824  -4.5682547073612478e-01  -1.1867614238283227e+01
   825  -1.5005485148973119e-01  -1.1768419346357417e+01
   826   7.4415625127063761e-02   1.1268791395232652e+01
   827   4.3814265304087496e-01   1.1476098833336550e+01
   828  -3.6150833641376556e-01   1.1621990034675616e+01
   829  -4.0686033838038135e-02  -1.1674934275067889e+01
   830  -4.5418378550947053e-01  -1.1779011430884132e+01
   831   1.4125846129648278e-01   1.1719575939920698e+01
   832   7.9074767610717378e-01  -1.1689046050879501e+01
   833   1.2892882648585757e+00  -1.2332516925221977e+01
   834   1.8339322084606302e-01   1.2010663946596100e+01
   835  -1.7781356711613981e-02   1.1485174566180355e+01
   836   1.2832469625907681e+00  -1.2149327376383688e+01
   837  -7.8312567533149979e-01   1.1722145651175454e+01
   838  -1.2033380905743856e+00   1.1425512193723332e+01
   839   4.5799408920955720e-01  -1.1515114979827203e+01
   840  -1.3610331545535272e+00   1.2027950384469369e+01
   841  -3.1073174859134889e-01  -1.1547921173385356e+01
   842  -6.4085639953861240e-01   1.2111040050081730e+01
   843  -1.6626950471329538e-01  -1.1767330704548909e+01
   844   1.3548562590085320e-01   1.1922626559246211e+01
   845   1.2085936045547534e+00   1.2804167531994720e+01
   846   1.3000159403785580e-01  -1.1749242593403583e+01
   847  -3.0914534613131756e-01   1.1772273369306843e+01
   848   7.3833288252581508e-02   1.1951475950021486e+01
   849  -2.1303373952545118e-01   1.1965977438735889e+01
   850  -1.4541006900304118e-01   1.1828135656851963e+01
   851  -8.6966052928608831e-02   1.1696155116735563e+01
   852  -3.8113174728054344e-01   1.1488981544450892e+01
   853   4.6566770156006615e-01  -1.1747256040730242e+01
   854  -2.6031472551372969e-01   1.2001111285311817e+01
   855   6.9404375668645413e-01   1.1648356714097908e+01
   856   2.8463716752571311e-02  -1.1836122388105446e+01
   857   7.6770467087431959e-01   1.2162874865746641e+01
   858   3.1784890449226327e-01  -1.1792525866709774e+01
   859   5.1109147502710561e-02  -1.1791432400030022e+01
   860   7.7428662068947229e-01  -1.1454841019805356e+01
   861   6.2491009904295869e-01  -1.1682151944333597e+01
   862   1.4044154780624166e-01  -1.1639105724086027e+01
   863   6.5870636814241890e-01   1.2105526234100553e+01
   864   7.5282724133646073e-01   1.2118345891759903e+01
   865  -2.7304676935057548e-01  -1.2360682314113294e+01
   866  -2.5530807259032734e-01  -1.2235929141668919e+01
   867   1.3263434707937793e+00  -1.1764095625858499e+01
   868  -4.6392773340517468e-01   1.2015827692036600e+01
   869  -4.9801065612926515e-01  -1.2160097386011541e+01
   870  -2.6227575329176034e-01   1.1637083536156130e+01
   871   4.5588836721653586e-01   1.2255145599831076e+01
   872  -3.5502481757634952e-01   1.1958348268241480e+01
   873   3.0712982437330910e-01   1.1878123809919410e+01
   874  -3.6502628835646700e-01  -1.1973356968334599e+01
   875  -1.2746737065839611e+00  -1.1998719892054075e+01
   876  -3.8545138514992427e-01   1.1780480069226702e+01
   877  -1.4991334558977437e-01  -1.1923823098769329e+01
   878  -9.0131494364092557e-01  -1.1928585228511567e+01
   879   2.5847252472520849e-01   1.2527376816574831e+01
   880  -8.5668236361265637e-02  -1.2075274502530847e+01
   881   2.2220926387428658e-01  -1.2194516399044504e+01
   882   7.7848230126033879e-01   1.2258787670534590e+01
   883   4.4153279323136990e-01  -1.1841978323249116e+01
   884   2.5766446929586612e-01  -1.2224440170904003e+01
   885  -4.5184698744728047e-01   1.2102467909162401e+01
   886   1.2387206097940825e-01  -1.2132105000374159e+01
   887   6.8872713966137145e-01  -1.1777795617108948e+01
   888  -8.2561636486895174e-01   1.2069607481377476e+01
   889   5.2789305905596362e-01  -1.1870479053046418e+01
   890  -4.4105817617262222e-01  -1.2709582541857412e+01
   891   4.1581454414707153e-01  -1.1607704915783710e+01
   892   2.6568002595501150e-01   1.2399267345079849e+01
   893  -7.2330170011902750e-01  -1.2018980257125421e+01
   894  -2.8957959170277198e-01  -1.1996765708035406e+01
   895   4.8954852944820515e-01   1.2731017944634752e+01
   896   1.6804627884121676e-01  -1.2400220018464816e+01
   897  -2.7698484677847585e-01   1.2022624811061910e+01
   898   3.5779193918126417e-01   1.2819521487906234e+01
   899  -6.8098245484608833e-01   1.1888437392478926e+01
   900   1.5929841598073292e-02  -1.2510574181162816e+01
   901   3.7114408488359052e-01  -1.2255478985466430e+01
   902   5.5047307518245048e-01  -1.2688779662869978e+01
   903  -6.5224216762979140e-03   1.2407029831694057e+01
   904   9.7941942296917517e-01  -1.2022609667913594e+01
   905  -4.9950014890131028e-01   1.2953501349804593e+01
   906   3.6779646633374674e-01  -1.2628771712369588e+01
   907   7.6687255880960381e-01   1.1938204176549579e+01
   908  -4.0528479218338298e-01  -1.2763806434500818e+01
   909   3.0694600823982190e-02  -1.2532572933632052e+01
   910   2.7046086780331641e-01   1.2521622295997119e+01
   911  -2.6025719710063666e-01  -1.2107311456996673e+01
   912  -5.3543387328843051e-01   1.2180923232275372e+01
   913  -3.2406535992326463e-01   1.2466863958592295e+01
   914  -2.2770321486247919e-01  -1.2228997377922504e+01
   915  -4.5461257099669916e-01  -1.2127766158162316e+01
   916  -3.4743246889017720e-01  -1.3046686781126926e+01
   917   3.4627315788854340e-01  -1.2327515058174971e+01
   918   6.3882026202993658e-01   1.2111135896405980e+01
   919  -5.6910976853771356e-01   1.1969612180962887e+01
   920  -6.8883373942776410e-02  -1.2334826842612291e+01
   921   9.0271488924792398e-01   1.2111434352898156e+01
   922  -6.4235281639314656e-01  -1.2324496731044682e+01
   923  -2.3655387711276132e-01  -1.2596222962216210e+01
   924  -3.3439418833292822e-02   1.2269807337153406e+01
   925   2.8996726173434934e-01   1.2514929534209658e+01
   926  -4.2921117560068694e-01  -1.2854958205536072e+01
   927  -2.1562010245874522e-01   1.2146577273738847e+01
   928   3.9800004270256717e-01   1.2077953803047000e+01
   929  -9.6626537576727800e-01  -1.2182693469389227e+01
   930  -7.6955114595693208e-01   1.1675768852761188e+01
   931  -3.6268781316695814e-01   1.2286749913461867e+01
   932  -2.8785673574206128e-01   1.2411066046610026e+01
   933   1.0258520535585196e+00   1.2293191010528007e+01
   934  -4.3512676863857830e-01   1.2539322489199556e+01
   935   1.4999265745576740e-01  -1.2509675795158831e+01
   936  -1.9046478519803745e-01   1.2500046470006229e+01
   937  -9.6857695874414351e-01   1.2737210984947415e+01
   938   1.0306046337230754e+00  -1.2604622986424166e+01
   939   4.7180761427632656e-01   1.2395489635999418e+01
   940   2.9462129160614714e-01   1.2312094333318260e+01
   941   2.9637849504744501e-01  -1.2373282615367273e+01
   942  -8.2168514148893279e-01  -1.2483934285997588e+01
   943   2.9039746017456947e-01  -1.2706117777196770e+01
   944   1.9390421384497075e-01  -1.2720854250125360e+01
   945   2.9781478677583456e-01   1.2553212232387569e+01
   946   7.2777362907555487e-02   1.2435640729914548e+01
   947   6.7138244110097078e-01  -1.2689045340190953e+01
   948   3.1670966358141506e-01   1.2500793024574158e+01
   949  -4.3209545120767506e-01  -1.2724002923293023e+01
   950   4.6706261147838601e-02  -1.2876458952155913e+01
   951   1.2690715121542091e+00   1.2313622158819033e+01
   952  -7.2259074437258541e-02   1.2289879077545535e+01
   953   4.0165690240694975e-02  -1.2635560052885291e+01
   954  -4.3252495462451451e-01  -1.2648244331406516e+01
   955   5.8583818220652972e-01  -1.2678788865731828e+01
   956  -2.4930938239720934e-01   1.2336955653924923e+01
   957   1.6181800218743284e-01   1.3103067465276922e+01
   958   2.3829862042754618e-01   1.2172367619390251e+01
   959   1.9434424143513696e-01   1.2124731457884319e+01
   960   3.2497777365899302e-02   1.3368449820873312e+01
   961  -1.6891952776864122e-01  -1.2914344017405687e+01
   962   1.8646399999778587e-01  -1.2213510387356751e+01
   963  -9.9710280285782993e-02   1.2791919975757315e+01
   964   3.6590912038763052e-01  -1.2290035703693176e+01
   965  -7.7604414979661182e-02   1.2626920701751317e+01
   966   1.1490349973604803e+00   1.1778704014119874e+01
   967  -9.5761230442646583e-01   1.2665884902633545e+01
   968  -1.2166086835634776e-01  -1.2763149028364268e+01
   969   7.7709928943893525e-01  -1.2985858349903689e+01
   970   2.1661077863240702e-02   1.2626910595499602e+01
   971   1.4390011697928096e-01   1.2833874010899940e+01
   972  -4.2807928672765161e-01   1.2416593418418563e+01
   973  -4.7567383389382316e-02   1.2847481609671760e+01
   974  -1.6002506722378100e+00  -1.2609941330332569e+01
   975   4.8966633973205542e-01  -1.3084969609115680e+01
   976   1.0608242034452212e-01   1.2553253711467926e+01
   977  -8.9932631691004863e-02   1.2626981667337041e+01
   978  -5.7384197547235782e-01  -1.2504238337191726e+01
   979   2.2051020486184605e-01  -1.2916708135315876e+01
   980  -2.7627055378589860e-01  -1.3420711753029831e+01
   981   7.7133579780440154e-01   1.3099570631281338e+01
   982   3.2713404650874800e-01   1.2673409485394245e+01
   983  -2.5943018193574768e-01  -1.3046213935733565e+01
   984   1.4283838267423521e-01   1.2635894438964321e+01
   985  -5.5854387474473566e-01  -1.2676330104648946e+01
   986  -6.9826479882656489e-01   1.2376497295842904e+01
   987   2.2058693197217083e-01  -1.3286228274551664e+01
   988   2.0262716924149826e-02  -1.2648964012473925e+01
   989   4.8369857290208590e-01  -1.2825581026792946e+01
   990   7.3447333431754441e-02   1.2804645127416460e+01
   991   7.0725644806334720e-01   1.2798097070494064e+01
   992  -3.9729641580782189e-02   1.2711201204682849e+01
   993  -6.1778263721184487e-02  -1.2795745635148853e+01
   994   1.0840257794047137e+00   1.3232903723505373e+01
   995  -5.3303588588344327e-03   1.2696593492426180e+01
   996  -1.9460945837393195e-01  -1.2648294247244136e+01
   997   4.3386860427396928e-01   1.3113038124971814e+01
   998  -9.3687408848745002e-01   1.3052966642866128e+01
   999   8.5115793157883113e-01  -1.2684756285102946e+01
  1000  -3.4054763499119467e-01   1.3199586605482592e+01
  1001  -5.5859136227344708e-01  -1.3072921016991620e+01
  1002  -5.7396153174159366e-02   1.2749971781928181e+01
  1003   1.3057427451417394e-01  -1.3161268186416255e+01
  1004  -1.5081954041763390e-01  -1.3180164484924530e+01
  1005  -8.6788423203880982e-01   1.2964957871802840e+01
  1006   1.0656637820471222e+00  -1.2831424564861518e+01
  1007  -8.0175645015970087e-01  -1.2882529674840743e+01
  1008   6.5613119682733256e-01  -1.2696258653449300e+01
  1009   3.6045392267826648e-01  -1.2412262805056791e+01
  1010  -3.1007900135881794e-01  -1.2576351960659112e+01
  1011  -2.9182212549238740e-01   1.3005043276222903e+01
  1012  -3.2506520143305136e-02  -1.2804770100803392e+01
  1013  -1.2075621931915514e+00   1.2814128006132909e+01
  1014   3.3500670430138058e-01  -1.3095133686404999e+01
  1015  -5.9093034509032860e-01   1.2881086825971160e+01
  1016   6.2744324432365417e-01   1.2819592086127216e+01
  1017   1.8929268906059504e-01  -1.2804460186104572e+01
  1018   6.1127041694522521e-01   1.2954987696960636e+01
  1019  -1.3711576080414056e-01  -1.2723925502221448e+01
  1020   5.7921666775240921e-01  -1.2915315616443637e+01
  1021   5.5232407817454476e-01  -1.2773822590138932e+01
  1022   5.9358953642472390e-01  -1.3070444110851456e+01
  1023   5.5154133175368353e-02   1.2826412822049528e+01
  1024  -8.8070664681620769e-01   1.3227211297808600e+01
  1025  -9.9825888072817576e-03  -1.3028304559669767e+01
  1026   2.9813766039025694e-02  -1.2872005270289367e+01
  1027  -4.9095531399823139e-01  -1.3262603333158751e+01
  1028  -9.7160801498110505e-01  -1.2848069711025524e+01
  1029  -4.0381942146292876e-01   1.3533864761090600e+01
  1030   9.3656626272548504e-01  -1.3133523608328375e+01
  1031  -5.9669491146152498e-02  -1.3195505395390144e+01
  1032  -5.8347201712494989e-01   1.3518042587209244e+01
  1033  -7.6637102499739473e-01   1.3096330368350642e+01
  1034  -4.0743231905912131e-01   1.2662898730391783e+01
  1035  -9.1135007485529484e-01   1.3267446832679578e+01
  1036  -1.9955741963709486e-01  -1.3423006752701562e+01
  1037  -4.6564401591269239e-01  -1.3043609231647485e+01
  1038   6.4442099015655274e-01  -1.3578336411703336e+01
  1039  -1.4778105737282932e+00  -1.2755713485364796e+01
  1040  -1.3504820310199619e-01  -1.3667578915219689e+01
  1041   3.7289440608387281e-01  -1.3037581989860685e+01
  1042  -1.1408605086155348e-01   1.3547340963864869e+01
  1043  -2.0115468789315344e-01  -1.3472796356037511e+01
  1044   8.8830176461816635e-01  -1.3525780301008753e+01
  1045   5.9572475634005628e-01  -1.3484328685428459e+01
  1046   6.0483888023673560e-01   1.3197893293027283e+01
  1047  -3.4018283591504522e-01  -1.3423217412611431e+01
  1048   1.1824234919902921e-02   1.3004778962228173e+01
  1049   4.6750906028564310e-01   1.3348162779528140e+01
  1050  -2.4382328746294368e-01   1.3007683462415864e+01
  1051  -3.0259336781653223e-01   1.3019578853111222e+01
  1052  -3.8844574350422667e-01   1.3391209546907072e+01
  1053   4.8589243495301068e-02   1.3814822669145974e+01
  1054  -5.2492369752021317e-02  -1.2871040574145237e+01
  1055  -3.9716238873277604e-01  -1.3300484791611694e+01
  1056  -6.2160541809931447e-01   1.2932000308153183e+01
  1057  -5.0548486433501982e-01  -1.3758249107295995e+01
  1058  -6.5592324482141651e-01   1.3547693726537636e+01
  1059  -2.2283084445819940e-01   1.2907869418215698e+01
  1060   1.6928111166983173e-01  -1.3359900236056260e+01
  1061   1.1136365389708418e+00   1.3623457527909228e+01
  1062   1.0804379625957949e+00   1.3551186478383221e+01
  1063   3.5037728815841968e-01   1.3591029531130580e+01
  1064   7.5093212632428630e-01   1.3611092213837267e+01
  1065  -2.5823052288519116e-01   1.2910278806002722e+01
  1066  -5.2321934469528253e-01   1.3279773357644194e+01
  1067  -8.1311310364121273e-02  -1.3407978495113369e+01
  1068  -8.7565524175501808e-01  -1.3290086996210865e+01
  1069  -5.4065413419984609e-01  -1.2975172754174935e+01
  1070   4.5607222524337288e-01  -1.3501341151285175e+01
  1071   6.6544021292758948e-01  -1.3551039510509366e+01
  1072   1.5742212980411443e+00  -1.3743594065091644e+01
  1073  -8.0641868985250742e-01   1.3327273135639887e+01
  1074  -4.6397098978246226e-01  -1.4035896479069663e+01
  1075   1.4028676858820618e-01   1.3399374829611705e+01
  1076   2.5007034070484935e-01   1.3442391289013115e+01
  1077   3.9236154576209398e-01   1.3451811365043300e+01
  1078   2.0468312810564965e-01  -1.3073965238493768e+01
  1079   5.4241115188670119e-01  -1.3715571754093466e+01
  1080   5.0704124308848963e-01   1.3557293688563957e+01
  1081  -8.2762324984823499e-01   1.3140199365759521e+01
  1082   2.7484014075628305e-01   1.3565842885275250e+01
  1083   7.7866815734298367e-01   1.3478996607912064e+01
  1084   5.9815895086006388e-01   1.3219111424591292e+01
  1085   3.8527311842397666e-01   1.3289635731004982e+01
  1086  -2.7601207914059234e-01   1.3518322698076341e+01
  1087  -1.7158312949429388e-01  -1.3629702055384316e+01
  1088   5.0840965280961359e-01  -1.3206630330926760e+01
  1089  -1.8792465852225962e-01  -1.3615200072144304e+01
  1090   1.5559036817601452e-01  -1.3920920209437609e+01
  1091  -7.3379205121180324e-01   1.3372748128256221e+01
  1092  -4.4570754430851989e-01  -1.3276208990116393e+01
  1093  -2.8633796381906323e-01  -1.3051593414676983e+01
  1094  -8.2665579050011273e-01   1.3365409646672692e+01
  1095  -4.4662296795326711e-01   1.3288574746949687e+01
  1096  -1.0173618591446573e-01   1.3554167817100627e+01
  1097  -2.4674069129225737e-01   1.2994321105682557e+01
  1098   4.8721401188462282e-01  -1.3095594422853281e+01
  1099   1.9795028239907958e-01  -1.4084526745712285e+01
  1100   3.2793783989287945e-01  -1.3301428499024677e+01
  1101  -5.4109114319419105e-01   1.3472949114494677e+01
  1102   4.9814178044354290e-01   1.3077979301674898e+01
  1103  -1.6463381371776598e+00   1.3347017025222367e+01
  1104   6.9151132587552247e-02  -1.3760582033947310e+01
  1105   2.1419438993174458e-01   1.3379108342996442e+01
  1106  -5.0306683542102193e-01  -1.4017050273906241e+01
  1107   9.6633165289321576e-01   1.3590773769586663e+01
  1108  -1.7045669996278098e-01   1.3364320767551897e+01
  1109   4.3728163690652924e-02   1.3954045336207537e+01
  1110   2.6560280926276203e-01  -1.3576190741474681e+01
  1111   3.1004958004495253e-01   1.3777631542535659e+01
  1112   9.5683499027052810e-02   1.3564737840839669e+01
  1113   9.3028389617516483e-01  -1.3740571088210503e+01
  1114   3.7245960379421805e-01  -1.3420134898582877e+01
  1115  -1.3080945197435989e-01   1.3768232549730524e+01
  1116  -5.1330325753163897e-01  -1.3724093038581564e+01
  1117   5.6938882945786429e-01   1.3521161876862083e+01
  1118  -4.9281955925358301e-01  -1.3714527920986914e+01
  1119   7.0949845921731514e-01  -1.3761543587308033e+01
  1120  -6.2460898352968330e-01  -1.3789382966313966e+01
  1121  -5.3195196313260684e-01   1.3840618464021659e+01
  1122  -6.2732384585676937e-01   1.3079516796325953e+01
  1123  -1.1153097331012747e+00   1.3794097122940627e+01
  1124   2.9165072475821679e-01  -1.4209573383066846e+01
  1125  -5.9054864452625278e-01   1.3714291728697225e+01
  1126  -6.6644538923800778e-01   1.3678554537130454e+01
  1127   2.1362682436130473e-02  -1.3179507352947407e+01
  1128  -1.2546130385525494e+00   1.3990211521187350e+01
  1129   4.2581978095747086e-01   1.3198799595135926e+01
  1130  -4.7219093222022340e-01  -1.3833656289070186e+01
  1131   3.2672223005081096e-02   1.4106501243617648e+01
  1132   6.6526721940841790e-02  -1.3447458688392405e+01
  1133  -4.6575336708191990e-03   1.3868193471575049e+01
  1134  -3.7995692737076325e-01   1.4069808226707490e+01
  1135   6.7380006264545511e-01   1.3515807247111875e+01
  1136   6.0994555039320379e-02   1.3612916571975084e+01
  1137  -6.6557007253385214e-01  -1.4040797370416941e+01
  1138   6.5094696850972078e-01   1.3910012156299761e+01
  1139  -3.0145287390284686e-01   1.3998355427296508e+01
  1140   5.3480216200647128e-02  -1.4035708358358944e+01
  1141  -1.5943250012963300e-01  -1.3758504408424944e+01
  1142   3.9273453548418470e-02   1.4104986489702727e+01
  1143  -6.8960926342872320e-01  -1.4214209399985613e+01
  1144   6.6706253751859057e-01   1.4274696896630040e+01
  1145  -5.8302836285936455e-01   1.3728688328438984e+01
  1146  -5.8346241325215698e-01  -1.4209398097167465e+01
  1147   6.8647046757648222e-01   1.3662332508023058e+01
  1148  -4.6697817582541357e-01   1.3518259954183099e+01
  1149   1.8197183892969676e-01   1.3918969545203620e+01
  1150   5.7084008896750527e-01   1.3690257426750360e+01
  1151  -6.4449330994939191e-01   1.3405904846574499e+01
  1152  -8.6273782565655333e-01   1.3743565950210133e+01
  1153  -2.3854141250058183e-01   1.3539966828483514e+01
  1154   1.8349767611517662e-01  -1.3498502570905815e+01
  1155   4.6423542718853317e-01   1.3729615134162218e+01
  1156  -4.6856034538168967e-01  -1.4288690382794353e+01
  1157   7.1864070321845785e-01   1.3243586895709820e+01
  1158  -1.3990605730631092e-01  -1.3701692694924455e+01
  1159  -5.4539662741716011e-01   1.3848744168375724e+01
  1160  -7.1081555260225704e-01   1.3611466293703494e+01
  1161  -2.1492288621995434e-01   1.4486063460463464e+01
  1162   4.8494135189174215e-01   1.4438693905578365e+01
  1163   8.3119104887896800e-01  -1.4300425464918694e+01
  1164  -3.4003946307669786e-01   1.3708151788941704e+01
  1165  -2.6122365718291224e-01  -1.3842686591459845e+01
  1166  -6.5873416410546348e-01  -1.3932054400051873e+01
  1167  -1.0790996372033146e-01  -1.4008310163569512e+01
  1168   1.4617434742410321e-01  -1.3887938393975334e+01
  1169   4.2311160886362192e-01   1.3885387728299731e+01
  1170  -5.1083856655415827e-01   1.4041510762343911e+01
  1171   6.6878649769346543e-01   1.3670992335905325e+01
  1172   3.6608177120828506e-01   1.4027988847763275e+01
  1173  -9.5693782579520903e-01   1.3371883091999120e+01
  1174  -4.9308225383782427e-02   1.3708993950301966e+01
  1175  -4.1184768646298324e-02  -1.4009268077383783e+01
  1176   1.5334057883988339e-02  -1.4290697735278940e+01
  1177   5.1007068088167651e-01  -1.4055246483807231e+01
  1178   2.1699080165035400e-01   1.3979624553129675e+01
  1179   1.5175297950278333e-01   1.4509034370144294e+01
  1180   8.3444623051523659e-01   1.4015126849942513e+01
  1181   6.9210112852742012e-01  -1.4175857222145865e+01
  1182   4.8517226285737358e-01  -1.3695027526074652e+01
  1183   7.1825272312041266e-01  -1.3942381553592451e+01
  1184   1.0514065881918850e+00  -1.4088533277924808e+01
  1185   1.3883680236599408e-01   1.4076583492597532e+01
  1186  -3.0309625606365231e-01   1.4110129084970533e+01
  1187   8.3929079980217225e-01  -1.3881706314305163e+01
  1188   7.5074212226179227e-01  -1.4253539417531073e+01
  1189   8.9221978054985829e-01   1.3990058722828056e+01
  1190   4.2502032128662870e-01   1.4521007364685389e+01
  1191  -1.9558663830180554e+00  -1.4346858452840376e+01
  1192   6.6813652313461414e-01  -1.3943559629865177e+01
  1193  -1.2475313270758999e+00  -1.3747347418050424e+01
  1194  -1.8843944335089807e-01  -1.4069942900536004e+01
  1195   2.2950855580458193e-01  -1.4237874292981017e+01
  1196   7.7254953393299031e-01  -1.3605493302272828e+01
  1197  -1.3012812528111860e-02   1.4081310169501485e+01
  1198   3.2568304072181503e-01  -1.3944876687599017e+01
  1199   8.8695891733637255e-01  -1.3840765436600355e+01
  1200  -2.8155207017414680e-01   1.3861892047161817e+01
  1201  -8.6495490567547195e-01  -1.4397096770037606e+01
  1202  -9.6975783513148339e-01  -1.4093764598417755e+01
  1203   4.4520248972896398e-01   1.4566696113153434e+01
  1204   4.3502333789157777e-01  -1.4542041808663248e+01
  1205   1.0368050250860557e+00  -1.3750206577129624e+01
  1206  -2.8345322848296883e-02  -1.4213594115918262e+01
  1207  -1.1671067085075150e-01  -1.4038214390454987e+01
  1208  -8.2825269450669137e-01  -1.4166631588834711e+01
  1209   5.3440400215882011e-01   1.3976205215949276e+01
  1210   5.7339033120570493e-01  -1.3965967478436838e+01
  1211  -9.5647063916448061e-02  -1.4346801002588291e+01
  1212  -1.1895063068578571e-02  -1.3862512153997381e+01
  1213   1.5823124481336887e-01  -1.4218710687620629e+01
  1214  -7.0918831332691967e-01  -1.4134649153430507e+01
  1215  -2.7275850537440804e-01   1.4063555844975435e+01
  1216  -2.8685886978526393e-01   1.4137319739397734e+01
  1217   5.8197413467367609e-01  -1.3923893896818273e+01
  1218   9.8537760501967910e-03   1.4416299250037065e+01
  1219   1.5399756325502973e+00  -1.4445351004826641e+01
  1220  -3.8835976964328639e-01   1.4524878619969636e+01
  1221   1.0799528872475685e+00  -1.4702895482632350e+01
  1222  -9.4305852944458313e-02   1.4288857666662784e+01
  1223   5.5585559933399187e-01   1.4127885445023598e+01
  1224  -6.9355557048391259e-01  -1.4161689712070437e+01
  1225   4.9251337565071177e-02   1.5088315110399241e+01
  1226  -7.0927956427900030e-01   1.3997055158439560e+01
  1227   3.6000626661437669e-02   1.4711752533619100e+01
  1228  -6.7030621310435567e-01  -1.4456100746288032e+01
  1229  -1.1660712794814994e-01  -1.3795625314231355e+01
  1230   6.7494657457460111e-02  -1.3902385119144942e+01
  1231  -1.3593854551568918e-01  -1.4158040667122929e+01
  1232   8.1391888750810382e-01  -1.4301728791371982e+01
  1233   4.2091933817562993e-01  -1.4567422047844394e+01
  1234  -5.7276342577748052e-01  -1.4465517912348739e+01
  1235   9.8155527545913990e-01   1.4788165578273833e+01
  1236   5.3355579654766783e-02  -1.3861479774284568e+01
  1237  -2.2799681769511196e-01   1.4486827087389214e+01
  1238  -4.0708598160696596e-01   1.4603587732145531e+01
  1239  -7.1277782666908074e-01  -1.4787410862241883e+01
  1240   8.5952478358071738e-03  -1.3961444706141886e+01
  1241  -5.0040959404606722e-01  -1.4605669570002327e+01
  1242  -1.3203120222590889e+00  -1.4104990443903983e+01
  1243  -1.2088908577220014e-01  -1.4283159155036186e+01
  1244  -7.2018449460182254e-01   1.4278633165071421e+01
  1245  -1.8649171248985774e-01  -1.4802047415758899e+01
  1246  -6.5796786284453201e-01  -1.4276846285491912e+01
  1247   7.2070031740769447e-01  -1.5153862031082971e+01
  1248  -4.6379838401326423e-01   1.4099868349367425e+01
  1249  -1.4647837071098753e+00   1.4356860432316745e+01
  1250  -5.8513835253597968e-01   1.4120661139718869e+01
  1251  -5.3137735377412822e-02  -1.4774980527670234e+01
  1252   8.6688134720096921e-01   1.4279499374985763e+01
  1253  -4.5669629977314791e-01  -1.4355387737511755e+01
  1254  -6.3154247977922051e-01   1.3753923944085715e+01
  1255   1.3390973300417583e-01   1.4617405979475549e+01
  1256  -2.1191701597328727e-01  -1.4391069990276216e+01
  1257  -9.4200077024851159e-01  -1.4590771876282421e+01
  1258  -5.6442695898024009e-01   1.4521476571690062e+01
  1259  -7.0746503191334953e-01  -1.4200776112483409e+01
  1260  -3.7245365975846362e-01   1.4563616230748035e+01
  1261  -4.0875386934475288e-01   1.4504978629265047e+01
  1262  -1.0792845078121438e-01  -1.4095085320674270e+01
  1263  -2.6949327534277596e-02   1.4501260563442472e+01
  1264   3.1538877674145910e-01   1.4531704913190330e+01
  1265  -1.0640698221359830e+00   1.4576255536188594e+01
  1266   2.8749617476638178e-01   1.4463025105721293e+01
  1267  -9.0385194278057343e-02  -1.4359640588399126e+01
  1268   2.1208910587589053e-01  -1.4815316337233593e+01
  1269  -6.1663770418615693e-01   1.5115724314999794e+01
  1270   1.4215712950129050e-01  -1.4755998809470857e+01
  1271  -1.7533638919719632e-01  -1.3972191592329477e+01
  1272  -2.4703424773392602e-02   1.3923299043087670e+01
  1273   2.7654636538671012e-01  -1.4858487907779041e+01
  1274  -4.6420816353942984e-01   1.4222719542354444e+01
  1275   9.7110739138185243e-01   1.4652932575173022e+01
  1276  -4.2518042668381328e-01  -1.4860441008005338e+01
  1277  -6.3690152704291525e-01  -1.4641287088426898e+01
  1278  -4.7315210069126662e-01  -1.4801316431491369e+01
  1279   9.1982511665724986e-01  -1.4957712272782572e+01
  1280   4.4310097202755400e-01  -1.4564034425437578e+01
  1281   6.3864740276251541e-01  -1.5288493477654423e+01
  1282  -1.4698124665188730e+00   1.4582046551110009e+01
  1283  -1.2643900041226630e-01   1.4836229872300715e+01
  1284   2.3512954277173248e-01   1.4805842547568135e+01
  1285  -4.8963020232182020e-01   1.5319531200238332e+01
  1286  -7.5561206043637652e-01   1.4529018509944230e+01
  1287  -1.6221606773552472e-01   1.4532867166260854e+01
  1288  -6.4159932035977241e-01   1.5072403224228053e+01
  1289   8.4956561048756196e-01   1.4115440488957535e+01
  1290   2.8100479849514502e-02  -1.4620582055115470e+01
  1291  -4.9213950389020317e-01  -1.5004206286900528e+01
  1292  -1.6269094904937687e+00  -1.4264914633757192e+01
  1293  -9.3192812729396016e-02   1.4457196741068790e+01
  1294   1.0246078410932812e-01   1.4639579925703131e+01
  1295  -2.5724220015386062e-01  -1.5085281307162290e+01
  1296  -5.9840245768517730e-01  -1.5234200263758076e+01
  1297  -3.8817566411960291e-01  -1.4494890345506311e+01
  1298   4.5284908586904193e-01   1.4542969245934303e+01
  1299  -5.4458580197722328e-01   1.5018864492257773e+01
  1300  -5.0466762409879407e-01  -1.5105542541783660e+01
  1301   1.5222577472113732e-01   1.4825743497643639e+01
  1302  -2.8799535323794245e-01  -1.4507834708136686e+01
  1303  -1.1640047448108430e+00   1.4665489439309615e+01
  1304  -1.1039143910942814e-01   1.4740900179119789e+01
  1305  -5.4030383342501292e-02   1.4598180348871139e+01
  1306  -1.1635470098958025e+00  -1.4896696096869169e+01
  1307   5.5948880579821614e-02   1.4872424365705998e+01
  1308  -2.4867882798585783e-01  -1.4629635062568218e+01
  1309  -7.8294281035208094e-02   1.4075857889434992e+01
  1310  -4.8336015257650572e-01  -1.4562516732147651e+01
  1311  -1.3441738671597121e+00  -1.5017829177775548e+01
  1312   6.7963545042843632e-02  -1.4804375473457149e+01
  1313   1.0333308690243765e+00  -1.4532757197846349e+01
  1314  -6.7952985456885151e-01  -1.4834340608091987e+01
  1315  -1.1120223536667821e+00  -1.4905353318103272e+01
  1316   4.6464315759208528e-02   1.4574089426191721e+01
  1317  -3.2744322740300293e-02  -1.5283600249409519e+01
  1318   5.7452622917968799e-01  -1.4886579592592215e+01
  1319  -7.8048133519409435e-01  -1.4996149930413450e+01
  1320  -4.7143230711617190e-01  -1.4587330700024106e+01
  1321   2.9565765565437802e-01  -1.4899769402921249e+01
  1322   4.9910613440121460e-01   1.4959697939318080e+01
  1323  -6.7224067328384196e-01  -1.4660729588847746e+01
  1324  -1.0793238587426482e-01  -1.4298147350540996e+01
  1325  -5.2191028536400008e-02   1.4404057211596465e+01
  1326   8.7107114897975435e-01  -1.4583623125715043e+01
  1327  -7.2253457226291273e-01  -1.4652688570083640e+01
  1328  -4.3341444883673574e-01   1.4781213245373586e+01
  1329  -2.4841523282376137e-02   1.4827287490646233e+01
  1330   4.6327112904551132e-01   1.4515961472176395e+01
  1331  -1.1718297640323125e+00   1.5071447573510145e+01
  1332  -9.7721346104040221e-02   1.5172876487424483e+01
  1333  -3.4179850570050629e-01  -1.4793599269684174e+01
  1334   2.8270705643920763e-01  -1.5322508150327979e+01
  1335   5.5913302406511989e-03   1.4859675983805353e+01
  1336  -8.2819618517287519e-01  -1.5264394268364960e+01
  1337  -6.2189829779656902e-01  -1.5153101349134158e+01
  1338  -5.7439228002510279e-01  -1.4716386688097341e+01
  1339   7.8125380198988270e-01   1.4620640171153058e+01
  1340   8.0077916593627418e-01   1.5255504274273289e+01
  1341   4.2351312829439236e-01   1.4444033149585021e+01
  1342   1.0565932814904951e-01  -1.5150311795105335e+01
  1343  -3.4269149737747340e-01   1.4505059282220058e+01
  1344  -2.3467984197207722e-01   1.5060118937048802e+01
  1345  -7.7937082495383003e-01  -1.4728039437000842e+01
  1346  -1.2350238736214909e+00   1.5156712124246299e+01
  1347   5.4559528075667607e-01   1.4524588914210058e+01
  1348  -7.3181754414812794e-01   1.5075538951531401e+01
  1349  -8.6478143136928282e-02  -1.4750169458570049e+01
  1350  -2.3893919572419947e-01   1.5427074752248387e+01
  1351   5.2853129507751373e-01   1.4828327829242284e+01
  1352  -1.0052404349097201e-01   1.5065187451556351e+01
  1353  -1.0987708262334788e+00  -1.4103838410201574e+01
  1354   3.2531451737838379e-01   1.5393801134295625e+01
  1355   2.6505289946485344e-01  -1.5511665116366752e+01
  1356  -1.2472714444050095e-01   1.4929469332488084e+01
  1357  -7.0060803569421060e-01   1.5382563320338061e+01
  1358   3.8833634225951819e-01   1.5314154421566634e+01
  1359  -3.8154432424624241e-01   1.4870781854965502e+01
  1360  -2.6244433934144384e-01  -1.4472105031003039e+01
  1361   7.5889192573913550e-02  -1.4855503889642270e+01
  1362   2.6610936109820804e-01   1.5219565547015813e+01
  1363   1.6706576052161856e-01  -1.5079848647456664e+01
  1364   6.3284728266361989e-01  -1.4680952700244813e+01
  1365  -5.2441449081786740e-01  -1.4678015322568681e+01
  1366  -1.7005425513522676e-01  -1.5156082321306320e+01
  1367   7.1678427376089182e-01   1.4711842147559992e+01
  1368   2.5706672749069659e-01   1.5420169344547791e+01
  1369  -5.2568116035337931e-01  -1.5417953358494032e+01
  1370   1.1179589650377519e-01  -1.4980837896207976e+01
  1371  -3.8422635380583825e-01   1.5252309432015947e+01
  1372   6.5558047543906883e-01  -1.5047421906806473e+01
  1373   2.6335844902062244e-01   1.5219845859009425e+01
  1374   6.6253798699402111e-01  -1.4897839817818495e+01
  1375   1.3349616258694946e-01  -1.5341074411476667e+01
  1376   2.8801033527802300e-01   1.4550369014993352e+01
  1377   8.8115123136216195e-02   1.4982496879262010e+01
  1378  -1.3955956945810784e-02   1.5110419458873482e+01
  1379   2.1308034987070407e-01   1.5099105269550151e+01
  1380  -3.7688085355023238e-01  -1.5326164727534056e+01
  1381  -1.6363904848955174e-01   1.4958065532601887e+01
  1382  -2.5190292435369066e-01  -1.5088839799380048e+01
  1383   5.7134140999096250e-01  -1.5051367379734735e+01
  1384   3.0754971624391725e-01   1.5615735847549713e+01
  1385   6.7699161846003691e-02  -1.4886344230305010e+01
  1386  -6.4447299686313175e-01  -1.4853370930008859e+01
  1387  -4.5202189761949707e-01  -1.5154738613576491e+01
  1388  -2.4953462378497748e-01  -1.5483362552463923e+01
  1389   1.0472306293738454e-01  -1.4763998076060457e+01
  1390   2.9408876024256292e-01  -1.5198863432189222e+01
  1391   4.6916287451047178e-01  -1.4786889378116410e+01
  1392  -7.6817821074579495e-01  -1.5012525728518373e+01
  1393  -3.3925854103998176e-01  -1.4852763341236544e+01
  1394  -2.5336234331337076e-01   1.4825035693005763e+01
  1395  -5.1710667347733252e-01   1.4793596109646705e+01
  1396  -9.9357289137664256e-02  -1.4648156493165693e+01
  1397   4.7288084716585366e-01  -1.4729524230871984e+01
  1398  -1.0142174549682181e-01   1.5539228848176636e+01
  1399  -7.3415660004091310e-01   1.4929541629678109e+01
  1400  -1.3899792423565560e+00   1.4577225510411623e+01
  1401   1.4346745625625421e+00   1.5375829537699335e+01
  1402   3.7826254287200245e-01  -1.5774510968392047e+01
  1403  -2.1508747941281769e-01  -1.5098501116735104e+01
  1404   8.5495296916962699e-02  -1.4665617357616664e+01
  1405  -3.3481602014130440e-01   1.5511394339283902e+01
  1406  -1.6975573952422526e-01  -1.5568928918049416e+01
  1407  -5.9010678961484775e-01   1.5646891371900864e+01
  1408  -1.0403057134436506e+00   1.5317004479765570e+01
  1409   5.0605753798041242e-01   1.5510529663824636e+01
  1410  -1.4721563533771078e-02   1.5306061505582562e+01
  1411  -1.0828322518238735e+00   1.4874408544351752e+01
  1412   5.7347578686074030e-01   1.5517303445806371e+01
  1413  -3.2307928766891186e-01  -1.5387723574153995e+01
  1414  -5.3793927298543563e-02   1.5517905334803714e+01
  1415  -5.6080171616683938e-01   1.5321490943994785e+01
  1416   2.8422390277836003e-02  -1.5165228946807087e+01
  1417  -1.7306083243722453e-01   1.5658966535920658e+01
  1418  -1.2227564937090210e-01  -1.4995703282687696e+01
  1419  -4.0949459454181575e-01  -1.6061042129912966e+01
  1420  -9.0914671937814009e-02   1.5661030287893766e+01
  1421  -2.5289886699294323e-01  -1.5637325343200764e+01
  1422  -4.1811185730906031e-01   1.5276452624275359e+01
  1423  -8.0587415687420350e-01  -1.5429927802200220e+01
  1424  -3.7371389982643943e-02  -1.5771268524458916e+01
  1425   1.2190824004266398e-01   1.5136090020935153e+01
  1426   7.5040485500486032e-01  -1.5103567360236022e+01
  1427  -1.2423114672890541e-01  -1.5364241601515468e+01
  1428  -6.3688316120812738e-01  -1.5557171591506112e+01
  1429   6.7501947818385877e-01  -1.6405152709197349e+01
  1430   3.9067983549276719e-01   1.5166639386381350e+01
  1431   3.2946745490912477e-01  -1.5379781823881704e+01
  1432   1.7471645491469301e-01   1.5812098279992995e+01
  1433  -6.3327277107246704e-01   1.5726119451207023e+01
  1434   7.7916693943126156e-02   1.5172404806026625e+01
  1435   6.9220121964170755e-01   1.5456370204755995e+01
  1436  -8.6342241345363635e-01   1.5348898970293348e+01
  1437   4.9990620883494635e-01   1.5511316749544539e+01
  1438  -5.1721299884575367e-01   1.5315031055894515e+01
  1439   2.8750500943921625e-01   1.5616195298984175e+01
  1440  -1.2116919780289326e+00  -1.5941711839098922e+01
  1441   3.9303186902596279e-02  -1.5597525955251443e+01
  1442  -2.2841224715884439e-01  -1.5155832794456735e+01
  1443   6.4148212826982953e-01  -1.5064904927848792e+01
  1444  -3.3969135136639389e-01   1.4965993634743315e+01
  1445   5.9997529757492374e-01   1.5693501883561748e+01
  1446   1.0215677332007511e+00  -1.5667977393136326e+01
  1447   4.9405643559906592e-01   1.5671439880591985e+01
  1448   4.8344057588672190e-01  -1.5697830783604779e+01
  1449   4.6387300371926182e-01   1.5897410096964151e+01
  1450   7.6617327361540621e-01   1.5837700868603157e+01
  1451   1.0643532153140287e+00   1.5775580940212800e+01
  1452   2.1483218304694796e-01   1.5388422326429307e+01
  1453   1.2510849313799572e+00   1.6001677216951887e+01
  1454   7.5791044367375415e-01   1.5581116858167164e+01
  1455  -4.4793016624282039e-01  -1.5889840131032855e+01
  1456  -6.1247136294967086e-01   1.5401657275747468e+01
  1457  -6.1185965844954904e-01   1.5693788081847389e+01
  1458  -6.7466726816913292e-01   1.5850609002884596e+01
  1459  -5.9515159312241295e-01  -1.5906663902310340e+01
  1460  -1.9423309374634112e-01   1.5217370690143296e+01
  1461  -1.1148965594648282e-01   1.5740009657690392e+01
  1462  -6.1749257511805689e-01  -1.5514485190838338e+01
  1463   8.4410392467353434e-01   1.5525126202190483e+01
  1464  -2.5712318794879507e-01  -1.5604993715371197e+01
  1465   4.3222931281714788e-01  -1.5266270997955544e+01
  1466   1.3134962916601695e-01   1.5960176557532543e+01
  1467  -5.0213063492051502e-01   1.6056597531797710e+01
  1468  -3.5753170599468848e-01   1.5817648152178124e+01
  1469   9.3094990248180443e-01  -1.6001044922160137e+01
  1470   6.6131240095702259e-02  -1.5764028842667061e+01
  1471   5.2320261645491739e-01  -1.6307494935722776e+01
  1472  -7.9473694362039160e-01  -1.5340434130320430e+01
  1473  -5.1567136866134133e-01  -1.5340026706105091e+01
  1474  -2.9403010605430890e-01   1.5208538461548915e+01
  1475   2.9898214892976638e-01   1.6009694326354765e+01
  1476   2.4949235666670214e-01   1.5304218708122951e+01
  1477  -1.2924060395052067e-01   1.5726132976803859e+01
  1478  -2.4149056845619987e-01  -1.5374828113217362e+01
  1479  -5.4772157974861513e-01  -1.5698272042530510e+01
  1480   2.2084160710562441e-02   1.5609619577819412e+01
  1481  -7.9227410626242931e-02  -1.6229621555007373e+01
  1482   9.5202824561727262e-01  -1.5683728351627181e+01
  1483  -2.4172987717917327e-01  -1.5666526736159771e+01
  1484   1.6952798326959722e+00   1.5460046950007838e+01
  1485  -3.8456062004407809e-01  -1.5298115152617342e+01
  1486  -1.7198100190355498e-01   1.5880048305277993e+01
  1487  -7.9779895964436109e-01   1.5907024102885401e+01
  1488  -7.0768347846048241e-01  -1.5494033344053772e+01
  1489   1.5719406507558367e-01   1.6455288637437580e+01
  1490   6.5474223383336283e-01  -1.5511299000173933e+01
  1491   3.7934762804620370e-01   1.6100199115717238e+01
  1492   3.6066231084821687e-01  -1.6114470214202512e+01
  1493   7.0430319986146661e-01   1.5643172072910502e+01
  1494  -1.1190771300913921e-01  -1.5547409836246318e+01
  1495  -1.0560642939591507e-01   1.5973828950515214e+01
  1496   9.4301319155548113e-01   1.6026002565391355e+01
  1497   9.3218160379197912e-01  -1.6346693969288616e+01
  1498  -2.2945948985109080e-01   1.5611776445738570e+01
  1499   6.7623286831745344e-01  -1.6184412413434593e+01
  1500  -6.4736576436211890e-01   0.0000000000000000e+00
