   960
     1    1.802457896793060E+02   -4.546917480027479E-02
     2    1.819804919720115E+02    9.572344341518608E-01
     3    1.819752182912158E+02    2.357375824986952E-01
     4    1.811440802223896E+02    8.144659756250763E-01
     5    1.820568675374124E+02   -1.460104148096696E+00
     6    1.816980341721740E+02    7.489570360522610E-01
     7    1.825525640465030E+02   -2.246572318812289E+00
     8    1.825751292809873E+02   -1.296169543537361E+00
     9    1.820547833409790E+02   -1.304840428037300E+00
    10    1.818332148797700E+02    2.417915242879512E+00
    11    1.821453599121667E+02   -1.420881817693773E+00
    12    1.820234300233448E+02   -1.348491947160410E+00
    13    1.827590564667150E+02    1.855987213211643E+00
    14    1.849222027590627E+02    1.346062580178781E+00
    15    1.815886350007235E+02    1.512657738058567E+00
    16    1.826354809976449E+02   -3.038824311566060E+00
    17    1.803920216780132E+02    3.111658650934781E+00
    18    1.830014593751842E+02   -1.820965985570568E+00
    19    1.816190392420638E+02   -2.175708261046162E+00
    20    1.818752132161467E+02    2.571498685107111E+00
    21    1.798136441711259E+02   -2.804686969921436E+00
    22    1.813632136133190E+02   -3.384956271590430E+00
    23    1.824114978858532E+02    4.713940833612004E+00
    24    1.823688685467467E+02    3.750703454737650E+00
    25    1.804859950422871E+02    2.301627621833021E+00
    26    1.836105047264828E+02   -3.885733813779406E+00
    27    1.856341311263689E+02    3.500676541082744E+00
    28    1.836759537121859E+02    4.306657087035069E+00
    29    1.843077832741344E+02   -6.834234562470721E+00
    30    1.862533095030153E+02   -4.304300053770344E+00
    31    1.824492678727063E+02   -4.423579925777851E+00
    32    1.851479801854058E+02    6.014865841898845E+00
    33    1.876270362673812E+02   -6.053773520738226E+00
    34    1.840146171094238E+02    4.416135292270630E+00
    35    1.836216212220384E+02    4.217625042318952E+00
    36    1.835031506087475E+02    4.945425465750995E+00
    37    1.850125428554296E+02   -5.166892438809268E+00
    38    1.850031541784715E+02   -5.473735241297856E+00
    39    1.880294281266677E+02    6.210773810258737E+00
    40    1.870338683541871E+02    4.546959248667049E+00
    41    1.875912998862037E+02   -7.565630950330037E+00
    42    1.846153397198726E+02   -4.608965382906706E+00
    43    1.837754178456642E+02    5.287531780849161E+00
    44    1.884919251038286E+02    6.663671155627484E+00
    45    1.604529268756835E+02   -3.511588539385517E+01
    46    1.321584204422962E+02    1.275229348870429E+01
    47    1.862521419541882E+02    7.213645197578267E+00
    48    1.853153858108383E+02   -5.367437843495992E+00
    49    1.816883608248416E+02    9.194918410185565E+00
    50    1.375775669253626E+02    3.807701559331408E+01
    51    1.570622751563473E+02    8.506677467165746E+00
    52    1.819659075765503E+02   -1.132727765296753E+01
    53    1.738799201458772E+02   -1.491764658030247E+01
    54    1.821223965441843E+02    1.362780665810948E+01
    55    1.714595339428507E+02   -3.221091442168780E+01
    56    1.307715300491989E+02    2.070190083972181E+01
    57    1.695602206254723E+02    9.007235226188373E+00
    58    1.841409511027935E+02    1.093563224916458E+01
    59    1.925450702836686E+02    1.008299773013228E+01
    60    1.649021010551117E+02    3.407299544161374E+01
    61    1.309210595672397E+02    1.502782158230449E+01
    62    1.746003210250880E+02    1.450644749995062E+01
    63    1.764962653631792E+02    1.381552960885530E+01
    64    1.528769001038862E+02   -3.974445473693768E+01
    65    1.438530750485454E+02    1.485868019002810E+01
    66    1.807326538267219E+02   -1.300552459591100E+01
    67    1.798366318288963E+02    1.260903823320693E+01
    68    1.541744696346204E+02    4.146982665926411E+01
    69    1.478232031674841E+02   -1.843663906402935E+01
    70    1.896362366285024E+02   -1.717680881974882E+01
    71    1.574344905807713E+02    3.778958468016641E+01
    72    1.423127052828010E+02    2.604404967382671E+01
    73    1.762924000404666E+02   -1.786745295682573E+01
    74    1.906138779662024E+02    1.853671050818966E+01
    75    1.704023653609449E+02    3.596681071548535E+01
    76    1.457954486902259E+02    3.047804830511697E+01
    77    1.694846369330183E+02   -2.925397979530210E+01
    78    1.650055886869514E+02    1.789093204941242E+01
    79    1.752909693345805E+02    2.018992300079404E+01
    80    1.499464137704561E+02   -3.777313361653100E+01
    81    1.500836771231813E+02    2.307246576383998E+01
    82    1.781133992925060E+02    1.458664284769433E+01
    83    1.627551321473156E+02   -4.202243370740846E+01
    84    1.518228822768217E+02    3.070048288653813E+01
    85    1.715285790374039E+02   -2.240184350089451E+01
    86    1.718482081270388E+02   -2.191669259172206E+01
    87    1.725700798435723E+02    2.529362015671080E+01
    88    1.837260892910036E+02   -2.946067634922116E+01
    89    1.414787479719490E+02   -3.848821281308613E+01
    90    1.688481819501386E+02    1.542516830449248E+01
    91    1.846033795197509E+02    3.149636351992896E+01
    92    1.390578587167983E+02   -3.890760437325681E+01
    93    1.753468832960423E+02   -2.182426809440243E+01
    94    1.848473154167098E+02   -2.654891351025387E+01
    95    1.676603712027700E+02    4.168197298459799E+01
    96    1.481814801119859E+02    2.869446557027818E+01
    97    1.742446494341395E+02    2.683087057760436E+01
    98    1.767737570894731E+02    2.821754045618204E+01
    99    1.842542276381892E+02    2.849456919402407E+01
   100    1.532128567165818E+02    3.563693549149907E+01
   101    1.486026976436087E+02   -2.013802427006132E+01
   102    1.780150416105500E+02    1.715987646099383E+01
   103    1.852902155511708E+02   -3.773999582587655E+01
   104    1.510969078637886E+02   -3.907515912344791E+01
   105    1.720371730775187E+02    2.544159182054653E+01
   106    1.667120388948300E+02   -2.060333581664202E+01
   107    1.694120229340774E+02   -3.108016757759630E+01
   108    1.478149947729175E+02    3.792538057690295E+01
   109    1.690253170762704E+02   -3.132874901863034E+01
   110    1.750462212856701E+02   -2.500790118682540E+01
   111    1.839368381834704E+02   -3.321985461876154E+01
   112    1.447733045710310E+02   -3.793386981732657E+01
   113    1.699592543239440E+02   -2.734919173712332E+01
   114    1.788721027433046E+02   -2.869613345612599E+01
   115    1.880802539641753E+02   -3.526697001074363E+01
   116    1.583755572953474E+02   -4.393560160979856E+01
   117    1.775514290197040E+02   -3.226612739670567E+01
   118    1.805450870473898E+02   -2.750501498212250E+01
   119    1.701744793890238E+02   -2.890146951766667E+01
   120    1.598169704701974E+02    4.209006398376271E+01
   121    1.657491836063395E+02   -2.953157584049162E+01
   122    1.853584178362626E+02   -3.654828706774733E+01
   123    1.639692236183676E+02   -3.799885125944434E+01
   124    1.866802257807788E+02    3.154990872203811E+01
   125    1.761594020002034E+02    3.918246846741994E+01
   126    1.555595968496173E+02   -4.067047230531468E+01
   127    1.798733835225549E+02    3.617729185249672E+01
   128    1.937176050223357E+02   -2.787558431109274E+01
   129    1.732440934576641E+02   -3.417717761170672E+01
   130    1.568254072493992E+02   -3.845322996189157E+01
   131    1.625155862256789E+02   -3.111769803603569E+01
   132    1.840238492531423E+02   -3.029546317376241E+01
   133    1.631054110934378E+02    3.855425578438533E+01
   134    1.635616678743931E+02   -4.101605927309704E+01
   135    1.714357683693870E+02    3.258092077191307E+01
   136    1.893500420250610E+02   -2.966819280165387E+01
   137    1.696987983191792E+02   -4.304371260550046E+01
   138    1.602844575757310E+02    3.259377600735796E+01
   139    1.631819670162345E+02   -3.835103709975547E+01
   140    1.678831767921164E+02   -3.819579884333933E+01
   141    1.810046433342922E+02   -3.390228590161284E+01
   142    1.703297071182366E+02   -3.907078304085342E+01
   143    1.540595235643268E+02   -3.561834836393110E+01
   144    1.787817920564887E+02    3.385961208931352E+01
   145    1.791894217925235E+02   -4.161607639680374E+01
   146    1.786930176780237E+02   -3.700826580494596E+01
   147    1.680449759391058E+02    4.061673863649663E+01
   148    1.618864498407568E+02   -3.210824611543439E+01
   149    1.831138926479277E+02    3.647379921227799E+01
   150    1.646444987158563E+02    3.581247171952165E+01
   151    1.671451602042351E+02    3.594041362221548E+01
   152    1.684695841921659E+02   -4.171760367250342E+01
   153    1.761474600784482E+02    3.580156562532150E+01
   154    1.659711109863473E+02   -3.656024500787069E+01
   155    1.670655587577154E+02   -3.444462281704720E+01
   156    1.711398496316867E+02   -4.016846052426333E+01
   157    1.677767659163335E+02   -4.189213499325139E+01
   158    1.730590780493353E+02   -3.078974688530239E+01
   159    1.784452321319223E+02   -3.967646816166410E+01
   160    1.678974981708376E+02    4.082302799277637E+01
   161    1.727994679686362E+02    3.816726720256694E+01
   162    1.680577237604683E+02   -3.979184856860032E+01
   163    1.660893381482541E+02   -3.607230533270025E+01
   164    1.674264706529596E+02    3.217142153189292E+01
   165    1.689649982444597E+02   -4.071584140852148E+01
   166    1.683064766168787E+02    3.480396196948320E+01
   167    1.729050968635764E+02    3.753008375428148E+01
   168    1.789752305872713E+02    3.477557846690828E+01
   169    1.723935845773396E+02    3.535608558583410E+01
   170    1.561863094018125E+02   -3.907722040768866E+01
   171    1.775315455042602E+02    3.262065427488191E+01
   172    1.761279706660751E+02    3.972431368230954E+01
   173    1.679819800625973E+02    4.226206626007704E+01
   174    1.684076175425221E+02    3.977523654149947E+01
   175    1.720100851546980E+02    3.470544303729616E+01
   176    1.693676277293782E+02   -3.969802070511228E+01
   177    1.649748537417067E+02   -4.433027406263188E+01
   178    1.696173401696967E+02   -3.799345727238560E+01
   179    1.620139970020341E+02   -3.927822364105169E+01
   180    1.630647066910353E+02   -3.632669125065589E+01
   181    1.719763429331665E+02   -4.300261995538948E+01
   182    1.592644017343756E+02    3.453843630439759E+01
   183    1.756663929942019E+02   -3.571113639226641E+01
   184    1.627837566859166E+02    4.638240833334505E+01
   185    1.701944650318013E+02    3.284364618372889E+01
   186    1.679168769043396E+02    4.091240253967185E+01
   187    1.674619187736391E+02    3.839901969293644E+01
   188    1.673971144917279E+02   -3.850477264143566E+01
   189    1.704247630013919E+02    4.067866808767319E+01
   190    1.764499429266622E+02    4.169335091665714E+01
   191    1.614074339750205E+02   -3.742845692878896E+01
   192    1.660499485963381E+02    4.108197760567845E+01
   193    1.647285929444320E+02    4.340541284647183E+01
   194    1.660830804323060E+02    3.668531747749569E+01
   195    1.632982673131721E+02    4.388895074141670E+01
   196    1.572840508986684E+02   -3.710588585913809E+01
   197    1.719863145769272E+02   -3.893560835585005E+01
   198    1.594271964893443E+02   -4.193256448223637E+01
   199    1.629468713813404E+02    3.841619784332914E+01
   200    1.745860226253354E+02    4.437281525160394E+01
   201    1.652614053955748E+02    4.672419078406663E+01
   202    1.646017415214207E+02   -3.145549138609254E+01
   203    1.696404025277099E+02   -4.341956521960584E+01
   204    1.597414599935908E+02   -3.843464550378037E+01
   205    1.704413413310493E+02   -3.447516606822294E+01
   206    1.691462527107167E+02    4.288704218459804E+01
   207    1.684363417237957E+02   -4.215955176399155E+01
   208    1.730172143769785E+02   -3.441559845466072E+01
   209    1.619293836909926E+02    4.310065750976214E+01
   210    1.610351165070344E+02   -3.640857001714177E+01
   211    1.694865591296534E+02   -4.883087334590307E+01
   212    1.618128216164743E+02   -4.132381950984058E+01
   213    1.669844336428391E+02    3.917334698523515E+01
   214    1.664574150150811E+02   -3.766129640283986E+01
   215    1.561177746411017E+02    4.040793275392171E+01
   216    1.779152563654733E+02   -3.504948147057867E+01
   217    1.654798073336920E+02   -4.763259259705399E+01
   218    1.636864918108241E+02    3.650251593534182E+01
   219    1.696110504023599E+02   -4.070954058647530E+01
   220    1.635012108213848E+02   -3.927331534375698E+01
   221    1.678549649685040E+02   -4.019083218737112E+01
   222    1.644201574269699E+02   -4.094626151479548E+01
   223    1.626633742551122E+02    4.339534567670209E+01
   224    1.686551525779958E+02    4.404259883289222E+01
   225    1.631388611367484E+02    3.696898258187343E+01
   226    1.601236999301374E+02   -4.151363456092764E+01
   227    1.634054760061381E+02   -3.787236062643990E+01
   228    1.703777125584739E+02    4.087932871243648E+01
   229    1.669605407662491E+02    3.885879961172414E+01
   230    1.729950952444102E+02    3.820087364143002E+01
   231    1.695274834208608E+02    3.907536874236941E+01
   232    1.710674023991220E+02   -4.071986833179589E+01
   233    1.643377110617910E+02    4.039477835233076E+01
   234    1.661860326360295E+02    3.558103732171641E+01
   235    1.734427360117009E+02   -4.896539239590939E+01
   236    1.541351655795745E+02   -4.382799073140188E+01
   237    1.567300145272109E+02   -4.629159320477119E+01
   238    1.535852387668422E+02   -4.566334149996693E+01
   239    1.549930165166459E+02   -4.252098445264789E+01
   240    1.586763753442857E+02    4.318148162441216E+01
   241    1.571032189620851E+02   -4.668767701749672E+01
   242    1.636658944874466E+02   -4.220968043332707E+01
   243    1.628507991684890E+02    4.135904355346729E+01
   244    1.552884805109839E+02   -4.155764475095667E+01
   245    1.658087911220341E+02    4.859387822203441E+01
   246    1.509888803221120E+02    4.435587784440144E+01
   247    1.704506525096079E+02    4.073572213564479E+01
   248    1.563912041760742E+02    4.610092976337965E+01
   249    1.471738284519646E+02    4.462640703302092E+01
   250    1.499114614338043E+02   -4.509370087564448E+01
   251    1.530161803596970E+02   -4.341745921704780E+01
   252    1.620427251643757E+02    4.411444929980465E+01
   253    1.680184296954609E+02   -4.245444280624213E+01
   254    1.641321310164993E+02    4.632299791254155E+01
   255    1.446313144527479E+02    4.326156326706530E+01
   256    1.537512680723192E+02   -4.718974451157325E+01
   257    1.556708390921862E+02   -4.899151980795577E+01
   258    1.610477044136417E+02   -4.372253391196079E+01
   259    1.693458310827586E+02   -4.032100757655503E+01
   260    1.601902941723181E+02   -4.350316084742859E+01
   261    1.639062110661944E+02   -4.181914421372559E+01
   262    1.703556108115796E+02   -4.268035026785768E+01
   263    1.580418564911360E+02   -4.789071890019842E+01
   264    1.464920859057979E+02    4.616398238289783E+01
   265    1.697375230973161E+02    4.831250382325631E+01
   266    1.493474913649056E+02    4.092822463782620E+01
   267    1.599793655169775E+02    4.369087868800493E+01
   268    1.453971219149519E+02    4.708008524042663E+01
   269    1.679555579632429E+02    4.860599523245656E+01
   270    1.464246160293646E+02    4.460896973242064E+01
   271    1.559902479174780E+02   -4.414037680223793E+01
   272    1.688659438014395E+02    4.783007220419245E+01
   273    1.628427785095611E+02   -4.002871000607681E+01
   274    1.633988960553268E+02    4.365430971414969E+01
   275    1.584680437634896E+02   -5.142394355959485E+01
   276    1.596798728746398E+02   -4.449741850914413E+01
   277    1.553143925921226E+02    4.688795189385258E+01
   278    1.566139645139397E+02    4.334146322672919E+01
   279    1.587576386558734E+02   -4.866024759995845E+01
   280    1.565927434887123E+02    4.824673342810810E+01
   281    1.613371547176121E+02   -3.895897482765346E+01
   282    1.659999435266466E+02    4.592296053380753E+01
   283    1.608663444291422E+02   -4.205035392659770E+01
   284    1.547817097300498E+02    4.641138167538824E+01
   285    1.490173377596201E+02    4.867415591685957E+01
   286    1.557684847635282E+02   -4.140916622190527E+01
   287    1.612632523330321E+02   -4.812981942136301E+01
   288    1.519998200471138E+02    4.649061679911939E+01
   289    1.719271667938945E+02    4.098415729546351E+01
   290    1.550594533404494E+02    4.457921660144122E+01
   291    1.665902981625898E+02   -4.338369982844245E+01
   292    1.496182134225413E+02    4.888980196438172E+01
   293    1.609888728009321E+02   -4.976197479187248E+01
   294    1.517976062155375E+02    4.751812635206972E+01
   295    1.537934763577249E+02   -4.527193856955432E+01
   296    1.633787504463038E+02    4.499582656911852E+01
   297    1.589295816953371E+02   -5.190997339382561E+01
   298    1.615706100194683E+02   -4.228770328824437E+01
   299    1.655682959374664E+02    5.085296715798793E+01
   300    1.640671719002678E+02    4.936505418523638E+01
   301    1.508835412490775E+02   -4.492848039285622E+01
   302    1.611944816657496E+02   -4.695942171434007E+01
   303    1.595473427296216E+02    4.793597873240474E+01
   304    1.667860808631304E+02    4.769835004312928E+01
   305    1.603235968128562E+02   -4.536535502032116E+01
   306    1.626775022838825E+02   -4.507707821319286E+01
   307    1.425354092801507E+02    4.947116037781941E+01
   308    1.554286263426517E+02    4.487788434536074E+01
   309    1.648235893445151E+02    4.811114210178636E+01
   310    1.568230997058648E+02    4.554959086348580E+01
   311    1.647922258749479E+02    4.279678814516271E+01
   312    1.587873090665989E+02    4.679146448327615E+01
   313    1.545076991065546E+02    4.968201161004932E+01
   314    1.569919250879839E+02   -4.880291956225455E+01
   315    1.611048847300371E+02    5.224539126133480E+01
   316    1.704434463554392E+02   -4.607966695484686E+01
   317    1.740008897709279E+02   -4.751665702671348E+01
   318    1.560863796446706E+02    4.464738320301669E+01
   319    1.705848933795808E+02    5.019982484982222E+01
   320    1.616294402458297E+02   -4.711730294990168E+01
   321    1.614368935879572E+02    4.621061989828524E+01
   322    1.567366909850730E+02   -4.772326843373231E+01
   323    1.667067283583746E+02   -4.663506887455322E+01
   324    1.557668993398368E+02   -5.039176226775202E+01
   325    1.623564756029288E+02   -5.042993288472798E+01
   326    1.699555771161045E+02    4.442814954492462E+01
   327    1.642039709874754E+02   -5.087875237361402E+01
   328    1.583033172669940E+02    5.120109721315751E+01
   329    1.624318427449652E+02   -4.887118031561319E+01
   330    1.570889158939204E+02   -4.599272478462966E+01
   331    1.666143701173362E+02   -4.705182983952942E+01
   332    1.598239629175530E+02    5.153711591130552E+01
   333    1.571352959692396E+02    5.203315237028107E+01
   334    1.659859450753507E+02    4.881288397513893E+01
   335    1.624035225132555E+02    4.753181753077902E+01
   336    1.611966962337887E+02   -5.022108575560424E+01
   337    1.710256471838011E+02    4.648669465115435E+01
   338    1.605581038270808E+02    4.991941845192468E+01
   339    1.503296333536458E+02   -4.883405978088501E+01
   340    1.568568552097328E+02    4.786935520266426E+01
   341    1.569230956694646E+02    4.702923839229569E+01
   342    1.738275441712071E+02    4.721805988718630E+01
   343    1.634216878873623E+02    5.087304194091065E+01
   344    1.600138264129470E+02   -5.243031163415144E+01
   345    1.474467658730455E+02    5.452069489416294E+01
   346    1.645900686965512E+02    5.282584969015405E+01
   347    1.615708224450852E+02   -4.981886834435802E+01
   348    1.621817983085405E+02    5.052494421206917E+01
   349    1.602782584046354E+02   -4.937430844974723E+01
   350    1.598821091925216E+02    5.431566076403031E+01
   351    1.635620575286967E+02    5.403927070653822E+01
   352    1.655818649986147E+02    5.032661401127311E+01
   353    1.644283874816259E+02    4.779782399108541E+01
   354    1.610748080665197E+02    5.275241923190995E+01
   355    1.660071785388804E+02    4.837425116156062E+01
   356    1.650207103250769E+02   -5.090766675680661E+01
   357    1.581265106524882E+02   -5.501136084496233E+01
   358    1.621846849593020E+02    5.678700481035131E+01
   359    1.688626932448537E+02    4.828895254027361E+01
   360    1.704394518049255E+02    5.309083887227634E+01
   361    1.618259793427250E+02    5.183311007120792E+01
   362    1.631700994922255E+02    5.104791533159331E+01
   363    1.619115451594580E+02   -5.092469542189713E+01
   364    1.593976531434232E+02   -4.913835045699600E+01
   365    1.640763267274851E+02   -4.579382033227444E+01
   366    1.440377244151841E+02   -5.325034473140162E+01
   367    1.630805379002191E+02   -5.212214498018543E+01
   368    1.593853764863810E+02   -5.609992714337388E+01
   369    1.592115059538293E+02   -5.143677973296233E+01
   370    1.550290766820941E+02   -5.237784858692676E+01
   371    1.594315719167746E+02   -5.489213251325901E+01
   372    1.657019914789304E+02    5.089429198506375E+01
   373    1.489460056754619E+02    5.348112229567707E+01
   374    1.607256968740794E+02   -5.361916850884536E+01
   375    1.590453110971974E+02   -5.858437484750818E+01
   376    1.608794578491118E+02   -5.407450815289707E+01
   377    1.604989595983279E+02    5.403662456588850E+01
   378    1.620593195250165E+02    5.083733793719588E+01
   379    1.519887538979033E+02    5.339894821817752E+01
   380    1.590297479452669E+02   -5.578928463789130E+01
   381    1.565904946418297E+02   -5.378227149181367E+01
   382    1.682790899854004E+02    5.151749555484421E+01
   383    1.544707857887805E+02   -6.234543969382212E+01
   384    1.565844187431162E+02   -5.599953209275159E+01
   385    1.590706990234442E+02   -4.986629182136465E+01
   386    1.635570051456640E+02   -5.345614837501186E+01
   387    1.621700737125446E+02   -5.660997056625008E+01
   388    1.673108640441850E+02   -5.846029810792814E+01
   389    1.680542356386260E+02    5.084902153966991E+01
   390    1.669044474618570E+02    5.697708175431402E+01
   391    1.510533141975646E+02   -4.994150650559149E+01
   392    1.655237172249233E+02    5.486107143901319E+01
   393    1.492269825279287E+02    5.612717136507617E+01
   394    1.633963845613300E+02   -5.238772994657640E+01
   395    1.542048615928641E+02    5.185370945206726E+01
   396    1.729365752230018E+02   -5.617200298636276E+01
   397    1.578626246305205E+02    5.290107449448512E+01
   398    1.547029775589585E+02    5.898364683403359E+01
   399    1.619114974266229E+02    5.934898672513942E+01
   400    1.528413320039995E+02    5.554075805065078E+01
   401    1.590430204966689E+02   -5.598583644585975E+01
   402    1.620584757373048E+02    5.418240199803942E+01
   403    1.664857974573942E+02    5.891961361434656E+01
   404    1.624424479815098E+02   -5.265222304917042E+01
   405    1.579586424781876E+02    5.445425430919750E+01
   406    1.616710839060088E+02    5.946220092890184E+01
   407    1.562996627634716E+02   -5.634794117412822E+01
   408    1.563908282735628E+02    4.900460016796138E+01
   409    1.655958027319080E+02    5.801457012296808E+01
   410    1.534081061544926E+02   -5.547519024956501E+01
   411    1.591146065124789E+02   -5.332191988005005E+01
   412    1.578416909902417E+02    5.173814990205398E+01
   413    1.637413041575406E+02    6.043883097248187E+01
   414    1.553595928627178E+02   -5.462292498761715E+01
   415    1.590666647449951E+02    5.810339823938897E+01
   416    1.599140148304557E+02    5.242561023706364E+01
   417    1.592843626659364E+02   -5.345440267983668E+01
   418    1.574703605534216E+02   -5.941033729863841E+01
   419    1.549600012232860E+02    5.439817786175537E+01
   420    1.549434773903177E+02   -5.562606160193096E+01
   421    1.587244860161888E+02   -5.085678029350200E+01
   422    1.558186073739207E+02    5.744879656673447E+01
   423    1.583221785243242E+02    5.514942101019043E+01
   424    1.697867380014794E+02   -6.103735407018323E+01
   425    1.631109699886554E+02   -5.519305106508450E+01
   426    1.568592729248933E+02    6.202458162862975E+01
   427    1.565811371209963E+02   -4.966657428342046E+01
   428    1.523827419705483E+02   -5.190271577306876E+01
   429    1.653130175459345E+02   -5.280510091341283E+01
   430    1.589935239163777E+02    5.849643789219495E+01
   431    1.541165742208456E+02   -5.856086681838998E+01
   432    1.579738648632780E+02   -5.841723430977036E+01
   433    1.550990298486009E+02    5.400281441078497E+01
   434    1.522348705685569E+02   -6.071345426889597E+01
   435    1.477393936708868E+02    6.038650238270264E+01
   436    1.631563520703885E+02    5.949151005295607E+01
   437    1.553472683956209E+02   -5.695573721368721E+01
   438    1.596854112533426E+02    6.007923499256653E+01
   439    1.503463089778294E+02    5.594683477887653E+01
   440    1.531923958425679E+02   -5.884424910219339E+01
   441    1.535333855886899E+02   -5.981259818477252E+01
   442    1.558781060042566E+02   -5.979354996188743E+01
   443    1.565535739096036E+02   -6.034328535759354E+01
   444    1.593795359471351E+02   -5.701266241690449E+01
   445    1.538848321964927E+02   -6.019806246432999E+01
   446    1.391313153235603E+02   -6.147298071718947E+01
   447    1.610555040823801E+02    5.879820543261039E+01
   448    1.555864760918540E+02   -5.927039367587156E+01
   449    1.550535825554914E+02   -5.107970795622697E+01
   450    1.588571064827022E+02   -5.909225293593537E+01
   451    1.620279172740203E+02    5.971454176550641E+01
   452    1.609271998098168E+02   -6.409141515711356E+01
   453    1.514268137932454E+02    5.566359801240438E+01
   454    1.574684015608823E+02    5.916595799615351E+01
   455    1.481752491738850E+02    5.852257966622628E+01
   456    1.584736667719666E+02    5.967353055652003E+01
   457    1.615299137225891E+02   -5.768244646019874E+01
   458    1.536575647041460E+02   -6.375782245726890E+01
   459    1.570381645664543E+02    6.055884924674561E+01
   460    1.694260439414413E+02   -5.581413944307544E+01
   461    1.514437159162703E+02    6.237687789213550E+01
   462    1.607291840123724E+02    6.071376327803435E+01
   463    1.548051526552552E+02    5.976070759803305E+01
   464    1.527408452637744E+02   -5.469746102310386E+01
   465    1.589999489270921E+02   -5.969273001031623E+01
   466    1.518102981230409E+02   -5.885698568904786E+01
   467    1.622610463414490E+02   -6.201950181100587E+01
   468    1.491414957957921E+02   -6.169077123100071E+01
   469    1.569988896478618E+02    6.393841682348360E+01
   470    1.663864956510901E+02    6.593238564042628E+01
   471    1.590703690121855E+02   -5.879080053330698E+01
   472    1.619353601202799E+02   -5.619605146660771E+01
   473    1.568248098993794E+02   -6.337352767014884E+01
   474    1.630989472975925E+02   -5.908175799741741E+01
   475    1.651742331966789E+02    6.536409418952141E+01
   476    1.586736776365842E+02    5.443607949342753E+01
   477    1.590247859643532E+02   -6.157184729095908E+01
   478    1.636541361094041E+02   -6.072470681872161E+01
   479    1.659274237273623E+02   -6.280578646091893E+01
   480    1.641942579614162E+02    6.715008798290691E+01
   481    1.636201986066887E+02    6.652076295695075E+01
   482    1.721478781677410E+02    6.670402256657822E+01
   483    1.636733360072641E+02   -6.769620769572603E+01
   484    1.675812040083463E+02   -6.047437620425566E+01
   485    1.491785216538183E+02   -6.569531777168891E+01
   486    1.641600227889425E+02    6.230866055959898E+01
   487    1.627498191961793E+02   -6.629800937203791E+01
   488    1.608829827011537E+02    6.202064842868953E+01
   489    1.646155952845185E+02   -6.785573654344439E+01
   490    1.618241470862975E+02    6.251635072805646E+01
   491    1.722629577232585E+02    6.353242025857469E+01
   492    1.726535349014179E+02    6.834972434925480E+01
   493    1.679942645094120E+02    5.870574416639299E+01
   494    1.564372342528835E+02    6.487374306476396E+01
   495    1.602324275114597E+02    6.133038678477223E+01
   496    1.618356097600147E+02   -6.346757983176992E+01
   497    1.600451434450165E+02    6.268940779339954E+01
   498    1.754864051592775E+02   -6.203662562376955E+01
   499    1.575507104713917E+02   -6.094679501679823E+01
   500    1.614708872234696E+02   -6.114113950217469E+01
   501    1.616068055571037E+02   -6.515904335505023E+01
   502    1.591179569685068E+02   -6.313062888764176E+01
   503    1.653799444512283E+02    6.090650870907111E+01
   504    1.631000615168281E+02   -6.813393105268739E+01
   505    1.581459114469149E+02   -6.062597809136830E+01
   506    1.634134252776448E+02    6.933929467907150E+01
   507    1.590579645738194E+02    6.820574320444395E+01
   508    1.592846812021372E+02   -6.248907550169048E+01
   509    1.511673413713026E+02    6.752340216428377E+01
   510    1.702588419408316E+02    6.700570684694479E+01
   511    1.709910272268227E+02    6.886219938729316E+01
   512    1.676914806641487E+02   -6.297972705373498E+01
   513    1.609692611041799E+02    6.637020668514991E+01
   514    1.473602719934956E+02    6.681621020636403E+01
   515    1.525109414923616E+02   -6.314860691794743E+01
   516    1.581763259254337E+02   -6.222897652181785E+01
   517    1.565840890162082E+02   -6.320355408366838E+01
   518    1.660284622538238E+02   -7.071523594931938E+01
   519    1.631298103552172E+02    6.590122199497902E+01
   520    1.680144814885393E+02    6.551629787804573E+01
   521    1.639553595216948E+02    6.099531792713707E+01
   522    1.601538508413761E+02    6.608034212900259E+01
   523    1.617473127017570E+02    6.708861597416185E+01
   524    1.773755717688013E+02    6.631417345825001E+01
   525    1.608612101994507E+02    6.417768103598785E+01
   526    1.613250981493369E+02    6.118946986954355E+01
   527    1.488227780175334E+02    6.527091333815345E+01
   528    1.586200589710181E+02   -5.930597854764597E+01
   529    1.552994606487679E+02   -6.348728474859558E+01
   530    1.568893065130287E+02   -6.912925012466063E+01
   531    1.581194457308078E+02   -7.560790178650156E+01
   532    1.623602056508576E+02    6.624938838797668E+01
   533    1.630449613854903E+02    6.268407568039445E+01
   534    1.646788848854000E+02    6.807099205883131E+01
   535    1.665000262803544E+02    6.476735820324107E+01
   536    1.626386055218023E+02   -6.721765879375182E+01
   537    1.509745430627588E+02    6.487688843498557E+01
   538    1.577161521904646E+02   -6.977511307194888E+01
   539    1.591601606727337E+02   -6.779220001690183E+01
   540    1.558879834305942E+02   -7.218898796108594E+01
   541    1.560069686252218E+02   -6.542329556018124E+01
   542    1.614253800670974E+02   -6.824063740345220E+01
   543    1.618679639449551E+02    6.621768775383619E+01
   544    1.610133119050918E+02    6.835263401415907E+01
   545    1.578960532948988E+02   -6.379044617076649E+01
   546    1.663994633189123E+02   -6.786218619271770E+01
   547    1.567663815113056E+02   -6.942290997194112E+01
   548    1.520787286765696E+02   -6.440183173498585E+01
   549    1.584020966047480E+02    6.946595333375036E+01
   550    1.536724425418662E+02    6.881953339367304E+01
   551    1.537373561035325E+02    7.111612934928961E+01
   552    1.610313105761016E+02    6.790576404773910E+01
   553    1.628939373324678E+02    6.894651445724705E+01
   554    1.663046164065695E+02    7.187102441307434E+01
   555    1.812955213430740E+02   -7.599144058609093E+01
   556    1.679939875778395E+02    7.392273648849012E+01
   557    1.574610182645588E+02   -7.621841536362048E+01
   558    1.701186999980228E+02    7.222635221028987E+01
   559    1.691705746765314E+02   -7.443331477121626E+01
   560    1.572944905505508E+02    6.448564093934468E+01
   561    1.683380031608937E+02    6.522482505341628E+01
   562    1.705114093144071E+02    7.414871044447487E+01
   563    1.576058238210916E+02   -6.725373268716548E+01
   564    1.702805580370395E+02    7.220850129266445E+01
   565    1.665050429018831E+02    7.560161666124016E+01
   566    1.794135229958627E+02   -7.834297833721440E+01
   567    1.803334951299726E+02    8.526027586326529E+01
   568    1.789201898181042E+02    6.981533855790741E+01
   569    1.856651623085160E+02   -7.418416361663721E+01
   570    1.702302361088682E+02    7.581802037420867E+01
   571    1.750205380335313E+02   -7.472765680326556E+01
   572    1.839363479487587E+02    7.907144463463511E+01
   573    1.707896946544025E+02   -8.174222119912899E+01
   574    1.825941891749866E+02   -8.137652538894771E+01
   575    1.892179080300603E+02   -9.097882992619925E+01
   576    2.003919869234940E+02   -8.229059478944178E+01
   577    1.896540774940454E+02   -7.708219062165186E+01
   578    1.765991577026114E+02   -7.333129012913655E+01
   579    1.687736931676336E+02   -7.546809001205482E+01
   580    1.860485574489777E+02    8.075707868679704E+01
   581    1.921254538142358E+02   -8.741336326558289E+01
   582    1.768859441259307E+02   -7.279777718881432E+01
   583    1.587068625140529E+02    7.285928567062767E+01
   584    1.612082674692732E+02    7.408539251618684E+01
   585    1.603682357147652E+02   -6.996985994562121E+01
   586    1.670046296931936E+02    7.495673865441957E+01
   587    1.708632519293008E+02    8.281780497909421E+01
   588    1.855432679934885E+02   -8.937400660968413E+01
   589    1.888525403424956E+02   -8.853726603535729E+01
   590    1.936552429862514E+02    8.245817844555565E+01
   591    1.809841602194215E+02   -7.868950618651195E+01
   592    1.704345203072908E+02   -8.036408191723739E+01
   593    1.791127804417303E+02   -7.904765582451908E+01
   594    1.858380253422967E+02   -8.296217607806017E+01
   595    1.777407744498043E+02    8.335589819592390E+01
   596    1.825659510371412E+02   -8.168586577928562E+01
   597    1.762219510877381E+02   -8.175648694714479E+01
   598    1.710239881034545E+02    8.079711815660765E+01
   599    1.852365268685389E+02   -8.784460927472273E+01
   600    1.936576355465855E+02    8.339277551778875E+01
   601    1.850521925616619E+02   -7.629596982618135E+01
   602    1.726728482842502E+02    7.535650108409591E+01
   603    1.729967815437573E+02   -8.486659657551145E+01
   604    1.772939183206547E+02    8.314069589873998E+01
   605    1.728062806964906E+02   -8.084921685557779E+01
   606    1.865801047686053E+02   -8.397636739958592E+01
   607    2.037687050367639E+02   -8.833971958661120E+01
   608    1.841187348315834E+02   -8.198426632356212E+01
   609    1.746748848302579E+02   -7.760778934010702E+01
   610    1.725163894440323E+02   -7.906526422630239E+01
   611    1.805974778379248E+02   -8.445735045683696E+01
   612    1.903847508636871E+02    8.070339789217523E+01
   613    1.749089902377731E+02   -7.962779514827740E+01
   614    1.680820070613476E+02   -7.799445644747702E+01
   615    1.782075043560803E+02    8.576462888865152E+01
   616    1.917104616506348E+02    8.948756297306110E+01
   617    1.898572223927523E+02   -7.881250539334907E+01
   618    1.719614780669831E+02    8.094287416535957E+01
   619    1.830769785630296E+02   -8.116563293176712E+01
   620    1.692455758033418E+02   -8.182399092316237E+01
   621    1.694849719773261E+02   -8.472191712918138E+01
   622    1.874824706069731E+02    9.319383703455395E+01
   623    1.821809597252835E+02   -8.811524774173800E+01
   624    1.890574663727491E+02   -8.156391077178324E+01
   625    1.699721756376819E+02    7.771040394983871E+01
   626    1.791077516161315E+02   -7.748365215473660E+01
   627    1.744882080292868E+02   -8.045242345887976E+01
   628    1.846806219626716E+02    8.347234456665909E+01
   629    1.779954636891066E+02    8.093065165719015E+01
   630    1.803221182948167E+02   -8.653639214470405E+01
   631    1.809944155883803E+02    9.149075297578845E+01
   632    2.033868375036527E+02   -8.930858765937300E+01
   633    1.973563836968963E+02   -9.129162186640596E+01
   634    1.872796352866888E+02    9.437054963537601E+01
   635    2.067599265729352E+02   -9.311251634639572E+01
   636    1.895464764694788E+02   -9.554517298987390E+01
   637    2.003821793215132E+02   -9.263258527163785E+01
   638    1.943569291886304E+02   -9.985676197674972E+01
   639    2.207811986152081E+02    9.424086160907243E+01
   640    1.851645168777978E+02   -8.235059015269607E+01
   641    1.920389889141974E+02    8.943966849634022E+01
   642    2.083057934213641E+02   -9.775440972782303E+01
   643    2.156550292994886E+02    1.087304441720049E+02
   644    2.281709766344413E+02   -9.471091362324468E+01
   645    2.110195396553975E+02   -9.607385572207669E+01
   646    1.925952021008591E+02    8.978701849972690E+01
   647    1.939108178517918E+02    9.105593992812081E+01
   648    1.864050895305482E+02    9.145590858821105E+01
   649    2.117439360479371E+02    9.813746102901139E+01
   650    1.955879551184157E+02   -9.344291522013674E+01
   651    2.048348391179550E+02    9.494699589840781E+01
   652    2.044911401873375E+02   -9.265499316657737E+01
   653    1.934446699486074E+02    9.534901750610527E+01
   654    2.118635743033838E+02   -9.728214593127598E+01
   655    2.099112960917516E+02   -9.934249902901379E+01
   656    1.884482637843863E+02   -9.499174732292303E+01
   657    2.035311496290673E+02   -9.235663923031991E+01
   658    2.004833719695139E+02   -9.583213839196915E+01
   659    2.228200582387643E+02   -1.002386353938459E+02
   660    2.130368691473544E+02    1.009781623149760E+02
   661    1.982034139031498E+02    9.384351833634932E+01
   662    2.148272172133219E+02    9.697617837007017E+01
   663    2.039800240171997E+02    1.000030690743095E+02
   664    2.063170518559056E+02    8.642771396878679E+01
   665    2.016485184659840E+02   -9.510013751619934E+01
   666    1.935151282066442E+02    1.035374388896264E+02
   667    2.108357452626289E+02   -9.916181036082045E+01
   668    2.181230597883317E+02    1.035727697214488E+02
   669    2.153752636761081E+02    9.917863219412538E+01
   670    1.973550964355945E+02    9.660663681464300E+01
   671    1.943721319194535E+02    9.886619748744525E+01
   672    1.966165646594081E+02   -9.995850234319671E+01
   673    2.189160496975922E+02   -1.036228426259404E+02
   674    2.178205150130977E+02   -1.055355287752405E+02
   675    2.044396527011885E+02   -1.002657021485872E+02
   676    1.972141345562888E+02    9.664894457574817E+01
   677    2.043852651357067E+02   -9.931393737214374E+01
   678    2.154939444045853E+02   -1.027166163810609E+02
   679    2.067031927290192E+02    1.009532327411157E+02
   680    2.036472514536674E+02   -1.016936768661090E+02
   681    2.144529304129913E+02    1.095769823125308E+02
   682    2.427957666594488E+02    1.163692737224780E+02
   683    2.333287509051271E+02   -9.472334647214585E+01
   684    1.984467453265842E+02    1.019391352089562E+02
   685    2.182234075145659E+02   -1.060435599469708E+02
   686    2.072412100469480E+02    9.902546837477198E+01
   687    2.098404881759182E+02    1.036512660089871E+02
   688    2.255277564463944E+02    1.015610679469605E+02
   689    2.159684072401921E+02   -1.123237782005668E+02
   690    2.519124021509884E+02   -1.234263625558377E+02
   691    2.522820500158705E+02    1.101287561548211E+02
   692    2.116918718716477E+02   -1.068478171777416E+02
   693    2.167646083701094E+02    9.274285340326759E+01
   694    2.031329083270786E+02   -9.632688407290298E+01
   695    2.107365324721681E+02   -9.889334240237299E+01
   696    2.076860387299346E+02    1.061639396640961E+02
   697    2.207565162456241E+02   -1.115025659364717E+02
   698    2.122046823972688E+02   -9.698099272959209E+01
   699    2.193768774438026E+02    1.106293394580401E+02
   700    2.417484084164071E+02   -1.132601615265073E+02
   701    2.538621189098902E+02   -1.151952404260549E+02
   702    2.234517143531781E+02    1.085012781865607E+02
   703    2.132274203415651E+02   -1.050088446754774E+02
   704    2.377905939603366E+02   -1.140944311730563E+02
   705    2.294835874533685E+02   -1.091619410037005E+02
   706    2.191085602169527E+02   -1.119086854476524E+02
   707    2.231462815387044E+02   -1.094398883719636E+02
   708    2.257287209402704E+02   -1.078517765407261E+02
   709    2.213949065528117E+02    1.084806147379592E+02
   710    2.249141168369199E+02    1.197175014959216E+02
   711    2.540581849926355E+02    1.180574724988781E+02
   712    2.256077097328609E+02    1.132125160616015E+02
   713    2.208550538516545E+02    1.066521616908962E+02
   714    2.192315701051579E+02   -9.966125677937458E+01
   715    2.225159688836707E+02   -1.188412130236352E+02
   716    2.428328726301968E+02    1.130448960628034E+02
   717    2.396872248316043E+02    1.183816666996306E+02
   718    2.377156736856501E+02   -1.133473888846731E+02
   719    2.230293594871744E+02   -1.090517828932349E+02
   720    2.222843895275554E+02   -1.086405257305451E+02
   721    2.066855482902490E+02    1.055945968337149E+02
   722    2.214064971078675E+02    1.149391515961358E+02
   723    2.288012725620652E+02    1.150240417191123E+02
   724    2.344242169434895E+02    1.157364736572423E+02
   725    2.352209216614716E+02   -1.156087416682802E+02
   726    2.245721520511950E+02   -1.231676734889593E+02
   727    2.695943824570269E+02   -1.221501598470845E+02
   728    2.352565777436621E+02   -1.079365681900556E+02
   729    2.268635370413312E+02    1.165758072401942E+02
   730    2.555400254871116E+02   -1.216011776364607E+02
   731    2.580198009343406E+02   -1.229716627908066E+02
   732    2.195908330506747E+02    1.109991704753432E+02
   733    2.355566509801239E+02   -1.166984680269936E+02
   734    2.374824231484899E+02   -1.139861121880725E+02
   735    2.488018554423357E+02    1.282618146127122E+02
   736    2.760902835599231E+02   -1.270631195575652E+02
   737    2.641246747559450E+02    1.211546658215814E+02
   738    2.332402150392942E+02   -1.180536294583258E+02
   739    2.580566021589716E+02   -1.307223650025859E+02
   740    2.404475969111248E+02   -1.242103944043985E+02
   741    2.540552468292679E+02    1.285573192911732E+02
   742    2.667407102696853E+02   -1.233933387886714E+02
   743    2.506432616426253E+02   -1.166071545696630E+02
   744    2.329135216389753E+02    1.162917440623957E+02
   745    2.503677382608826E+02    1.270046338334843E+02
   746    2.538436260924338E+02   -1.247381135956644E+02
   747    2.510032280033699E+02   -1.254760381096691E+02
   748    2.540577820208213E+02   -1.288602605921186E+02
   749    2.603452817528648E+02    1.349279232895134E+02
   750    2.676013893735375E+02   -1.245615168388847E+02
   751    2.372087429441068E+02   -1.153441265332048E+02
   752    2.473122808777012E+02    1.253658908995844E+02
   753    2.568168718032522E+02   -1.161446948032443E+02
   754    2.446898731986723E+02    1.175966759830310E+02
   755    2.478498699742364E+02   -1.269514717078852E+02
   756    2.764077343411099E+02    1.315674878563530E+02
   757    2.538149564740342E+02    1.214227720857911E+02
   758    2.509545101318907E+02   -1.274377187281241E+02
   759    2.434662585442003E+02    1.211605452702743E+02
   760    2.492243211948992E+02   -1.289156907931643E+02
   761    2.773059932344727E+02    1.347182181320092E+02
   762    2.664020729977079E+02    1.317664782988688E+02
   763    2.564743256827767E+02   -1.233776978389013E+02
   764    2.495187906795140E+02   -1.189612075876400E+02
   765    2.461941756658956E+02   -1.229729794724870E+02
   766    2.557810639202919E+02    1.282771768680237E+02
   767    2.585407216520989E+02   -1.257310560236227E+02
   768    2.579232648108133E+02   -1.289881682013501E+02
   769    2.688469047097391E+02   -1.257323107123843E+02
   770    2.605350754903866E+02    1.246815530168155E+02
   771    2.641180957021225E+02   -1.352188425389515E+02
   772    2.957544661700500E+02   -1.428095314772322E+02
   773    2.753744513696658E+02   -1.361478421551292E+02
   774    2.762013160738662E+02   -1.383453054794311E+02
   775    2.631031714249794E+02    1.319115075220357E+02
   776    2.713264022219690E+02   -1.377454360042343E+02
   777    2.569748407441625E+02   -1.226382877072698E+02
   778    2.476781331021548E+02    1.328617605810194E+02
   779    2.800673305674658E+02    1.361863524813833E+02
   780    2.595099542939127E+02   -1.302086213373620E+02
   781    2.810071986946739E+02    1.384593588910480E+02
   782    2.678532915817672E+02    1.315370098513433E+02
   783    2.731737960385859E+02    1.460921272464479E+02
   784    2.887745275343949E+02   -1.390593504477438E+02
   785    2.756396207975214E+02   -1.311277713995867E+02
   786    2.632893056795544E+02   -1.261157710336048E+02
   787    2.658273312031003E+02    1.400193631983931E+02
   788    2.810101897491106E+02    1.460971490555908E+02
   789    2.907527318195627E+02   -1.388796890777134E+02
   790    2.717821454593577E+02   -1.364708514157486E+02
   791    2.853419834450244E+02    1.476471384191691E+02
   792    2.702406415291953E+02    1.337547996542648E+02
   793    2.789833087117204E+02    1.429240320178513E+02
   794    2.784739741438086E+02    1.383571446636351E+02
   795    2.852737042462489E+02   -1.415779134339271E+02
   796    2.872686996829120E+02   -1.433518014362724E+02
   797    2.855124533393350E+02   -1.392518701086867E+02
   798    2.880555587621758E+02    1.463296950858406E+02
   799    2.825953046434790E+02    1.387762844935813E+02
   800    2.732373037231756E+02    1.355092615533781E+02
   801    2.633026314762942E+02    1.458509512186094E+02
   802    3.088780939178154E+02   -1.478360929716643E+02
   803    2.567201292963001E+02   -1.202690359741280E+02
   804    2.605486544836304E+02   -1.398993016309173E+02
   805    2.959639235704419E+02   -1.413621854474242E+02
   806    2.883568295743297E+02   -1.486428493463955E+02
   807    2.986518776225856E+02   -1.489314975753952E+02
   808    2.719807555469039E+02    1.348420156705488E+02
   809    2.803577968612748E+02    1.525353372315839E+02
   810    3.233412348930496E+02    1.552061575709802E+02
   811    2.971395794314014E+02   -1.361016326547839E+02
   812    2.890208930340565E+02    1.518683462540934E+02
   813    2.929668087675871E+02    1.386472585804447E+02
   814    2.819560615204899E+02    1.507790880870015E+02
   815    2.945981614915529E+02    1.447896590080173E+02
   816    3.044490058343483E+02   -1.546873621672154E+02
   817    3.087137134967174E+02    1.455598925598260E+02
   818    2.897112981549334E+02   -1.478543630657030E+02
   819    3.193797296246973E+02    1.478185401811064E+02
   820    2.995221436020726E+02   -1.488275625821963E+02
   821    2.968017442000518E+02    1.452013103521805E+02
   822    2.827837574099932E+02    1.502578500496856E+02
   823    3.115034102201127E+02    1.423077473261005E+02
   824    2.762491061535694E+02    1.463837543189541E+02
   825    3.095091951639000E+02   -1.520202619578347E+02
   826    3.007410719684541E+02    1.471021322368487E+02
   827    2.986119156810037E+02    1.445910105258026E+02
   828    3.107089239096233E+02    1.541921982690805E+02
   829    2.853853298282108E+02    1.354177694961293E+02
   830    2.975167941781575E+02    1.444144283671355E+02
   831    2.947529952595228E+02    1.457185457001179E+02
   832    2.858347389104340E+02    1.458801365714790E+02
   833    2.893345355533996E+02    1.471738258802640E+02
   834    3.236901129765272E+02   -1.634272892286143E+02
   835    3.005622940634977E+02    1.424827774363654E+02
   836    2.778819505894868E+02   -1.415426960198598E+02
   837    2.835343250099145E+02   -1.452591800664602E+02
   838    2.874019921173690E+02    1.436096808642059E+02
   839    3.070001422256563E+02   -1.514097393081726E+02
   840    2.869545236341111E+02    1.494015702242316E+02
   841    3.323466910560260E+02   -1.702909919350324E+02
   842    3.299439249099488E+02    1.525356384965602E+02
   843    2.960398620906453E+02    1.472433787726171E+02
   844    3.131017684649903E+02   -1.564030453425063E+02
   845    3.047556207241912E+02   -1.578779315116049E+02
   846    3.217054493392220E+02   -1.536673659620259E+02
   847    3.166616472431286E+02   -1.577672843634936E+02
   848    3.238216628362001E+02    1.546847622410573E+02
   849    3.029539204665865E+02    1.519346642105940E+02
   850    3.037401796205505E+02   -1.469910532839205E+02
   851    3.073733147163060E+02    1.572654526510540E+02
   852    3.081956087850123E+02   -1.568103358029256E+02
   853    3.111636686165818E+02    1.630002508867608E+02
   854    3.347646876702375E+02   -1.696570508061599E+02
   855    3.083107371194257E+02    1.435652006727878E+02
   856    3.149551843305380E+02   -1.605808713395531E+02
   857    3.319935282279125E+02    1.651796834215691E+02
   858    3.030032757856708E+02   -1.524658351802402E+02
   859    3.318191530325221E+02    1.517348021967667E+02
   860    3.086874512268628E+02    1.550553495368996E+02
   861    3.101673614732420E+02   -1.621229027466411E+02
   862    3.177329125098091E+02   -1.553776528413624E+02
   863    3.438767889929239E+02    1.518576418732324E+02
   864    3.024894973448169E+02    1.541064225445629E+02
   865    3.024459150211632E+02   -1.529669700511221E+02
   866    3.226401336101524E+02   -1.720595600720371E+02
   867    3.195959875251063E+02    1.580502851040305E+02
   868    3.119933029786887E+02    1.616504301446923E+02
   869    3.438380755481062E+02   -1.598945246400167E+02
   870    3.240303728708852E+02    1.613051755028628E+02
   871    3.231429263291579E+02   -1.644977512412785E+02
   872    3.473011542619673E+02    1.695176951146490E+02
   873    3.306230121649600E+02    1.704518320780718E+02
   874    3.274270421498202E+02    1.605550678262790E+02
   875    3.201740595790420E+02    1.606678631241619E+02
   876    3.186962092906822E+02   -1.620457937175721E+02
   877    3.205345865985948E+02   -1.597938937946157E+02
   878    3.161858329439895E+02   -1.565675500022413E+02
   879    3.344655710439542E+02   -1.566780738831326E+02
   880    3.134930145079053E+02   -1.703437562345045E+02
   881    3.131790041338846E+02    1.503280352547685E+02
   882    3.079449871436888E+02   -1.537567691779379E+02
   883    3.300625543271126E+02    1.666459880636880E+02
   884    3.256082522862665E+02    1.678377202668389E+02
   885    3.415124826475175E+02    1.675230763361870E+02
   886    3.268509745279017E+02    1.628669028570016E+02
   887    3.375924977362280E+02   -1.656175005676457E+02
   888    3.179576410674821E+02   -1.736788926822263E+02
   889    3.516669319505951E+02   -1.615163760912523E+02
   890    3.254309420822349E+02   -1.641799439131669E+02
   891    3.267734285365148E+02    1.702343895452393E+02
   892    3.484400080908169E+02    1.727553474270490E+02
   893    3.276029072411235E+02    1.684610184181202E+02
   894    3.426755315159530E+02   -1.578384778533252E+02
   895    3.302344805598557E+02   -1.648279973278592E+02
   896    3.379083638392337E+02    1.700747153286075E+02
   897    3.150062304816814E+02   -1.595596333596228E+02
   898    3.277701731528006E+02    1.676528451116442E+02
   899    3.314461306980821E+02    1.555923134075264E+02
   900    3.225031805395853E+02    1.701361736845633E+02
   901    3.314232100734382E+02    1.646012693138844E+02
   902    3.347540558105783E+02    1.621981530934480E+02
   903    3.181955098640682E+02    1.668143406072692E+02
   904    3.436062454854780E+02    1.742680381851728E+02
   905    3.271446482289368E+02   -1.592189272447297E+02
   906    3.255362849335305E+02   -1.633718303833028E+02
   907    3.599930458969903E+02    1.687387358605658E+02
   908    3.375412135011771E+02   -1.783983192335742E+02
   909    3.255918383257145E+02   -1.678874454758567E+02
   910    3.229943132688035E+02   -1.720697151262113E+02
   911    3.629491592365234E+02   -1.747751630811345E+02
   912    3.560241385801316E+02    1.666294213332718E+02
   913    3.481678907349789E+02   -1.726954214322602E+02
   914    3.252194679706461E+02   -1.617062584751313E+02
   915    3.227873165426656E+02    1.640395621727441E+02
   916    3.463912292621776E+02   -1.659798271453236E+02
   917    3.248816622627944E+02    1.617361863969493E+02
   918    3.323828020644198E+02   -1.698342882856890E+02
   919    3.503352127184222E+02    1.747157223215573E+02
   920    3.225128790186615E+02   -1.643776251953113E+02
   921    3.333844590713857E+02    1.663854069652862E+02
   922    3.525982323387472E+02    1.786079620653463E+02
   923    3.537331590724119E+02    1.696777744731232E+02
   924    3.487073862112245E+02    1.654878838582749E+02
   925    3.223715726574849E+02    1.707217055239722E+02
   926    3.347830171133632E+02    1.617067374072814E+02
   927    3.490141239014322E+02    1.696447661635758E+02
   928    3.288210392712372E+02    1.735403978810959E+02
   929    3.459368493706481E+02    1.665231274610377E+02
   930    3.467977411158299E+02    1.761095554983531E+02
   931    3.367398096299548E+02    1.729567113052414E+02
   932    3.525218742581217E+02    1.715036348703303E+02
   933    3.396148662876757E+02    1.777887518644639E+02
   934    3.449813402898255E+02    1.685881207381687E+02
   935    3.558308513718699E+02    1.731027124100693E+02
   936    3.367385312832706E+02    1.771215966570044E+02
   937    3.479047234820023E+02    1.687581543107200E+02
   938    3.516072672705629E+02    1.743234154335968E+02
   939    3.378306698349530E+02   -1.750717300329445E+02
   940    3.450048490243730E+02   -1.697213244372508E+02
   941    3.410031462887398E+02   -1.744489900566186E+02
   942    3.491659336052856E+02   -1.710630408771028E+02
   943    3.487672516891548E+02   -1.758585378536851E+02
   944    3.394981637533802E+02   -1.745820680104901E+02
   945    3.514650942657519E+02   -1.698434843968544E+02
   946    3.494701038032983E+02   -1.743296238128708E+02
   947    3.424497259695864E+02    1.743158177136522E+02
   948    3.446202117191734E+02    1.736022018195559E+02
   949    3.461152321045514E+02    1.706749997546404E+02
   950    3.510232701584562E+02    1.717634229587000E+02
   951    3.386627824552940E+02    1.763822904011042E+02
   952    3.419859438387725E+02    1.683105999231398E+02
   953    3.507876588327675E+02    1.710951164097201E+02
   954    3.325854550998731E+02    1.737902790800027E+02
   955    3.405363855158483E+02    1.646073349080053E+02
   956    3.389734572582132E+02    1.667615593205753E+02
   957    3.254477265556636E+02    1.574925418199891E+02
   958    3.130297046071867E+02   -1.522873703733509E+02
   959    2.362687710049564E+02    7.128131966742073E+01
   960    6.609472500000000E+01    0.000000000000000E+00
