   957
     1    6.910655935051574E+05   -1.722515042618936E+04
     2    1.024146553852260E+06    1.186762660586921E+05
     3    5.263746506712786E+05    3.243536462417442E+05
     4    8.670922659232590E+05   -2.351541553018803E+05
     5    6.817034881163286E+05    3.681105138528287E+05
     6    6.158963464777508E+05    2.633233878574082E+05
     7    7.055923031810730E+05    3.378100907469650E+05
     8    6.436353953370934E+05   -2.795739444110788E+05
     9    6.320897359176950E+05    3.620150844434503E+05
    10    6.045563363554132E+05    2.473089316554539E+05
    11    5.819941985626998E+05   -3.332680500876341E+05
    12    7.656074532628860E+05    3.567166433445421E+05
    13    6.009432157005904E+05    2.670240329576131E+05
    14    6.073128770491123E+05    2.770576057298425E+05
    15    7.398800519555861E+05    3.130362141286982E+05
    16    7.526905017137906E+05   -2.798109925409950E+05
    17    5.758700613944380E+05   -3.901353596805382E+05
    18    5.637769541306682E+05    2.815704065834483E+05
    19    5.793865310702142E+05    2.645780504865439E+05
    20    7.170151208846433E+05    3.380477329388586E+05
    21    6.072772084722576E+05   -2.942104277645391E+05
    22    7.586636395415722E+05    3.425050519531724E+05
    23    5.748046408980951E+05   -2.962733196367062E+05
    24    6.052649294401524E+05   -2.959643044451986E+05
    25    7.500501568668839E+05   -3.226758833119698E+05
    26    6.287801903903179E+05    3.388622077434471E+05
    27    6.134387290883447E+05    3.307984789386007E+05
    28    6.162724737157031E+05    3.192630891368530E+05
    29    6.625183433100294E+05   -3.088726027122325E+05
    30    6.455346266774070E+05    3.385621708385060E+05
    31    5.868586555716665E+05    3.009470326241814E+05
    32    7.220087437271032E+05    3.152426065754997E+05
    33    5.974545296945341E+05   -2.740584200931850E+05
    34    6.336132951378745E+05   -3.141096612064803E+05
    35    6.077349520585416E+05    3.138014167279843E+05
    36    6.255163647448561E+05   -3.493258517371369E+05
    37    7.356354999064972E+05    2.986566530908843E+05
    38    5.413007997320900E+05   -3.070078627387991E+05
    39    6.682326561216357E+05    3.399114594398784E+05
    40    6.712406117557065E+05   -2.933421611017376E+05
    41    7.037528859760312E+05    3.045540840621643E+05
    42    5.985076825315917E+05   -3.318334907598782E+05
    43    6.636674426501723E+05   -2.880707867442410E+05
    44    6.242300030287486E+05    3.324614706926785E+05
    45    5.923302211861337E+05    3.159462293181340E+05
    46    7.059431673945532E+05    2.953636952406066E+05
    47    6.093668629643954E+05   -3.515874976267401E+05
    48    6.417765538047706E+05    3.320534088784632E+05
    49    7.140740585703113E+05   -2.641752180451406E+05
    50    6.099364683293909E+05   -3.450930254399891E+05
    51    6.163592487110792E+05    3.099181394222048E+05
    52    7.024527880906240E+05    3.388277050411275E+05
    53    6.009259668816974E+05    2.904403272454498E+05
    54    6.236030460605889E+05    3.130343495963712E+05
    55    7.356326132953529E+05   -3.447706228404852E+05
    56    4.989474659474681E+05    2.893957771256703E+05
    57    6.213557881858990E+05    3.372589191628485E+05
    58    7.149841174459464E+05   -2.980048353406516E+05
    59    6.355322952469038E+05    3.082990391302493E+05
    60    5.920108602447765E+05   -3.069116408092759E+05
    61    6.771203527094601E+05   -3.438830561650962E+05
    62    6.806842069482170E+05    3.259402288816925E+05
    63    5.767737468401968E+05   -2.731906201403827E+05
    64    6.559895369340049E+05   -3.433788779721571E+05
    65    7.108557048533236E+05    3.135190257393880E+05
    66    6.072645914011239E+05   -3.188734586409148E+05
    67    6.259264075220843E+05    3.124523235380418E+05
    68    6.412365304772243E+05   -3.681716581470342E+05
    69    6.182785050631340E+05   -2.953803986440217E+05
    70    6.221108432610548E+05   -3.013453897853352E+05
    71    6.626885691610852E+05    3.174230546321594E+05
    72    6.571634198781415E+05    3.306489060764604E+05
    73    6.838914047009253E+05    3.210641528327169E+05
    74    5.401359174238443E+05   -3.204090900615805E+05
    75    7.086506747191965E+05   -3.106020669549363E+05
    76    6.302281963508140E+05    3.198269582651081E+05
    77    6.344018668831782E+05    3.201303941386378E+05
    78    6.200819516652101E+05   -2.970875000330522E+05
    79    6.195386085050498E+05   -3.127573013269381E+05
    80    6.677631147665310E+05   -3.146380025070460E+05
    81    6.813033630820565E+05   -3.222890189149689E+05
    82    6.189497541579603E+05   -3.398421776772861E+05
    83    6.863164423969261E+05    3.026778639147062E+05
    84    5.906643332116812E+05   -3.446818744771930E+05
    85    6.192908045447818E+05    2.926223969813405E+05
    86    6.345110624502827E+05   -3.383073922025312E+05
    87    6.905557737971193E+05   -3.052931900896817E+05
    88    6.112609246212062E+05   -3.341868760129884E+05
    89    6.242011547510625E+05    3.141692099008162E+05
    90    6.516910814468899E+05    3.143050547528790E+05
    91    6.731076859802705E+05    3.050947119739186E+05
    92    5.500583302068759E+05    3.143698918592701E+05
    93    6.941295804285231E+05    3.226253445875620E+05
    94    6.559244304312834E+05   -3.163058566093656E+05
    95    5.958624007902144E+05    3.342750645392583E+05
    96    6.565154673389738E+05    3.089641122265980E+05
    97    6.420985529281243E+05   -3.366121679733312E+05
    98    6.473611769314522E+05    2.843670479044024E+05
    99    6.292701600168609E+05    3.151211816871269E+05
   100    6.172603530622926E+05    3.225290347996140E+05
   101    6.671942415675453E+05   -3.186772809894846E+05
   102    6.387834573361387E+05   -3.236479645071409E+05
   103    6.575524692822957E+05   -3.089178562953420E+05
   104    6.368237302739669E+05    3.368017976675694E+05
   105    6.230334042414952E+05   -3.195971402991831E+05
   106    6.271783838736918E+05    3.176430402087827E+05
   107    6.095458684904884E+05    3.071031702773359E+05
   108    7.067943811263840E+05    3.339624803536426E+05
   109    6.228821333586349E+05   -3.120267089611465E+05
   110    6.564669079023935E+05    3.166512791163535E+05
   111    6.172189868310919E+05    3.198979937278032E+05
   112    6.386525766098014E+05   -3.491315549061566E+05
   113    6.332206344577332E+05   -2.624376705370595E+05
   114    6.454277956362772E+05    3.436549587411220E+05
   115    6.219391383207426E+05   -3.347141384692217E+05
   116    6.690879730457829E+05   -3.052955653096899E+05
   117    6.307893170269417E+05   -3.233172356800773E+05
   118    6.096005970620536E+05    3.260521065913364E+05
   119    6.975603726830919E+05   -3.100614575266449E+05
   120    5.684896214758952E+05   -3.110322158471893E+05
   121    6.799545695147500E+05    3.276336223058649E+05
   122    6.513309624586070E+05   -3.212550880625059E+05
   123    6.225852953836556E+05   -3.157870443004149E+05
   124    6.371009714104640E+05    3.381948822914451E+05
   125    6.362528560286274E+05   -3.013921938828719E+05
   126    6.327218932070544E+05    3.137688485285880E+05
   127    6.564291822460968E+05   -3.349629838554778E+05
   128    6.258058356544296E+05    3.218043862922210E+05
   129    6.475531865694970E+05    3.071771196090293E+05
   130    6.654064767817671E+05   -3.312691725537186E+05
   131    6.389417296959907E+05   -2.870220352356414E+05
   132    6.697698773972719E+05   -3.334861357587909E+05
   133    6.106729313758089E+05   -3.160069585898045E+05
   134    6.223770661548994E+05    3.287746341613057E+05
   135    6.637230846404328E+05    3.013532108938102E+05
   136    6.423861563637500E+05    3.309548140670657E+05
   137    6.369595206531677E+05   -3.301806329071579E+05
   138    6.331873145387818E+05    3.182930827230591E+05
   139    6.366512675091984E+05    3.126623497039404E+05
   140    6.264338108770597E+05    3.359643229580351E+05
   141    6.419207160740949E+05    3.095658926403961E+05
   142    6.493773075779921E+05   -3.172723572961457E+05
   143    6.406966439437468E+05    3.273723177900678E+05
   144    6.396109111106656E+05   -3.118128938137884E+05
   145    6.534181991851341E+05    3.253355392340422E+05
   146    6.253424857921150E+05    3.159839515975387E+05
   147    6.477190459991315E+05    3.212679196540834E+05
   148    6.550474812311189E+05   -3.101452258741415E+05
   149    6.351119936975882E+05   -3.218554143165542E+05
   150    6.291670288223110E+05   -3.369319896034704E+05
   151    6.293459662481956E+05   -3.073700572250761E+05
   152    6.695717684673667E+05    3.129159643810101E+05
   153    6.292565565026117E+05   -3.305124324448042E+05
   154    6.550098134197267E+05   -3.045923202820973E+05
   155    6.356171447749225E+05   -3.227522434752632E+05
   156    6.464188734778716E+05   -3.352992420287012E+05
   157    6.115851116146753E+05    3.143843293901113E+05
   158    6.635601075821351E+05    3.174049121988202E+05
   159    6.280003977814056E+05   -3.241237905700722E+05
   160    6.391604490623154E+05   -3.116632686794758E+05
   161    6.348986467453059E+05    3.204016621105489E+05
   162    6.437025405473048E+05   -3.358502037704678E+05
   163    6.229329763489885E+05   -3.014234655861228E+05
   164    6.628431752211002E+05    3.239585101431546E+05
   165    6.411830705330457E+05   -3.155248948897523E+05
   166    6.193394520921885E+05    3.316234494970052E+05
   167    6.653653951131570E+05    3.159782562100644E+05
   168    6.410745946104452E+05    3.125783644905259E+05
   169    6.198197434451760E+05   -3.280267891278788E+05
   170    6.534610308342976E+05    3.137552200499832E+05
   171    6.366763960237885E+05   -3.162097023649742E+05
   172    6.317675069980456E+05   -3.244690865917830E+05
   173    6.393693797983937E+05   -3.190188214451823E+05
   174    6.527709453245316E+05   -3.179021210137702E+05
   175    6.427382643571547E+05   -3.198478377017161E+05
   176    6.444038746377055E+05   -3.265259621046779E+05
   177    6.282340317420374E+05   -3.182772359092872E+05
   178    6.398659917373430E+05   -3.167470267472443E+05
   179    6.304427738633369E+05    3.317020412614645E+05
   180    6.542069735306989E+05   -3.044877919482621E+05
   181    6.334725242483963E+05    3.230870166163746E+05
   182    6.449073344430332E+05   -3.250508902180833E+05
   183    6.429759571094137E+05   -3.232134663305048E+05
   184    6.390328008031171E+05   -3.089711281374441E+05
   185    6.372283295009020E+05   -3.261073713410823E+05
   186    6.463759556237283E+05    3.200131133585150E+05
   187    6.600173257840279E+05   -3.240041792120970E+05
   188    6.192760237626208E+05   -3.157370309418371E+05
   189    6.317167265159134E+05   -3.095529831869575E+05
   190    6.565313243895802E+05   -3.359113489537222E+05
   191    6.188378742919232E+05    3.147906946035864E+05
   192    6.345685359668660E+05   -3.254874803865972E+05
   193    6.441505015374345E+05   -3.094249321825007E+05
   194    6.494209609236442E+05   -3.216142141637928E+05
   195    6.225140945650088E+05    3.134497527981218E+05
   196    6.598218171240145E+05   -3.244072327965847E+05
   197    6.214243980480685E+05   -3.221932655386342E+05
   198    6.395520191207789E+05   -3.266095764025018E+05
   199    6.596558608242424E+05   -3.122993927891194E+05
   200    6.290664796179149E+05    3.164999242074168E+05
   201    6.593561787517684E+05   -3.192990388219726E+05
   202    6.322430040682331E+05    3.235640439316252E+05
   203    6.643339909800468E+05    3.103871615196261E+05
   204    6.123336555310511E+05    3.306897196245720E+05
   205    6.476872123978446E+05   -3.294405402183586E+05
   206    6.286377721968171E+05   -2.990680524966030E+05
   207    6.525338896064529E+05   -3.278112585771123E+05
   208    6.397587289593879E+05   -3.231350048731153E+05
   209    6.320038491007744E+05    3.302375527713172E+05
   210    6.276361524967533E+05   -2.994092118952285E+05
   211    6.618079357681607E+05   -3.297204011751967E+05
   212    6.574372088485655E+05   -3.131657894000894E+05
   213    6.029858518561872E+05    3.204248373469508E+05
   214    6.274563083321500E+05   -3.255738054993863E+05
   215    6.704568561458973E+05    3.149086977083454E+05
   216    6.284169688382951E+05   -3.212648947413190E+05
   217    6.385041890499357E+05    3.227982366781295E+05
   218    6.640917753619279E+05   -3.167630459723968E+05
   219    5.918788025383970E+05    3.131808160423777E+05
   220    6.743668131096531E+05    3.254647991237454E+05
   221    6.248050720379030E+05   -3.200431789222967E+05
   222    6.626633590794229E+05    3.161399513955927E+05
   223    6.327482569341927E+05    3.256848021985557E+05
   224    6.526453511463249E+05    3.215146364836686E+05
   225    5.843837219263308E+05    3.089748561565878E+05
   226    6.764594084712524E+05    3.165054545755701E+05
   227    6.202043372246894E+05   -3.177136387250240E+05
   228    6.660890124382126E+05   -3.182435572623429E+05
   229    6.345659535322087E+05   -3.263226413744945E+05
   230    6.380940241850907E+05   -3.171965278789195E+05
   231    6.534021637164914E+05   -3.199290260900955E+05
   232    6.147443045805632E+05    3.260505325539596E+05
   233    6.239168379164097E+05   -3.121256158299543E+05
   234    6.779556490013554E+05   -3.149114438617317E+05
   235    6.353353258581553E+05   -3.309758257850334E+05
   236    6.330786144554788E+05   -3.081405600705853E+05
   237    6.590665050180879E+05   -3.313185271588328E+05
   238    6.397939848390380E+05   -3.281555956025155E+05
   239    6.170382006395117E+05    3.078983131509064E+05
   240    6.379015206120894E+05   -3.117348863860199E+05
   241    6.454097995737056E+05    3.319764852650090E+05
   242    6.304956414241358E+05   -3.236124913983676E+05
   243    6.455378397237572E+05   -3.026166396993524E+05
   244    6.397668447799969E+05   -3.333721474632409E+05
   245    6.432682856930553E+05    3.172954588695765E+05
   246    6.524208763779921E+05    3.169322622653040E+05
   247    6.481749912794373E+05    3.285974741061849E+05
   248    6.071056250672939E+05   -2.992108081283472E+05
   249    6.662663339898216E+05    3.469494006932697E+05
   250    6.197069971327230E+05   -3.086407019772126E+05
   251    6.476311051296595E+05    3.124588141009114E+05
   252    6.324224864164365E+05    3.252985320974563E+05
   253    6.622533281397157E+05    3.206476245090098E+05
   254    6.215782733833415E+05   -3.110507606136779E+05
   255    6.261837962143284E+05   -3.361814680391838E+05
   256    6.649060528594874E+05    3.068841951998432E+05
   257    6.361485046576557E+05    3.283562110595174E+05
   258    6.683150103438981E+05   -3.173314460525727E+05
   259    6.115892050540510E+05    3.211935829182998E+05
   260    6.225483418924743E+05   -3.200289655295113E+05
   261    6.360223839395478E+05   -3.103698628055940E+05
   262    6.645309179453270E+05   -3.313090753787584E+05
   263    6.315443646418101E+05   -3.186067108582483E+05
   264    6.343974744709609E+05   -3.014116833558506E+05
   265    6.443409274995740E+05   -3.247468709094964E+05
   266    6.518382743625069E+05    3.241798093021994E+05
   267    6.487682931354244E+05   -3.262038354896905E+05
   268    6.442192893339790E+05    3.060104819652141E+05
   269    6.386592812255807E+05    3.254244634313459E+05
   270    6.253231743883865E+05   -3.303353483877684E+05
   271    6.012627328468118E+05    2.965306152902126E+05
   272    6.364777176931984E+05    3.390365979463257E+05
   273    6.806335536319455E+05    3.077341683025881E+05
   274    6.088772569082773E+05   -3.059911336775167E+05
   275    6.633685708393239E+05   -3.500938106385430E+05
   276    6.191998865559922E+05   -3.117437927840277E+05
   277    6.661950756231309E+05   -3.176422772317293E+05
   278    6.276156623333121E+05    3.206968492611782E+05
   279    6.570338445009871E+05   -3.182228819393265E+05
   280    6.405846606790207E+05    3.235171514117452E+05
   281    6.220756786608783E+05   -3.085681778139549E+05
   282    6.403133522979516E+05    3.344890200173644E+05
   283    6.608096458659722E+05    3.216224778675221E+05
   284    6.114382072461520E+05   -3.037503899944396E+05
   285    6.450195906296560E+05    3.289200317076186E+05
   286    6.629975754016202E+05    3.070838665663926E+05
   287    6.782982752656774E+05    3.267354245345178E+05
   288    6.061096892162708E+05   -3.068274377242923E+05
   289    6.112585030457536E+05    3.205788107219430E+05
   290    6.613625532025818E+05   -3.118494513200994E+05
   291    6.386462040592824E+05   -3.265492869230644E+05
   292    6.240582044750692E+05   -3.421263309966584E+05
   293    6.531148203695583E+05    2.733283107064848E+05
   294    7.175377658615480E+05    3.264068203079378E+05
   295    5.775389170328875E+05   -3.242975856687027E+05
   296    6.502940075610648E+05    3.310678829162326E+05
   297    6.208070473094432E+05    3.237618035915746E+05
   298    6.724175604480364E+05    3.147722141597102E+05
   299    6.081189456294565E+05    3.265765086172054E+05
   300    6.640550863231240E+05    3.057897834605096E+05
   301    5.793636577500731E+05    3.287159863743237E+05
   302    7.225943412710634E+05    3.217493368614509E+05
   303    5.798000041537858E+05   -3.031905899652557E+05
   304    6.651315700626306E+05   -3.418854646868822E+05
   305    6.419305247246854E+05   -3.046701158995283E+05
   306    6.338836476610507E+05   -3.240163896992762E+05
   307    6.399899958012311E+05    3.052026305448129E+05
   308    6.056934863087634E+05   -3.335233005742988E+05
   309    6.798428162794354E+05    2.982536981372585E+05
   310    6.677031781468160E+05    3.090502180888922E+05
   311    6.449595912960984E+05   -3.586764640810193E+05
   312    5.923469262079941E+05    3.047046128670421E+05
   313    6.856017519715809E+05    3.252907473698975E+05
   314    6.318330039119212E+05    3.213307923032059E+05
   315    6.513354066374972E+05   -3.224761314396469E+05
   316    5.954085230806192E+05    2.909085025507978E+05
   317    8.267300209212746E+05   -3.613968739636736E+05
   318    2.933763179203247E+05    1.346899855087989E+04
   319    4.357386472110772E+03    7.668562777660832E-01
   320    1.041544260494060E+07    1.777925186925293E+06
   321    8.346999512815737E+06   -2.511738272123626E+06
   322    7.394579488452809E+06    2.826914898218466E+06
   323    6.975635686106712E+06    2.971744735346916E+06
   324    6.769652205704108E+06   -3.047500364464960E+06
   325    6.655403490165494E+06    3.091645176828978E+06
   326    6.585865150538702E+06    3.119525920651523E+06
   327    6.540495764291171E+06   -3.138235414307615E+06
   328    6.509280341641352E+06    3.151394701488122E+06
   329    6.486886491581698E+06    3.161003776115478E+06
   330    6.470269195390414E+06   -3.168238912990685E+06
   331    6.457588730842590E+06    3.173828133328423E+06
   332    6.447681019861335E+06    3.178241397078417E+06
   333    6.439780655516070E+06   -3.181792943317033E+06
   334    6.433367859354232E+06    3.184699216668821E+06
   335    6.428079891593167E+06    3.187113093741246E+06
   336    6.423657693402537E+06   -3.189144865954582E+06
   337    6.419912626546908E+06    3.190875523626193E+06
   338    6.416705106482866E+06    3.192365407275133E+06
   339    6.413930502911432E+06   -3.193659988801890E+06
   340    6.411509604372866E+06    3.194793826706832E+06
   341    6.409382018435160E+06    3.195793335097086E+06
   342    6.407501499125447E+06   -3.196678766518370E+06
   343    6.405832561366981E+06    3.197465665989677E+06
   344    6.404347968254196E+06    3.198165963132277E+06
   345    6.403026819712258E+06   -3.198788814122490E+06
   346    6.401853061085915E+06    3.199341265750180E+06
   347    6.400814293263686E+06    3.199828790986168E+06
   348    6.399900805074239E+06   -3.200255727252631E+06
   349    6.399104778120561E+06    3.200625637155448E+06
   350    6.398419632828530E+06    3.200941603910516E+06
   351    6.397839497530046E+06   -3.201206468547629E+06
   352    6.397358788603248E+06    3.201423012920765E+06
   353    6.396971895835242E+06    3.201594092343144E+06
   354    6.396672965957144E+06   -3.201722720474824E+06
   355    6.396455776975561E+06    3.201812111010289E+06
   356    6.396313694380201E+06    3.201865681564356E+06
   357    6.396239696157956E+06   -3.201887026324230E+06
   358    6.396226453373777E+06    3.201879865056169E+06
   359    6.396266449550461E+06    3.201847976459106E+06
   360    6.396352123784012E+06   -3.201795123680993E+06
   361    6.396476022224316E+06    3.201724979030748E+06
   362    6.396630944686245E+06    3.201641053868013E+06
   363    6.396810076360212E+06   -3.201546638032503E+06
   364    6.397007096832614E+06    3.201444751705006E+06
   365    6.397216262775924E+06    3.201338111309836E+06
   366    6.397432461978252E+06   -3.201229109252507E+06
   367    6.397651240476876E+06    3.201119806837522E+06
   368    6.397868804820460E+06    3.201011938580479E+06
   369    6.398082003439913E+06   -3.200906925953912E+06
   370    6.398288291556181E+06    3.200805898212426E+06
   371    6.398485683878527E+06    3.200709718300471E+06
   372    6.398672699455493E+06   -3.200619011667840E+06
   373    6.398848302357547E+06    3.200534196374624E+06
   374    6.399011841236700E+06    3.200455513088182E+06
   375    6.399162990350524E+06   -3.200383053878686E+06
   376    6.399301693707755E+06    3.200316789091857E+06
   377    6.399428113670851E+06    3.200256591800788E+06
   378    6.399542584713046E+06   -3.200202259559643E+06
   379    6.399645572653888E+06    3.200153533399095E+06
   380    6.399737639415126E+06    3.200110114099735E+06
   381    6.399819413094744E+06   -3.200071675908417E+06
   382    6.399891562979929E+06    3.200037877841522E+06
   383    6.399954779098677E+06    3.200008372906961E+06
   384    6.400009755752341E+06   -3.199982815409574E+06
   385    6.400057178574758E+06    3.199960866650439E+06
   386    6.400097714603596E+06    3.199942199210882E+06
   387    6.400132004902161E+06   -3.199926500096763E+06
   388    6.400160659316687E+06    3.199913472892906E+06
   389    6.400184252963742E+06    3.199902839159279E+06
   390    6.400203324139338E+06   -3.199894339145498E+06
   391    6.400218373396713E+06    3.199887732066452E+06
   392    6.400229863438389E+06    3.199882795926678E+06
   393    6.400238219751421E+06   -3.199879327098431E+06
   394    6.400243831688004E+06    3.199877139657227E+06
   395    6.400247054000545E+06    3.199876064571900E+06
   396    6.400248208536258E+06   -3.199875948783307E+06
   397    6.400247586148417E+06    3.199876654242552E+06
   398    6.400245448688449E+06    3.199878056900931E+06
   399    6.400242031015787E+06   -3.199880045693506E+06
   400    6.400237543021254E+06    3.199882521552342E+06
   401    6.400232171570567E+06   -3.199885396435782E+06
   402    6.400226082437746E+06    3.199888592386893E+06
   403    6.400219422104841E+06    3.199892040667254E+06
   404    6.400212319478657E+06    3.199895680908431E+06
   405    6.400204887510536E+06   -3.199899460330346E+06
   406    6.400197224730201E+06    3.199903333007057E+06
   407    6.400189416648412E+06    3.199907259198675E+06
   408    6.400181537050379E+06   -3.199911204706470E+06
   409    6.400173649211742E+06    3.199915140309888E+06
   410    6.400165807016619E+06    3.199919041218773E+06
   411    6.400158055975338E+06   -3.199922886609742E+06
   412    6.400150434099101E+06    3.199926659166300E+06
   413    6.400142972843400E+06    3.199930344677121E+06
   414    6.400135697777278E+06   -3.199933931680507E+06
   415    6.400128629345223E+06    3.199937411124908E+06
   416    6.400121783457056E+06    3.199940776073853E+06
   417    6.400115172093150E+06   -3.199944021431050E+06
   418    6.400108803768059E+06    3.199947143706029E+06
   419    6.400102684036837E+06   -3.199950140791408E+06
   420    6.400096815879340E+06    3.199953011768702E+06
   421    6.400091200074824E+06    3.199955756739235E+06
   422    6.400085835516129E+06    3.199958376661969E+06
   423    6.400080719533341E+06   -3.199960873224297E+06
   424    6.400075848119790E+06    3.199963248715276E+06
   425    6.400071216178777E+06    3.199965505914035E+06
   426    6.400066817723793E+06   -3.199967648009964E+06
   427    6.400062646044927E+06    3.199969678501578E+06
   428    6.400058693881310E+06    3.199971601136198E+06
   429    6.400054953543597E+06   -3.199973419838692E+06
   430    6.400051417041671E+06    3.199975138665240E+06
   431    6.400048076173364E+06    3.199976761746066E+06
   432    6.400044922628460E+06   -3.199978293252902E+06
   433    6.400041948057575E+06    3.199979737358693E+06
   434    6.400039144131748E+06    3.199981098209746E+06
   435    6.400036502604972E+06   -3.199982379900326E+06
   436    6.400034015357958E+06    3.199983586454790E+06
   437    6.400031674424128E+06    3.199984721805483E+06
   438    6.400029472036798E+06   -3.199985789786077E+06
   439    6.400027400639314E+06    3.199986794119174E+06
   440    6.400025452909335E+06    3.199987738397308E+06
   441    6.400023621789361E+06   -3.199988626091823E+06
   442    6.400021900463806E+06    3.199989460540570E+06
   443    6.400020282389803E+06    3.199990244948006E+06
   444    6.400018761298119E+06   -3.199990982380321E+06
   445    6.400017331191842E+06    3.199991675770869E+06
   446    6.400015986350250E+06   -3.199992327908857E+06
   447    6.400014721302456E+06    3.199992941463954E+06
   448    6.400013530864182E+06    3.199993518964472E+06
   449    6.400012410102405E+06    3.199994062810435E+06
   450    6.400011354337056E+06   -3.199994575283728E+06
   451    6.400010359133136E+06    3.199995058540009E+06
   452    6.400009420288546E+06    3.199995514623863E+06
   453    6.400008533837627E+06   -3.199995945459943E+06
   454    6.400007696034710E+06    3.199996352869282E+06
   455    6.400006903340572E+06    3.199996738569844E+06
   456    6.400006152423722E+06   -3.199997104179888E+06
   457    6.400005440143202E+06    3.199997451220560E+06
   458    6.400004763537099E+06    3.199997781130156E+06
   459    6.400004119831418E+06   -3.199998095254002E+06
   460    6.400003506408595E+06    3.199998394861377E+06
   461    6.400002920805271E+06    3.199998681144113E+06
   462    6.400002360714845E+06   -3.199998955222555E+06
   463    6.400001823968551E+06    3.199999218145741E+06
   464    6.400001308531019E+06    3.199999470899876E+06
   465    6.400000812491945E+06   -3.199999714409481E+06
   466    6.400000334054318E+06    3.199999949545571E+06
   467    6.399999871541006E+06    3.200000177121886E+06
   468    6.399999423367839E+06   -3.200000397905712E+06
   469    6.399998988047666E+06    3.200000612612390E+06
   470    6.399998564197110E+06    3.200000821921267E+06
   471    6.399998150528253E+06   -3.200001026516896E+06
   472    6.399997746373538E+06    3.200001228388417E+06
   473    6.399997363465405E+06    3.200001455428888E+06
   474    6.399997210637197E+06   -3.200002063849707E+06
   475    6.399999330754508E+06    3.200005363653265E+06
   476    6.400010432183051E+06    3.200011306387443E+06
   477    6.400001349596842E+06   -3.199987643325951E+06
   478    6.399958719836430E+06    3.200011127888685E+06
   479    6.399996922678486E+06   -3.199999356103800E+06
   480    6.400001127090402E+06    3.199999841849944E+06
   481    6.399999484481716E+06    3.200000654102109E+06
   482    6.399997939897550E+06   -3.200001386748471E+06
   483    6.399996549258326E+06    3.200002047029634E+06
   484    6.399995294476624E+06    3.200002643549634E+06
   485    6.399994159372588E+06   -3.200003183921620E+06
   486    6.399993129625488E+06    3.200003674879821E+06
   487    6.399992192567957E+06    3.200004122379543E+06
   488    6.399991336995048E+06   -3.200004531689692E+06
   489    6.399990552992869E+06    3.200004907473576E+06
   490    6.399989831790120E+06    3.200005253865820E+06
   491    6.399989165605691E+06   -3.200005574517863E+06
   492    6.399988547556804E+06    3.200005872675571E+06
   493    6.399987971540852E+06    3.200006151212764E+06
   494    6.399987432134264E+06   -3.200006412680241E+06
   495    6.399986924545613E+06    3.200006659337594E+06
   496    6.399986444493574E+06   -3.200006893202167E+06
   497    6.399985988195090E+06    3.200007116059782E+06
   498    6.399985552269598E+06    3.200007329502267E+06
   499    6.399985133715714E+06    3.200007534947483E+06
   500    6.399984729854104E+06   -3.200007733664834E+06
   501    6.399984338288999E+06    3.200007926782059E+06
   502    6.399983956874405E+06    3.200008115316644E+06
   503    6.399983583699292E+06   -3.200008300172833E+06
   504    6.399983217045865E+06    3.200008482166164E+06
   505    6.399982855352952E+06    3.200008662037440E+06
   506    6.399982497228136E+06   -3.200008840448172E+06
   507    6.399982141406973E+06    3.200009018004851E+06
   508    6.399981786732828E+06    3.200009195251505E+06
   509    6.399981432162674E+06   -3.200009372691866E+06
   510    6.399981076740179E+06    3.200009550784164E+06
   511    6.399980719580504E+06    3.200009729953848E+06
   512    6.399980359866812E+06   -3.200009910592550E+06
   513    6.399979996847526E+06    3.200010093063836E+06
   514    6.399979629807150E+06   -3.200010277713353E+06
   515    6.399979258088810E+06    3.200010464863083E+06
   516    6.399978881060551E+06    3.200010654815809E+06
   517    6.399978498131775E+06    3.200010847865725E+06
   518    6.399978108720824E+06   -3.200011044293311E+06
   519    6.399977712286119E+06    3.200011244369534E+06
   520    6.399977308283445E+06   -3.200011448358255E+06
   521    6.399976896199265E+06    3.200011656518891E+06
   522    6.399976475510065E+06    3.200011869106952E+06
   523    6.399976045716637E+06   -3.200012086377274E+06
   524    6.399975606310560E+06   -3.200012308578087E+06
   525    6.399975156782766E+06   -3.200012535966878E+06
   526    6.399974696627744E+06    3.200012768797481E+06
   527    6.399974225335700E+06   -3.200013007324429E+06
   528    6.399973742382864E+06    3.200013251815131E+06
   529    6.399973247238590E+06    3.200013502530918E+06
   530    6.399972739368185E+06   -3.200013759748259E+06
   531    6.399972218212908E+06    3.200014023762418E+06
   532    6.399971683223234E+06    3.200014294843965E+06
   533    6.399971133767835E+06   -3.200014573268276E+06
   534    6.399970569289329E+06    3.200014859407415E+06
   535    6.399969989121492E+06    3.200015153540904E+06
   536    6.399969392622256E+06   -3.200015455987548E+06
   537    6.399968779103981E+06    3.200015767111876E+06
   538    6.399968147916054E+06    3.200016087314147E+06
   539    6.399967498256059E+06   -3.200016416850708E+06
   540    6.399966829434385E+06    3.200016756232307E+06
   541    6.399966140558329E+06   -3.200017105812959E+06
   542    6.399965430853663E+06    3.200017466032453E+06
   543    6.399964699444395E+06    3.200017837330055E+06
   544    6.399963945429091E+06   -3.200018220193550E+06
   545    6.399963167805652E+06    3.200018615062443E+06
   546    6.399962365621999E+06    3.200019022506773E+06
   547    6.399961537786902E+06    3.200019443059803E+06
   548    6.399960683213804E+06   -3.200019877251673E+06
   549    6.399959800710307E+06    3.200020325687961E+06
   550    6.399958889061381E+06   -3.200020789029339E+06
   551    6.399957946982202E+06    3.200021267952521E+06
   552    6.399956973122361E+06    3.200021763075036E+06
   553    6.399955966077900E+06    3.200022275182045E+06
   554    6.399954924298308E+06   -3.200022805037418E+06
   555    6.399953846243951E+06    3.200023353482353E+06
   556    6.399952730196479E+06    3.200023921313179E+06
   557    6.399951574404429E+06   -3.200024509480823E+06
   558    6.399950377011409E+06    3.200025118943354E+06
   559    6.399949136022224E+06   -3.200025750700658E+06
   560    6.399947849404795E+06    3.200026405879809E+06
   561    6.399946514886892E+06    3.200027085530188E+06
   562    6.399945130195095E+06    3.200027790879069E+06
   563    6.399943692816373E+06   -3.200028523219492E+06
   564    6.399942200152982E+06    3.200029283887427E+06
   565    6.399940649434029E+06    3.200030074306041E+06
   566    6.399939037694478E+06    3.200030896002530E+06
   567    6.399937361859252E+06   -3.200031750554936E+06
   568    6.399935618576241E+06    3.200032639679983E+06
   569    6.399933804385945E+06    3.200033565256767E+06
   570    6.399931915506022E+06   -3.200034529088919E+06
   571    6.399929947980098E+06    3.200035533265915E+06
   572    6.399927897636078E+06   -3.200036580019257E+06
   573    6.399925759874244E+06    3.200037671606240E+06
   574    6.399923530038034E+06   -3.200038810522055E+06
   575    6.399921202935318E+06    3.200039999364722E+06
   576    6.399918773216594E+06    3.200041240969464E+06
   577    6.399916235043163E+06   -3.200042538294247E+06
   578    6.399913582330843E+06    3.200043894530266E+06
   579    6.399910808412620E+06    3.200045313075272E+06
   580    6.399907906330851E+06    3.200046797584315E+06
   581    6.399904868566445E+06   -3.200048351847103E+06
   582    6.399901687067773E+06    3.200049980118095E+06
   583    6.399898353323698E+06   -3.200051686723782E+06
   584    6.399894858115860E+06    3.200053476506699E+06
   585    6.399891191724299E+06    3.200055354481273E+06
   586    6.399887343629664E+06    3.200057326038924E+06
   587    6.399883302495901E+06   -3.200059397036876E+06
   588    6.399879056453289E+06    3.200061573734018E+06
   589    6.399874592483923E+06    3.200063862758745E+06
   590    6.399869896792414E+06    3.200066271262673E+06
   591    6.399864954499923E+06   -3.200068806976356E+06
   592    6.399859749787170E+06    3.200071478153620E+06
   593    6.399854265424588E+06    3.200074293605743E+06
   594    6.399848483198090E+06   -3.200077262891758E+06
   595    6.399842383301280E+06    3.200080396145359E+06
   596    6.399835944642203E+06    3.200083704404417E+06
   597    6.399829144318234E+06   -3.200087199488510E+06
   598    6.399821958003731E+06   -3.200090894039334E+06
   599    6.399814359280187E+06    3.200094801750191E+06
   600    6.399806319854297E+06    3.200098937252383E+06
   601    6.399797809294187E+06    3.200103316442700E+06
   602    6.399788794745371E+06   -3.200107956218280E+06
   603    6.399779240955954E+06    3.200112874945980E+06
   604    6.399769109933905E+06    3.200118092351807E+06
   605    6.399758360773033E+06    3.200123629619703E+06
   606    6.399746949435328E+06   -3.200129509623009E+06
   607    6.399734828518510E+06   -3.200135756935444E+06
   608    6.399721946936965E+06   -3.200142398064824E+06
   609    6.399708249687971E+06   -3.200149461545031E+06
   610    6.399693677603982E+06   -3.200156978073810E+06
   611    6.399678167018534E+06    3.200164980727537E+06
   612    6.399661649299778E+06    3.200173505024735E+06
   613    6.399644050725221E+06    3.200182589269986E+06
   614    6.399625291771555E+06    3.200192274609771E+06
   615    6.399605287246009E+06   -3.200202605287478E+06
   616    6.399583945309348E+06   -3.200213628860098E+06
   617    6.399561167421949E+06    3.200225396399011E+06
   618    6.399536847799591E+06    3.200237962641259E+06
   619    6.399510872991606E+06   -3.200251386453065E+06
   620    6.399483121158723E+06    3.200265730700283E+06
   621    6.399453462150342E+06    3.200281062854310E+06
   622    6.399421756538740E+06    3.200297454980341E+06
   623    6.399387855301878E+06    3.200314983919202E+06
   624    6.399351599579595E+06   -3.200333731841637E+06
   625    6.399312820019913E+06   -3.200353786015853E+06
   626    6.399271336548501E+06    3.200375239249212E+06
   627    6.399226957982263E+06    3.200398190029987E+06
   628    6.399179484431285E+06    3.200422755132524E+06
   629    6.399128958500418E+06    3.200450349832862E+06
   630    6.399101802740999E+06    3.200617531342694E+06
   631    6.401902835406831E+06   -3.215370256088742E+06
   632    6.705238813406873E+06   -4.514799543242059E+06
   633    2.299739226197723E+07   -1.715279274368687E+07
   634    2.380132677386886E+07    8.076051380266798E+06
   635    4.514506992346891E+07   -3.364418527938552E+07
   636    1.962167253164612E+09    1.196531648233311E+10
   637    7.678216069916258E+10    9.926218389908787E+08
   638    5.957037413533665E+09    1.487851131912963E+10
   639    7.864806544751134E+10   -3.944564472091439E+10
   640    7.863582949978340E+10    3.919809319067362E+10
   641    7.864936780475533E+10    3.944577149788470E+10
   642    7.863713300073386E+10    3.919666171774669E+10
   643    7.865065616405722E+10   -3.944592488380037E+10
   644    7.863838316366492E+10    3.919524050811673E+10
   645    7.865191756897261E+10   -3.944611117808101E+10
   646    7.863956860795789E+10   -3.919383488027072E+10
   647    7.865314124980574E+10   -3.944633552762753E+10
   648    7.864068037950392E+10   -3.919244902232478E+10
   649    7.865431851933293E+10    3.944660200011473E+10
   650    7.864171176374423E+10    3.919108608084127E+10
   651    7.865544260513084E+10    3.944691368558012E+10
   652    7.864265804946318E+10   -3.918974827221212E+10
   653    7.865650844010284E+10    3.944727281548095E+10
   654    7.864351626482010E+10    3.918843700657667E+10
   655    7.865751242996678E+10   -3.944768089002305E+10
   656    7.864428490346910E+10    3.918715301600823E+10
   657    7.865845221304755E+10    3.944813880640527E+10
   658    7.864496365471245E+10   -3.918589648056219E+10
   659    7.865932642418956E+10    3.944864698245786E+10
   660    7.864555314788165E+10   -3.918466714754224E+10
   661    7.866013447128668E+10    3.944920547182744E+10
   662    7.864605471778464E+10    3.918346444089948E+10
   663    7.866087633003247E+10    3.944981406829324E+10
   664    7.864647019525920E+10   -3.918228755896873E+10
   665    7.866155236011617E+10    3.945047239795084E+10
   666    7.864680172466273E+10    3.918113555975320E+10
   667    7.866216314424915E+10   -3.945117999887138E+10
   668    7.864705160849222E+10    3.918000743370641E+10
   669    7.866270935007750E+10   -3.945193638845802E+10
   670    7.864722217821078E+10    3.917890216445645E+10
   671    7.866319161415268E+10    3.945274111911514E+10
   672    7.864731568967168E+10    3.917781877821294E+10
   673    7.866361044662567E+10   -3.945359382305385E+10
   674    7.864733424120024E+10    3.917675638272978E+10
   675    7.866396615512244E+10    3.945449424712447E+10
   676    7.864727971233321E+10   -3.917571419670416E+10
   677    7.866425878628371E+10    3.945544227852383E+10
   678    7.864715372135725E+10   -3.917469157040786E+10
   679    7.866448808364917E+10    3.945643796210374E+10
   680    7.864695760006985E+10    3.917368799819598E+10
   681    7.866465346088213E+10    3.945748150983279E+10
   682    7.864669238456096E+10    3.917270312334718E+10
   683    7.866475398973253E+10   -3.945857330275495E+10
   684    7.864635882123918E+10   -3.917173673547101E+10
   685    7.866478840257809E+10    3.945971388556429E+10
   686    7.864595738777196E+10    3.917078876049371E+10
   687    7.866475510984819E+10    3.946090395368813E+10
   688    7.864548832904305E+10   -3.916985924301296E+10
   689    7.866465223308727E+10    3.946214433255687E+10
   690    7.864495170862592E+10    3.916894832061151E+10
   691    7.866447765482623E+10   -3.946343594855119E+10
   692    7.864434747659846E+10    3.916805618955515E+10
   693    7.866422908677330E+10    3.946477979097382E+10
   694    7.864367555474460E+10   -3.916718306118778E+10
   695    7.866390415806371E+10    3.946617686431406E+10
   696    7.864293594026642E+10   -3.916632910830209E+10
   697    7.866350052537813E+10    3.946762813008292E+10
   698    7.864212882901192E+10    3.916549440083009E+10
   699    7.866301600658902E+10   -3.946913443762408E+10
   700    7.864125475885703E+10   -3.916467883039772E+10
   701    7.866244873916338E+10   -3.947069644358298E+10
   702    7.864031477319916E+10   -3.916388202365337E+10
   703    7.866179736375771E+10    3.947231452017791E+10
   704    7.863931060347050E+10    3.916310324484381E+10
   705    7.866106123222343E+10   -3.947398865309372E+10
   706    7.863824486809816E+10    3.916234128890325E+10
   707    7.866024063753096E+10    3.947571833073656E+10
   708    7.863712128340163E+10    3.916159436735743E+10
   709    7.865933706088486E+10   -3.947750242775419E+10
   710    7.863594487952713E+10    3.916085999062013E+10
   711    7.865835342855449E+10   -3.947933908712282E+10
   712    7.863472221173227E+10   -3.916013485174215E+10
   713    7.865729436775395E+10   -3.948122560667469E+10
   714    7.863346155430511E+10   -3.915941471827993E+10
   715    7.865616644746225E+10    3.948315833758382E+10
   716    7.863217306136713E+10    3.915869434055276E+10
   717    7.865497838664560E+10    3.948513260387864E+10
   718    7.863086887612866E+10    3.915796738595997E+10
   719    7.865374120937111E+10   -3.948714265328622E+10
   720    7.862956316832210E+10   -3.915722640998281E+10
   721    7.865246832429369E+10   -3.948918165035564E+10
   722    7.862827207906674E+10   -3.915646287470784E+10
   723    7.865117550559111E+10    3.949124172255605E+10
   724    7.862701355393651E+10   -3.915566722487813E+10
   725    7.864988075423164E+10    3.949331406860193E+10
   726    7.862580704899976E+10    3.915482902934447E+10
   727    7.864860402301555E+10   -3.949538913540865E+10
   728    7.862467310143167E+10    3.915393719219647E+10
   729    7.864736679642490E+10    3.949745686574284E+10
   730    7.862363276595557E+10   -3.915298023282638E+10
   731    7.864619152684872E+10    3.949950701294350E+10
   732    7.862270693040405E+10   -3.915194662797768E+10
   733    7.864510094162505E+10    3.950152951244282E+10
   734    7.862191553711472E+10    3.915082520199083E+10
   735    7.864411724940152E+10    3.950351489288110E+10
   736    7.862127675020554E+10   -3.914960554476218E+10
   737    7.864326128790446E+10    3.950545470327591E+10
   738    7.862080612013272E+10   -3.914827843133841E+10
   739    7.864255166635422E+10   -3.950734192796970E+10
   740    7.862051580436983E+10   -3.914683621355559E+10
   741    7.864200396250156E+10   -3.950917135887615E+10
   742    7.862041390484727E+10    3.914527315351846E+10
   743    7.864163003500635E+10    3.951093989554415E+10
   744    7.862050397791206E+10    3.914358567146677E+10
   745    7.864143750580919E+10    3.951264674799731E+10
   746    7.862078476092566E+10   -3.914177248665463E+10
   747    7.864142945448981E+10    3.951429352487254E+10
   748    7.862125014223598E+10    3.913983463868704E+10
   749    7.864160434867007E+10   -3.951588419922982E+10
   750    7.862188938019078E+10    3.913777538723959E+10
   751    7.864195621356952E+10   -3.951742495526808E+10
   752    7.862268755484245E+10    3.913559999884906E+10
   753    7.864247502264767E+10    3.951892392960993E+10
   754    7.862362621597070E+10   -3.913331543906570E+10
   755    7.864314727269113E+10    3.952039086943816E+10
   756    7.862468417560617E+10   -3.913092999548438E+10
   757    7.864395669303726E+10    3.952183673554127E+10
   758    7.862583838414540E+10    3.912845286122745E+10
   759    7.864488503128813E+10    3.952327328072245E+10
   760    7.862706482708885E+10    3.912589370909075E+10
   761    7.864591285719897E+10    3.952471263306394E+10
   762    7.862833938397482E+10   -3.912326228407030E+10
   763    7.864702033172372E+10   -3.952616690973640E+10
   764    7.862963860088269E+10   -3.912056803706449E+10
   765    7.864818789801979E+10    3.952764788124485E+10
   766    7.863094034103461E+10   -3.911781981614057E+10
   767    7.864939686368237E+10    3.952916669920711E+10
   768    7.863222429248225E+10    3.911502562484756E+10
   769    7.865062985669447E+10   -3.953073369391291E+10
   770    7.863347232575835E+10    3.911219245052094E+10
   771    7.865187114993620E+10   -3.953235824178124E+10
   772    7.863466870631595E+10   -3.910932615998792E+10
   773    7.865310685941788E+10   -3.953404869792267E+10
   774    7.863580017569662E+10   -3.910643145591730E+10
   775    7.865432502907805E+10    3.953581238556210E+10
   776    7.863685592138373E+10    3.910351188436799E+10
   777    7.865551561985228E+10   -3.953765563208191E+10
   778    7.863782745834250E+10    3.910056988278299E+10
   779    7.865667042299777E+10    3.953958384073871E+10
   780    7.863870844577631E+10    3.909760685752259E+10
   781    7.865778291782300E+10   -3.954160158741577E+10
   782    7.863949446125407E+10    3.909462328073431E+10
   783    7.865884809256516E+10    3.954371273279537E+10
   784    7.864018275172105E+10   -3.909161879762212E+10
   785    7.865986224476491E+10    3.954592054177896E+10
   786    7.864077197758427E+10    3.908859233672810E+10
   787    7.866082277459346E+10   -3.954822780360263E+10
   788    7.864126196253839E+10    3.908554221746525E+10
   789    7.866172798159091E+10    3.955063694770515E+10
   790    7.864165345841925E+10    3.908246625068211E+10
   791    7.866257687245364E+10   -3.955315015187669E+10
   792    7.864194793136067E+10   -3.907936182940098E+10
   793    7.866336898503137E+10    3.955576944047813E+10
   794    7.864214737301048E+10    3.907622600800272E+10
   795    7.866410423165251E+10   -3.955849677154029E+10
   796    7.864225413856630E+10    3.907305556901768E+10
   797    7.866478276330394E+10    3.956133411233122E+10
   798    7.864227081190302E+10   -3.906984707733609E+10
   799    7.866540485502478E+10    3.956428350353805E+10
   800    7.864220009702635E+10    3.906659692209963E+10
   801    7.866597081208376E+10   -3.956734711257750E+10
   802    7.864204473443074E+10    3.906330134681163E+10
   803    7.866648089603145E+10    3.957052727676454E+10
   804    7.864180744058020E+10   -3.905995646834286E+10
   805    7.866693526948505E+10    3.957382653716416E+10
   806    7.864149086860262E+10    3.905655828554842E+10
   807    7.866733395845605E+10   -3.957724766396278E+10
   808    7.864109758831081E+10   -3.905310267817752E+10
   809    7.866767683110727E+10   -3.958079367415083E+10
   810    7.864063008378889E+10    3.904958539668182E+10
   811    7.866796359198222E+10   -3.958446784223253E+10
   812    7.864009076695297E+10    3.904600204342928E+10
   813    7.866819379093860E+10   -3.958827370459442E+10
   814    7.863948200567178E+10    3.904234804573116E+10
   815    7.866836684620982E+10    3.959221505808731E+10
   816    7.863880616518044E+10    3.903861862100349E+10
   817    7.866848208117245E+10   -3.959629595332464E+10
   818    7.863806566160838E+10    3.903480873432796E+10
   819    7.866853877449704E+10    3.960052068318597E+10
   820    7.863726302644876E+10   -3.903091304865977E+10
   821    7.866853622336610E+10    3.960489376705005E+10
   822    7.863640098069655E+10   -3.902692586796506E+10
   823    7.866847381934572E+10    3.960941993137762E+10
   824    7.863548251716328E+10    3.902284107366532E+10
   825    7.866835113626518E+10   -3.961410408742936E+10
   826    7.863451098912515E+10   -3.901865205492680E+10
   827    7.866816802907927E+10   -3.961895130714435E+10
   828    7.863349020297144E+10   -3.901435163356433E+10
   829    7.866792474215096E+10    3.962396679852187E+10
   830    7.863242451190375E+10    3.900993198462797E+10
   831    7.866762202469542E+10   -3.962915588223971E+10
   832    7.863131890700177E+10    3.900538455409902E+10
   833    7.866726125027884E+10    3.963452397169628E+10
   834    7.863017910116472E+10    3.900069997552387E+10
   835    7.866684453630312E+10   -3.964007655915957E+10
   836    7.862901160060556E+10    3.899586798783009E+10
   837    7.866637485837804E+10   -3.964581921121137E+10
   838    7.862782375780319E+10    3.899087735696014E+10
   839    7.866585615346620E+10    3.965175757714693E+10
   840    7.862662379920200E+10    3.898571580427244E+10
   841    7.866529340478607E+10   -3.965789741437075E+10
   842    7.862542082062003E+10    3.898036994483134E+10
   843    7.866469270080882E+10    3.966424463505192E+10
   844    7.862422474341124E+10    3.897482523866846E+10
   845    7.866406126042438E+10   -3.967080537829768E+10
   846    7.862304622507526E+10    3.896906595777209E+10
   847    7.866340741664044E+10   -3.967758611180357E+10
   848    7.862189651932382E+10    3.896307517088824E+10
   849    7.866274055214389E+10    3.968459376628887E+10
   850    7.862078728268715E+10    3.895683474714864E+10
   851    7.866207098179189E+10   -3.969183590500368E+10
   852    7.861973032757729E+10    3.895032537807023E+10
   853    7.866140977964183E+10   -3.969932092921111E+10
   854    7.861873732524028E+10    3.894352661562865E+10
   855    7.866076855140253E+10    3.970705831887539E+10
   856    7.861781946603418E+10   -3.893641692198474E+10
   857    7.866015915702089E+10    3.971505890594590E+10
   858    7.861698708866237E+10   -3.892897372418031E+10
   859    7.865959339221941E+10   -3.972333517580123E+10
   860    7.861624929396045E+10   -3.892117346490807E+10
   861    7.865908264177618E+10    3.973190159083061E+10
   862    7.861561356213254E+10    3.891299163851825E+10
   863    7.865863752074481E+10   -3.974077492902396E+10
   864    7.861508539446722E+10   -3.890440279997057E+10
   865    7.865826752218858E+10    3.974997463005025E+10
   866    7.861466800115048E+10    3.889538053365672E+10
   867    7.865798069096312E+10    3.975952314180910E+10
   868    7.861436205555772E+10   -3.888589736901340E+10
   869    7.865778334237221E+10    3.976944626194299E+10
   870    7.861416553229332E+10   -3.887592463063025E+10
   871    7.865767984207678E+10   -3.977977347129504E+10
   872    7.861407364142906E+10   -3.886543221201360E+10
   873    7.865767245962646E+10    3.979053825967474E+10
   874    7.861407886529057E+10    3.885438826407111E+10
   875    7.865776130277731E+10   -3.980177844834002E+10
   876    7.861417109734779E+10   -3.884275879140122E+10
   877    7.865794433390231E+10    3.981353651804536E+10
   878    7.861433787600652E+10    3.883050715122427E+10
   879    7.865821746393999E+10   -3.982585995605545E+10
   880    7.861456470008577E+10    3.881759345087199E+10
   881    7.865857471407722E+10    3.983880163993390E+10
   882    7.861483540812967E+10    3.880397383979393E+10
   883    7.865900843127980E+10    3.985242028003500E+10
   884    7.861513260087169E+10   -3.878959969073354E+10
   885    7.865950954122305E+10   -3.986678094643134E+10
   886    7.861543808535420E+10   -3.877441666184534E+10
   887    7.866006782129980E+10   -3.988195570963544E+10
   888    7.861573332033937E+10    3.875836362690980E+10
   889    7.866067217713712E+10    3.989802442821825E+10
   890    7.861599984547079E+10    3.874137145433160E+10
   891    7.866131090820361E+10    3.991507572074705E+10
   892    7.861621968071480E+10   -3.872336160714407E+10
   893    7.866197195127280E+10    3.993320816497352E+10
   894    7.861637568741574E+10   -3.870424452557076E+10
   895    7.866264309430489E+10    3.995253177466029E+10
   896    7.861645188730397E+10    3.868391774043788E+10
   897    7.866331215729985E+10   -3.997316981479108E+10
   898    7.861643374053352E+10    3.866226364925513E+10
   899    7.866396714048848E+10    3.999526103033920E+10
   900    7.861630838790329E+10    3.863914686609627E+10
   901    7.866459634356776E+10   -4.001896238378946E+10
   902    7.861606486556490E+10    3.861441103000523E+10
   903    7.866518846235339E+10   -4.004445242424102E+10
   904    7.861569430256955E+10    3.858787492231377E+10
   905    7.866573267107809E+10    4.007193544894699E+10
   906    7.861519011247510E+10   -3.855932769774525E+10
   907    7.866621869954390E+10    4.010164667052267E+10
   908    7.861454818989980E+10    3.852852297278502E+10
   909    7.866663691439864E+10    4.013385867548578E+10
   910    7.861376712139929E+10   -3.849517143060172E+10
   911    7.866697841292294E+10    4.016888956068716E+10
   912    7.861284841739479E+10    3.845893148453692E+10
   913    7.866723513585599E+10   -4.020711327611165E+10
   914    7.861179676816464E+10    3.841939737636552E+10
   915    7.866740000289598E+10    4.024897290455196E+10
   916    7.861062032224350E+10   -3.837608384747668E+10
   917    7.866746707054207E+10    4.029499790021882E+10
   918    7.860933098013266E+10    3.832840617390643E+10
   919    7.866743170683900E+10   -4.034582673572148E+10
   920    7.860794469034500E+10    3.827565384112501E+10
   921    7.866729077132077E+10   -4.040223704420910E+10
   922    7.860648172902513E+10    3.821695535656873E+10
   923    7.866704278105132E+10    4.046518631236761E+10
   924    7.860496693954205E+10    3.815123049946764E+10
   925    7.866668803516498E+10    4.053586768445553E+10
   926    7.860342990582869E+10   -3.807712442061024E+10
   927    7.866622866072220E+10   -4.061578782928030E+10
   928    7.860190503466249E+10    3.799291496114438E+10
   929    7.866566853175238E+10    4.070687772495777E+10
   930    7.860043153017397E+10    3.789637951574504E+10
   931    7.866501300004242E+10    4.081165377433347E+10
   932    7.859905326246457E+10   -3.778459914790373E+10
   933    7.866426835782201E+10    4.093345805198717E+10
   934    7.859781856729852E+10    3.765366242132858E+10
   935    7.866344092242589E+10   -4.107682701193854E+10
   936    7.859678007583794E+10   -3.749820335087686E+10
   937    7.866253557642654E+10    4.124807661015231E+10
   938    7.859599478279393E+10    3.731065378317685E+10
   939    7.866155347993134E+10    4.145626818115663E+10
   940    7.859552476290378E+10   -3.707998044098767E+10
   941    7.866048841574425E+10    4.171487959844404E+10
   942    7.859543934633769E+10    3.678943796350218E+10
   943    7.865932063508437E+10   -4.204486668485815E+10
   944    7.859582044167101E+10    3.641230863033287E+10
   945    7.865800559841103E+10   -4.248068388336407E+10
   946    7.859677484486006E+10    3.590314945438251E+10
   947    7.865645097215677E+10    4.308325033413657E+10
   948    7.859846334591284E+10   -3.517781777443677E+10
   949    7.865446257502519E+10   -4.397146577158078E+10
   950    7.860117582254437E+10   -3.406080267416658E+10
   951    7.865159151191768E+10    4.541310745375539E+10
   952    7.860555901319429E+10    3.211295832830757E+10
   953    7.864656279567062E+10   -4.816698178975773E+10
   954    7.861352995642169E+10   -2.781151266062696E+10
   955    7.863362140758517E+10   -5.561554546978029E+10
   956    7.863467036996854E+10   -6.144333324291579E+08
   957    2.560000000000000E+07    0.000000000000000E+00
